              1         10.970         82.616       0.882779       0.799710
              2         22.179         83.638       0.790400       0.799710
              3         21.860         89.696       0.804046       0.799710
              4         15.959         88.764       0.847607       0.799710
              5         18.236         65.875       0.783187       0.799710
              6         21.268         77.450       0.784556       0.799710
              7         20.527         82.161       0.800099       0.799710
              8         20.501         80.863       0.797752       0.799710
              9         18.142         87.856       0.828841       0.799710
             10         22.579         82.963       0.786063       0.799710
             11         16.378         90.653       0.846978       0.799710
             12         21.062         81.278       0.794198       0.799710
             13         15.541         86.404       0.847551       0.799710
             14         20.372         82.968       0.802867       0.799710
             15         20.450         69.830       0.773483       0.799710
             16         21.044         66.783       0.760394       0.799710
             17         14.153         95.458       0.870882       0.799710
             18         13.137         72.758       0.847060       0.799710
             19         17.785         87.616       0.831261       0.799710
             20         23.363         82.819       0.779971       0.799710
             21         19.112         76.354       0.799804       0.799710
             22         20.601         71.989       0.777507       0.799710
             23         19.799         86.432       0.813624       0.799710
             24         17.498         68.670       0.796935       0.799710
             25         19.413         78.296       0.801316       0.799710
             26         16.582         69.645       0.807692       0.799710
             27         16.054         87.869       0.845521       0.799710
             28         20.973         78.373       0.788889       0.799710
             29         10.900         75.652       0.874066       0.799710
             30         19.661         87.907       0.817221       0.799710
             31         20.523        100.262       0.830087       0.799710
             32         13.997         62.792       0.817725       0.799710
             33         12.284         95.169       0.885684       0.799710
             34         15.313         98.264       0.865173       0.799710
             35         19.419         86.754       0.817102       0.799710
             36         20.538         98.526       0.827507       0.799710
             37         20.493         74.876       0.785119       0.799710
             38         17.200         85.221       0.832069       0.799710
             39         19.644         86.744       0.815355       0.799710
             40         22.202         76.670       0.775448       0.799710
             41         22.900         80.932       0.779455       0.799710
             42         16.853         91.851       0.844964       0.799710
             43         22.620         67.750       0.749695       0.799710
             44         17.455         84.989       0.829612       0.799710
             45         18.206         81.748       0.817860       0.799710
             46         11.583         70.215       0.858396       0.799710
             47         20.091         76.211       0.791379       0.799710
             48         26.331         63.994       0.708486       0.799710
             49         21.684         77.822       0.782085       0.799710
             50         23.958         76.816       0.762258       0.799710
             51         18.017         69.449       0.794014       0.799710
             52         22.650         65.370       0.742674       0.799710
             53         20.410         77.019       0.790516       0.799710
             54         12.070         87.471       0.878740       0.799710
             55         22.208         70.129       0.759491       0.799710
             56         29.804         73.934       0.712696       0.799710
             57         25.640         73.879       0.742363       0.799710
             58         16.732         96.659       0.852439       0.799710
             59         25.779         87.953       0.773337       0.799710
             60         24.582         82.953       0.771404       0.799710
             61         24.333         77.658       0.761423       0.799710
             62         21.155         83.486       0.797835       0.799710
             63         17.776         85.213       0.827396       0.799710
             64         20.713         82.968       0.800225       0.799710
             65         24.830         74.926       0.751093       0.799710
             66         31.781         66.469       0.676531       0.799710
             67         20.394         91.460       0.817671       0.799710
             68         12.858         76.943       0.856815       0.799710
             69         24.137         80.260       0.768796       0.799710
             70         17.925         90.773       0.835093       0.799710
             71         23.972         92.904       0.794897       0.799710
             72         27.825         82.603       0.748026       0.799710
             73         22.249         75.199       0.771680       0.799710
             74         24.345         85.935       0.779244       0.799710
             75         21.021         70.351       0.769941       0.799710
             76         20.561         95.259       0.822476       0.799710
             77         23.188         82.741       0.781098       0.799710
             78         25.404         77.232       0.752481       0.799710
             79         17.324         84.946       0.830609       0.799710
             80         14.577         64.593       0.815881       0.799710
             81         18.066         75.416       0.806748       0.799710
             82         23.464         77.537       0.767685       0.799710
             83         20.175         87.179       0.812071       0.799710
             84         20.973         91.087       0.812841       0.799710
             85         19.914         97.290       0.830091       0.799710
             86         24.261         81.661       0.770950       0.799710
             87         27.843         74.235       0.727235       0.799710
             88         25.617         75.430       0.746483       0.799710
             89         22.263         91.692       0.804631       0.799710
             90         19.113         82.290       0.811517       0.799710
             91         17.044         65.505       0.793530       0.799710
             92         15.004         74.677       0.832698       0.799710
             93         20.440         73.889       0.783309       0.799710
             94         20.976         62.103       0.747522       0.799710
             95         17.538         74.143       0.808706       0.799710
             96         17.334         82.608       0.826559       0.799710
             97         17.585         76.895       0.813877       0.799710
             98         16.135         77.898       0.828413       0.799710
             99         26.711         68.660       0.719923       0.799710
            100         20.279         61.610       0.752355       0.799710
            101         19.740         76.338       0.794543       0.799710
            102         17.601         91.126       0.838119       0.799710
            103         24.297         85.581       0.778873       0.799710
            104         23.464         85.461       0.784586       0.799710
            105         23.599         65.667       0.735636       0.799710
            106         17.414         84.078       0.828419       0.799710
            107         26.654         70.638       0.726039       0.799710
            108         15.292         73.353       0.827493       0.799710
            109         18.216         77.451       0.809589       0.799710
            110         20.050         76.592       0.792531       0.799710
            111         12.038         86.251       0.877521       0.799710
            112         17.233         73.899       0.810902       0.799710
            113         33.726         93.287       0.734468       0.799710
            114         15.118         88.534       0.854149       0.799710
            115         10.800         82.351       0.884063       0.799710
            116         13.322         78.250       0.854524       0.799710
            117         19.723         84.548       0.810848       0.799710
            118         21.781         66.109       0.752176       0.799710
            119         25.029         71.777       0.741451       0.799710
            120         16.309         82.507       0.834959       0.799710
            121         30.622         78.341       0.718969       0.799710
            122         12.299         80.773       0.867860       0.799710
            123         14.659         69.903       0.826653       0.799710
            124         22.458         77.010       0.774218       0.799710
            125         16.750         71.359       0.809893       0.799710
            126         22.888         61.319       0.728193       0.799710
            127         15.403         75.360       0.830299       0.799710
            128         14.721         79.765       0.844197       0.799710
            129         26.197         73.676       0.737695       0.799710
            130         18.158         88.762       0.830170       0.799710
            131         26.199         65.441       0.714108       0.799710
            132         25.110         66.000       0.724395       0.799710
            133         16.538         73.085       0.815469       0.799710
            134         17.102         86.241       0.834516       0.799710
            135         24.601         82.102       0.769445       0.799710
            136         20.171         78.990       0.796586       0.799710
            137         16.656         92.225       0.847025       0.799710
            138         11.912         82.812       0.874246       0.799710
            139         25.507         86.848       0.772977       0.799710
            140         28.012         82.664       0.746904       0.799710
            141         20.467         86.024       0.807806       0.799710
            142         29.022         68.447       0.702243       0.799710
            143         18.337         87.259       0.826352       0.799710
            144         18.238         78.643       0.811746       0.799710
            145         23.985         55.024       0.696428       0.799710
            146         20.522         67.344       0.766441       0.799710
            147         20.954         80.442       0.793348       0.799710
            148         26.473         81.084       0.753870       0.799710
            149         23.498         81.846       0.776939       0.799710
            150         14.569         84.281       0.852613       0.799710
            151         22.029         70.835       0.762784       0.799710
            152         19.742         76.187       0.794201       0.799710
            153         20.332         68.168       0.770257       0.799710
            154         25.463         80.076       0.758733       0.799710
            155         24.545         91.017       0.787602       0.799710
            156         16.617         88.296       0.841614       0.799710
            157         11.529         79.041       0.872709       0.799710
            158         18.185         82.828       0.819973       0.799710
            159         11.399         78.111       0.872650       0.799710
            160         19.583         93.144       0.826281       0.799710
            161         27.296         73.018       0.727895       0.799710
            162         21.891         78.493       0.781931       0.799710
            163         18.649         79.561       0.810114       0.799710
            164         26.654         76.446       0.741475       0.799710
            165         14.122         71.575       0.835214       0.799710
            166         21.038         75.622       0.782348       0.799710
            167         18.259         74.262       0.802652       0.799710
            168         22.967         86.357       0.789914       0.799710
            169         28.159         85.811       0.752927       0.799710
            170         18.981         90.098       0.825989       0.799710
            171         24.358         77.712       0.761357       0.799710
            172         24.137         87.431       0.783658       0.799710
            173         17.997         90.462       0.834068       0.799710
            174         25.140         80.599       0.762247       0.799710
            175         12.798         68.788       0.843139       0.799710
            176         29.169         74.731       0.719258       0.799710
            177         24.277         74.583       0.754427       0.799710
            178         18.814         69.904       0.787934       0.799710
            179         16.697         80.048       0.827416       0.799710
            180         14.013         86.514       0.860602       0.799710
            181          8.206         93.512       0.919324       0.799710
            182         20.282         74.148       0.785219       0.799710
            183         12.807         82.282       0.865313       0.799710
            184         19.691         74.953       0.791949       0.799710
            185         20.491         73.839       0.782774       0.799710
            186         26.923         85.175       0.759827       0.799710
            187         23.488         77.565       0.767570       0.799710
            188         11.864         66.979       0.849527       0.799710
            189         22.394         75.171       0.770472       0.799710
            190         21.621         75.071       0.776390       0.799710
            191         19.275         80.032       0.805904       0.799710
            192         23.404         82.258       0.778499       0.799710
            193         25.111         85.401       0.772775       0.799710
            194         19.596         89.194       0.819872       0.799710
            195         21.235         83.198       0.796661       0.799710
            196         19.361         83.967       0.812629       0.799710
            197         20.930         71.855       0.774427       0.799710
            198         19.225         87.830       0.820421       0.799710
            199         18.459         76.894       0.806417       0.799710
            200         17.404         79.517       0.820434       0.799710
            201         15.441         79.089       0.836660       0.799710
            202         20.733         74.994       0.783416       0.799710
            203         23.034         84.473       0.785747       0.799710
            204         22.691         95.865       0.808604       0.799710
            205         14.962         74.546       0.832843       0.799710
            206         17.063         98.136       0.851883       0.799710
            207         17.207         77.867       0.819013       0.799710
            208         15.275         66.042       0.812153       0.799710
            209         19.351         69.149       0.781346       0.799710
            210         21.197         70.226       0.768146       0.799710
            211         20.579         64.995       0.759517       0.799710
            212         17.620         75.153       0.810077       0.799710
            213         24.550         86.674       0.779277       0.799710
            214         21.525         88.684       0.804690       0.799710
            215         15.266         96.575       0.863500       0.799710
            216         13.300         94.857       0.877031       0.799710
            217         16.642         82.166       0.831569       0.799710
            218         20.125         78.120       0.795151       0.799710
            219         18.490         84.051       0.819681       0.799710
            220         21.243         74.845       0.778923       0.799710
            221         14.862         91.447       0.860202       0.799710
            222         20.009         77.093       0.793936       0.799710
            223         12.738         72.168       0.849974       0.799710
            224         21.729         78.740       0.783728       0.799710
            225         13.242         85.242       0.865542       0.799710
            226         22.194         90.033       0.802241       0.799710
            227         20.483         76.594       0.789006       0.799710
            228         24.516         89.983       0.785882       0.799710
            229         23.608         79.453       0.770933       0.799710
            230         23.060         86.172       0.788889       0.799710
            231         21.124         71.612       0.772217       0.799710
            232         22.925         65.044       0.739395       0.799710
            233         16.849         85.399       0.835211       0.799710
            234         13.991         75.054       0.842879       0.799710
            235         21.921         70.808       0.763605       0.799710
            236         10.741         89.725       0.893092       0.799710
            237         14.502         86.525       0.856454       0.799710
            238         18.497         68.238       0.786740       0.799710
            239         16.561         82.988       0.833640       0.799710
            240         25.079         72.901       0.744042       0.799710
            241         23.179         67.140       0.743367       0.799710
            242         21.947         93.330       0.809616       0.799710
            243         19.738         70.154       0.780423       0.799710
            244         28.380         72.976       0.719993       0.799710
            245          9.263         82.828       0.899418       0.799710
            246         27.601         70.713       0.719257       0.799710
            247         20.508         60.795       0.747763       0.799710
            248         19.103         71.881       0.790041       0.799710
            249         19.035         79.189       0.806207       0.799710
            250         20.130         65.718       0.765513       0.799710
            251         23.464         67.878       0.743118       0.799710
            252         12.336         84.139       0.872134       0.799710
            253         18.298         82.522       0.818507       0.799710
            254         16.316         75.589       0.822468       0.799710
            255         16.319         84.838       0.838676       0.799710
            256         15.327         80.905       0.840727       0.799710
            257         19.574         85.230       0.813237       0.799710
            258         20.464         87.618       0.810661       0.799710
            259         21.768         81.149       0.788492       0.799710
            260         14.213         77.648       0.845277       0.799710
            261         20.720         75.618       0.784927       0.799710
            262         18.881         85.607       0.819304       0.799710
            263         19.264         88.892       0.821889       0.799710
            264         20.076         73.930       0.786440       0.799710
            265         23.803         74.581       0.758064       0.799710
            266         13.189         69.605       0.840700       0.799710
            267         23.167         69.080       0.748859       0.799710
            268         17.338         69.897       0.801249       0.799710
            269         20.059         75.704       0.790539       0.799710
            270         11.146         85.897       0.885139       0.799710
            271         22.115         73.760       0.769335       0.799710
            272         15.214         80.451       0.840965       0.799710
            273         26.850         90.568       0.771329       0.799710
            274         20.072         77.075       0.793383       0.799710
            275         20.612         81.634       0.798405       0.799710
            276         27.816         74.100       0.727069       0.799710
            277         17.837         65.301       0.785454       0.799710
            278         20.365         83.102       0.803174       0.799710
            279         22.866         70.916       0.756181       0.799710
            280         15.638         81.063       0.838288       0.799710
            281         27.214         81.638       0.749990       0.799710
            282         17.052         67.488       0.798293       0.799710
            283         24.302         85.651       0.778981       0.799710
            284         24.626         85.680       0.776745       0.799710
            285         14.293         84.205       0.854894       0.799710
            286         23.308         82.232       0.779153       0.799710
            287         19.224         84.041       0.813842       0.799710
            288         23.209         76.492       0.767212       0.799710
            289         26.399         80.704       0.753520       0.799710
            290         25.305         56.511       0.690707       0.799710
            291         20.161         81.192       0.801080       0.799710
            292         12.069         83.903       0.874246       0.799710
            293         18.372         70.164       0.792489       0.799710
            294         15.594         75.511       0.828832       0.799710
            295         19.269         92.030       0.826875       0.799710
            296         11.857         79.698       0.870489       0.799710
            297         20.490         81.436       0.798970       0.799710
            298         15.429         82.782       0.842902       0.799710
            299         19.133         87.930       0.821289       0.799710
            300         18.400         90.629       0.831241       0.799710
            301         23.097         94.984       0.804396       0.799710
            302         20.936         74.542       0.780725       0.799710
            303         20.414         57.793       0.738977       0.799710
            304         31.200         77.137       0.712010       0.799710
            305         14.270        103.298       0.878621       0.799710
            306         22.525         89.865       0.799584       0.799710
            307         14.374         89.028       0.860988       0.799710
            308         22.181         78.244       0.779125       0.799710
            309         22.287         80.761       0.783726       0.799710
            310         24.925         68.092       0.732036       0.799710
            311         28.531         75.117       0.724736       0.799710
            312         11.306         88.019       0.886172       0.799710
            313         27.240         76.675       0.737860       0.799710
            314         23.001         72.291       0.758627       0.799710
            315         17.586         76.011       0.812106       0.799710
            316         20.239         72.375       0.781466       0.799710
            317         14.010         59.987       0.810665       0.799710
            318         26.022         74.381       0.740823       0.799710
            319         23.821         94.731       0.799069       0.799710
            320         15.855         74.688       0.824889       0.799710
            321         22.532         85.177       0.790806       0.799710
            322         17.068         61.714       0.783348       0.799710
            323         18.143         79.276       0.813766       0.799710
            324         21.547         62.057       0.742274       0.799710
            325         20.123         70.018       0.776763       0.799710
            326         24.442         81.380       0.769030       0.799710
            327         14.618         77.964       0.842108       0.799710
            328         25.207         88.766       0.778836       0.799710
            329         21.819         80.402       0.786549       0.799710
            330         22.323         78.776       0.779198       0.799710
            331         20.379         84.089       0.804923       0.799710
            332         19.172         72.976       0.791942       0.799710
            333         19.226         67.818       0.779126       0.799710
            334         15.350         79.874       0.838804       0.799710
            335         18.001         87.053       0.828647       0.799710
            336         17.966         71.112       0.798311       0.799710
            337         21.335         77.307       0.783710       0.799710
            338         23.940         53.289       0.690013       0.799710
            339         21.344         78.054       0.785264       0.799710
            340         20.394         85.174       0.806816       0.799710
            341         16.392         86.214       0.840247       0.799710
            342         37.913         72.477       0.656552       0.799710
            343         11.931         72.398       0.858523       0.799710
            344         15.289         69.894       0.820519       0.799710
            345         25.311         81.199       0.762361       0.799710
            346         20.791         84.084       0.801754       0.799710
            347         24.432         82.168       0.770803       0.799710
            348         20.981         82.283       0.796825       0.799710
            349         17.644         58.987       0.769751       0.799710
            350         20.762         90.367       0.813175       0.799710
            351         19.948         84.822       0.809600       0.799710
            352         18.942         77.550       0.803696       0.799710
            353          8.231         82.863       0.909644       0.799710
            354         22.516         80.754       0.781974       0.799710
            355         22.880         74.315       0.764593       0.799710
            356         24.615         86.581       0.778633       0.799710
            357          6.381         89.088       0.933163       0.799710
            358         18.161         92.803       0.836331       0.799710
            359         26.263         83.010       0.759654       0.799710
            360         21.862         69.207       0.759939       0.799710
            361         20.703         82.207       0.798828       0.799710
            362         21.360         84.357       0.797954       0.799710
            363         17.337         82.448       0.826257       0.799710
            364         17.369         66.410       0.792683       0.799710
            365         22.505         80.817       0.782188       0.799710
            366         13.814         78.008       0.849556       0.799710
            367         22.211         87.127       0.796862       0.799710
            368         28.987         68.159       0.701612       0.799710
            369         21.945         60.282       0.733121       0.799710
            370         20.169         82.185       0.802952       0.799710
            371         16.823         85.627       0.835796       0.799710
            372         17.591         70.221       0.799669       0.799710
            373         19.100         86.638       0.819364       0.799710
            374         26.107         84.144       0.763202       0.799710
            375         18.734         93.302       0.832788       0.799710
            376         16.910         84.784       0.833720       0.799710
            377         13.667         78.383       0.851528       0.799710
            378         23.678         79.544       0.770611       0.799710
            379         18.973         98.469       0.838444       0.799710
            380         14.533         77.796       0.842595       0.799710
            381         21.697         73.329       0.771676       0.799710
            382         14.628         84.551       0.852507       0.799710
            383         16.283         78.388       0.828001       0.799710
            384         10.828         86.555       0.888814       0.799710
            385         14.856         94.965       0.864723       0.799710
            386         18.835         86.385       0.820993       0.799710
            387         24.284         78.931       0.764724       0.799710
            388         13.816         70.999       0.837104       0.799710
            389         20.498         77.687       0.791227       0.799710
            390         24.764         78.603       0.760428       0.799710
            391         20.936         79.730       0.792026       0.799710
            392         23.302         72.049       0.755617       0.799710
            393         26.067         90.038       0.775489       0.799710
            394         22.562         69.945       0.756103       0.799710
            395         23.642         82.061       0.776334       0.799710
            396         32.120         79.342       0.711832       0.799710
            397         19.490         82.667       0.809216       0.799710
            398         18.806         85.385       0.819507       0.799710
            399         24.893         86.991       0.777511       0.799710
            400         17.445         76.801       0.814895       0.799710
            401         20.330         68.950       0.772285       0.799710
            402         19.694         82.648       0.807570       0.799710
            403         23.116         61.797       0.727772       0.799710
            404         18.659         84.635       0.819357       0.799710
            405         17.851         71.150       0.799431       0.799710
            406         14.690         72.358       0.831241       0.799710
            407         22.318         96.473       0.812125       0.799710
            408         20.389         78.608       0.794040       0.799710
            409         22.703         90.281       0.799060       0.799710
            410         20.408         72.935       0.781363       0.799710
            411         25.571         72.786       0.740022       0.799710
            412         19.988         78.227       0.796487       0.799710
            413         16.449         90.448       0.846122       0.799710
            414         26.832         71.011       0.725761       0.799710
            415         27.384         97.607       0.780910       0.799710
            416         16.097         65.791       0.803429       0.799710
            417         14.794        102.901       0.874303       0.799710
            418         21.486         95.080       0.815675       0.799710
            419         17.664         83.814       0.825934       0.799710
            420         18.554        103.807       0.848366       0.799710
            421         20.355         71.213       0.777709       0.799710
            422         12.143         80.558       0.869012       0.799710
            423         18.555         81.766       0.815044       0.799710
            424         17.183         82.515       0.827648       0.799710
            425         13.158         79.471       0.857954       0.799710
            426         24.786         88.826       0.781840       0.799710
            427         16.490         85.549       0.838398       0.799710
            428         15.379         70.495       0.820912       0.799710
            429         21.826         78.648       0.782769       0.799710
            430         20.899         83.577       0.799964       0.799710
            431         19.888         80.196       0.801284       0.799710
            432         29.949         93.394       0.757190       0.799710
            433         23.623         92.212       0.796063       0.799710
            434         20.772         94.180       0.819297       0.799710
            435         12.035         70.689       0.854521       0.799710
            436         18.780         84.252       0.817729       0.799710
            437         13.638         81.428       0.856541       0.799710
            438         16.549         81.402       0.831044       0.799710
            439         22.517         76.316       0.772171       0.799710
            440         19.579         86.050       0.814641       0.799710
            441         25.550        113.620       0.816410       0.799710
            442         22.064         75.080       0.772872       0.799710
            443         17.779         69.835       0.797076       0.799710
            444         24.839         83.141       0.769965       0.799710
            445         16.749         68.162       0.802743       0.799710
            446         14.762         73.150       0.832085       0.799710
            447         14.497         63.787       0.814811       0.799710
            448         26.018         84.632       0.764861       0.799710
            449         14.896         77.186       0.838232       0.799710
            450         16.567         62.031       0.789215       0.799710
            451         21.900         77.501       0.779681       0.799710
            452         17.887         82.971       0.822655       0.799710
            453         21.188         80.864       0.792383       0.799710
            454         16.960         80.865       0.826630       0.799710
            455         23.558         68.634       0.744466       0.799710
            456         13.395         73.885       0.846532       0.799710
            457         19.721         81.756       0.805659       0.799710
            458         16.815         84.753       0.834444       0.799710
            459         19.412         87.767       0.818883       0.799710
            460         22.189         58.311       0.724360       0.799710
            461         18.632         93.526       0.833877       0.799710
            462         27.549         81.682       0.747788       0.799710
            463         21.064         98.580       0.823948       0.799710
            464         21.510         65.515       0.752833       0.799710
            465         26.527         78.009       0.746242       0.799710
            466         18.264         75.995       0.806233       0.799710
            467         16.401        105.846       0.865839       0.799710
            468         15.483         79.494       0.836984       0.799710
            469         15.850         83.180       0.839947       0.799710
            470         31.031         92.743       0.749294       0.799710
            471         15.768         74.285       0.824901       0.799710
            472         24.345         90.344       0.787728       0.799710
            473         15.488         78.975       0.836042       0.799710
            474         25.628         92.093       0.782297       0.799710
            475         18.677         75.361       0.801393       0.799710
            476         16.176         62.720       0.794973       0.799710
            477         22.818         78.515       0.774821       0.799710
            478         20.446         70.783       0.775885       0.799710
            479         20.581         92.827       0.818524       0.799710
            480         25.396         89.550       0.779061       0.799710
            481         29.617         74.721       0.716143       0.799710
            482         19.994         84.626       0.808886       0.799710
            483         13.775         75.673       0.846002       0.799710
            484         22.875         72.727       0.760726       0.799710
            485         18.258         82.065       0.818003       0.799710
            486         17.790         77.767       0.813826       0.799710
            487         20.335         75.022       0.786749       0.799710
            488         25.549         73.412       0.741831       0.799710
            489         26.687         71.418       0.727973       0.799710
            490         15.525         71.384       0.821362       0.799710
            491         15.492         85.738       0.846960       0.799710
            492         19.817         78.150       0.797716       0.799710
            493         22.166         88.974       0.800560       0.799710
            494         18.807         74.035       0.797429       0.799710
            495         26.492         80.572       0.752558       0.799710
            496         26.072         81.379       0.757356       0.799710
            497         19.812         91.144       0.821440       0.799710
            498         24.006         83.008       0.775671       0.799710
            499         26.611         71.319       0.728266       0.799710
            500         23.767         69.479       0.745112       0.799710
            501         16.611         74.958       0.818598       0.799710
            502         15.657         96.375       0.860249       0.799710
            503         14.261         90.549       0.863932       0.799710
            504         10.637         93.334       0.897694       0.799710
            505         24.622         66.625       0.730161       0.799710
            506         18.174         84.536       0.823052       0.799710
            507         10.596         75.695       0.877208       0.799710
            508         21.575         84.552       0.796708       0.799710
            509         25.947         76.170       0.745912       0.799710
            510         20.540         64.381       0.758131       0.799710
            511         18.240         96.063       0.840428       0.799710
            512         19.863         70.906       0.781167       0.799710
            513         22.961         85.050       0.787417       0.799710
            514         17.680         80.747       0.820373       0.799710
            515         19.278         67.669       0.778277       0.799710
            516         19.523         84.605       0.812509       0.799710
            517         24.365         98.599       0.801855       0.799710
            518         16.233         86.208       0.841541       0.799710
            519         22.009         85.993       0.796218       0.799710
            520         20.123         97.229       0.828527       0.799710
            521         17.535         88.595       0.834777       0.799710
            522         28.629         78.093       0.731741       0.799710
            523         15.567         81.490       0.839610       0.799710
            524         19.291         83.474       0.812277       0.799710
            525         23.651         70.983       0.750076       0.799710
            526         22.735         82.465       0.783886       0.799710
            527         23.841         71.486       0.749900       0.799710
            528         22.302         74.679       0.770037       0.799710
            529         13.294         69.294       0.839033       0.799710
            530         20.975         78.768       0.789711       0.799710
            531         13.977         78.214       0.848392       0.799710
            532         14.517         75.470       0.838678       0.799710
            533         22.331         84.567       0.791103       0.799710
            534         23.816         91.883       0.794156       0.799710
            535         32.622         79.561       0.709207       0.799710
            536         24.326         71.703       0.746680       0.799710
            537         16.571         76.902       0.822717       0.799710
            538         20.860         80.329       0.793849       0.799710
            539         18.209         64.959       0.781060       0.799710
            540         17.055         75.573       0.815876       0.799710
            541         22.430         76.874       0.774128       0.799710
            542         14.912         65.456       0.814453       0.799710
            543          9.982         72.957       0.879645       0.799710
            544         17.504         59.727       0.773352       0.799710
            545         35.212         77.610       0.687901       0.700938
            546         33.138         60.599       0.646478       0.700938
            547         31.438         61.739       0.662599       0.700938
            548         31.039         72.456       0.700089       0.700938
            549         32.436         74.832       0.697619       0.700938
            550         35.860         69.396       0.659308       0.700938
            551         29.445         57.770       0.662389       0.700938
            552         24.130         84.125       0.777099       0.700938
            553         38.215         74.276       0.660282       0.700938
            554         27.112         77.311       0.740367       0.700938
            555         22.826         71.205       0.757252       0.700938
            556         36.194         76.415       0.678586       0.700938
            557         27.419         65.112       0.703674       0.700938
            558         24.467         64.793       0.725887       0.700938
            559         24.564         74.702       0.752546       0.700938
            560         35.236         69.313       0.662970       0.700938
            561         32.324         62.610       0.659510       0.700938
            562         27.011         78.027       0.742847       0.700938
            563         26.493         71.363       0.729267       0.700938
            564         34.453         77.502       0.692263       0.700938
            565         30.745         63.698       0.674459       0.700938
            566         26.254         78.319       0.748944       0.700938
            567         28.913         57.538       0.665557       0.700938
            568         33.110         73.416       0.689187       0.700938
            569         24.050         72.852       0.751807       0.700938
            570         33.585         74.806       0.690148       0.700938
            571         28.704         72.889       0.717464       0.700938
            572         39.263         74.905       0.656097       0.700938
            573         29.114         63.845       0.686811       0.700938
            574         26.333         61.943       0.701695       0.700938
            575         30.449         78.865       0.721454       0.700938
            576         29.016         70.182       0.707492       0.700938
            577         23.073         72.561       0.758738       0.700938
            578         24.300         72.887       0.749968       0.700938
            579         29.223         65.904       0.692796       0.700938
            580         19.948         65.883       0.767591       0.700938
            581         27.819         78.307       0.737868       0.700938
            582         22.304         67.082       0.750472       0.700938
            583         38.934         70.846       0.645347       0.700938
            584         34.231         67.910       0.664864       0.700938
            585         32.289         61.430       0.655468       0.700938
            586         26.587         69.660       0.723760       0.700938
            587         23.049         63.669       0.734208       0.700938
            588         30.998         73.001       0.701936       0.700938
            589         21.977         60.730       0.734276       0.700938
            590         26.934         68.688       0.718329       0.700938
            591         32.943         65.116       0.664053       0.700938
            592         24.086         48.604       0.668641       0.700938
            593         34.128         59.089       0.633890       0.700938
            594         37.856         81.903       0.683897       0.700938
            595         25.996         67.682       0.722493       0.700938
            596         29.869         70.255       0.701680       0.700938
            597         23.820         65.854       0.734373       0.700938
            598         41.307         64.440       0.609380       0.700938
            599         31.792         69.159       0.685074       0.700938
            600         20.684         68.452       0.767951       0.700938
            601         32.085         68.232       0.680165       0.700938
            602         29.008         75.579       0.722643       0.700938
            603         28.708         62.245       0.684364       0.700938
            604         28.130         67.043       0.704433       0.700938
            605         26.830         76.891       0.741326       0.700938
            606         40.351         74.274       0.647975       0.700938
            607         30.660         70.154       0.695872       0.700938
            608         25.966         74.459       0.741439       0.700938
            609         31.411         77.009       0.710287       0.700938
            610         29.110         80.434       0.734265       0.700938
            611         29.587         58.800       0.665256       0.700938
            612         40.227         65.684       0.620185       0.700938
            613          9.999         78.229       0.886670       0.700938
            614         35.546         75.078       0.678676       0.700938
            615         36.882         76.507       0.674731       0.700938
            616         33.344         73.744       0.688628       0.700938
            617         26.015         57.529       0.688610       0.700938
            618         30.971         69.132       0.690607       0.700938
            619         26.006         70.789       0.731327       0.700938
            620         30.702         78.962       0.720038       0.700938
            621         34.412         73.123       0.679990       0.700938
            622         34.103         63.715       0.651366       0.700938
            623         23.456         59.136       0.716001       0.700938
            624         32.563         71.101       0.685875       0.700938
            625         33.374         71.746       0.682519       0.700938
            626         35.219         80.465       0.695557       0.700938
            627         33.829         58.776       0.634698       0.700938
            628         36.212         90.040       0.713177       0.700938
            629         19.489         68.121       0.777546       0.700938
            630         34.053         74.536       0.686403       0.700938
            631         33.469         66.919       0.666601       0.700938
            632         30.840         61.102       0.664573       0.700938
            633         31.257         71.769       0.696608       0.700938
            634         31.097         78.926       0.717360       0.700938
            635         31.429         49.832       0.613234       0.700938
            636         23.797         89.789       0.790493       0.700938
            637         36.303         70.987       0.661640       0.700938
            638         34.059         67.482       0.664579       0.700938
            639         19.867         78.910       0.798872       0.700938
            640         22.417         70.533       0.758830       0.700938
            641         29.474         67.452       0.695914       0.700938
            642         36.122         70.554       0.661382       0.700938
            643         33.372         65.083       0.661042       0.700938
            644         33.141         73.179       0.688293       0.700938
            645         30.200         60.683       0.667703       0.700938
            646         27.144         73.078       0.729161       0.700938
            647         43.867         70.025       0.614835       0.700938
            648         30.270         72.134       0.704408       0.700938
            649         39.833         59.517       0.599062       0.700938
            650         30.857         58.790       0.655794       0.700938
            651         28.824         69.662       0.707329       0.700938
            652         34.180         88.461       0.721297       0.700938
            653         36.401         76.043       0.676273       0.700938
            654         26.215         76.073       0.743714       0.700938
            655         35.011         58.319       0.624870       0.700938
            656         31.244         66.797       0.681320       0.700938
            657         35.322         63.120       0.641189       0.700938
            658         30.925         70.192       0.694166       0.700938
            659         31.592         69.454       0.687350       0.700938
            660         22.564         70.955       0.758718       0.700938
            661         37.105         91.761       0.712064       0.700938
            662         32.940         71.574       0.684825       0.700938
            663         31.811         72.028       0.693649       0.700938
            664         33.173         54.354       0.620998       0.700938
            665         31.652         77.440       0.709861       0.700938
            666         37.861         82.754       0.686099       0.700938
            667         32.946         68.142       0.674087       0.700938
            668         25.892         71.847       0.735088       0.700938
            669         35.519         60.874       0.631520       0.700938
            670         25.137         83.798       0.769246       0.799710
            671         25.200         77.496       0.754612       0.799710
            672         16.442         86.601       0.840432       0.799710
            673         21.211         69.983       0.767405       0.799710
            674         14.447         87.568       0.858384       0.799710
            675         20.190         71.080       0.778790       0.799710
            676         18.076         73.028       0.801592       0.799710
            677         19.547         88.537       0.819149       0.799710
            678         19.536         82.528       0.808591       0.799710
            679         13.451         80.543       0.856899       0.799710
            680         42.246         55.514       0.567858       0.700938
            681         18.026         70.245       0.795792       0.700938
            682         28.022         81.756       0.744742       0.700938
            683         29.772         62.801       0.678396       0.700938
            684         25.448         72.732       0.740803       0.700938
            685         32.174         77.124       0.705628       0.700938
            686         21.233         75.622       0.780774       0.700938
            687         31.514         64.336       0.671211       0.700938
            688         28.522         68.715       0.706675       0.700938
            689         35.775         68.845       0.658049       0.700938
            690         29.669         69.817       0.701779       0.700938
            691         36.942         77.571       0.677396       0.700938
            692         28.987         56.216       0.659790       0.700938
            693         23.340         75.802       0.764583       0.700938
            694         33.217         70.370       0.679334       0.700938
            695         28.056         52.584       0.652082       0.700938
            696         29.374         69.688       0.703481       0.700938
            697         32.612         59.605       0.646353       0.700938
            698         26.447         59.089       0.690810       0.700938
            699         25.378         86.599       0.773363       0.700938
            700         33.930         69.318       0.671373       0.700938
            701         35.460         79.207       0.690753       0.700938
            702         38.956         75.317       0.659096       0.700938
            703         31.721         96.107       0.751845       0.700938
            704         33.810         72.176       0.680997       0.700938
            705         31.282         75.094       0.705929       0.700938
            706         23.593         65.124       0.734067       0.700938
            707         33.412         57.163       0.631111       0.700938
            708         27.992         70.073       0.714561       0.700938
            709         33.777         64.654       0.656845       0.700938
            710         33.349         85.412       0.719190       0.700938
            711         32.070         65.624       0.671729       0.700938
            712         22.677         57.166       0.715978       0.700938
            713         31.881         80.180       0.715503       0.700938
            714         40.616         75.983       0.651658       0.700938
            715         28.814         72.315       0.715076       0.700938
            716         33.852         77.816       0.696847       0.700938
            717         28.770         64.695       0.692187       0.700938
            718         29.994         63.674       0.679782       0.700938
            719         30.843         61.017       0.664243       0.700938
            720         29.906         86.408       0.742882       0.700938
            721         23.069         62.753       0.731195       0.700938
            722         32.836         74.175       0.693154       0.700938
            723         30.506         62.744       0.672859       0.700938
            724         29.732         73.772       0.712744       0.700938
            725         26.744         88.417       0.767771       0.700938
            726         34.583         64.296       0.650248       0.700938
            727         34.094         80.760       0.703151       0.700938
            728         24.492         71.370       0.744508       0.700938
            729         39.977         77.917       0.660909       0.700938
            730         31.779         88.033       0.734763       0.700938
            731         36.519         68.101       0.650939       0.700938
            732         26.641         71.158       0.727597       0.700938
            733         23.915         82.531       0.775334       0.700938
            734         36.269         63.949       0.638101       0.700938
            735         35.110         70.577       0.667789       0.700938
            736         27.121         73.819       0.731314       0.700938
            737         31.984         74.210       0.698814       0.700938
            738         35.139         74.322       0.678982       0.700938
            739         34.321         62.427       0.645252       0.700938
            740         30.683         75.980       0.712338       0.700938
            741         23.738         75.506       0.760814       0.700938
            742         22.209         62.213       0.736931       0.700938
            743         25.106         65.400       0.722601       0.700938
            744         26.075         75.364       0.742948       0.700938
            745         31.961         82.962       0.721891       0.700938
            746         32.102         46.332       0.590712       0.700938
            747         34.696         70.125       0.668994       0.700938
            748         30.222         73.135       0.707594       0.700938
            749         15.192         68.715       0.818941       0.700938
            750         37.138         56.812       0.604707       0.700938
            751         31.029         80.989       0.722996       0.700938
            752         17.233         65.624       0.792012       0.700938
            753         28.604         76.179       0.727019       0.700938
            754         22.943         70.055       0.753292       0.700938
            755         25.402         87.510       0.775030       0.700938
            756         31.832         87.697       0.733689       0.700938
            757         30.696         75.314       0.710444       0.700938
            758         37.692         76.492       0.669901       0.700938
            759         31.338         63.549       0.669736       0.700938
            760         30.519         73.374       0.706244       0.700938
            761         27.525         67.011       0.708841       0.700938
            762         24.491         77.271       0.759329       0.700938
            763         32.748         59.353       0.644433       0.700938
            764         18.410         59.455       0.763563       0.700938
            765         32.536         63.643       0.661715       0.700938
            766         31.517         76.471       0.708142       0.700938
            767         28.346         59.493       0.677298       0.700938
            768         27.190         78.249       0.742127       0.700938
            769         34.136         74.574       0.685992       0.700938
            770         34.686         73.685       0.679935       0.700938
            771         30.129         63.638       0.678680       0.700938
            772         35.925         69.987       0.660799       0.700938
            773         29.920         61.848       0.673964       0.700938
            774         26.176         66.267       0.716840       0.700938
            775         23.932         67.630       0.738626       0.700938
            776         33.771         62.803       0.650311       0.700938
            777         28.753         85.360       0.748030       0.700938
            778         33.307         83.608       0.715117       0.700938
            779         23.212         72.989       0.758714       0.700938
            780         32.797         68.047       0.674776       0.700938
            781         19.828         75.861       0.792789       0.700938
            782         37.345         80.309       0.682587       0.700938
            783         38.043         81.171       0.680885       0.700938
            784         29.470         50.532       0.631631       0.700938
            785         32.735         73.014       0.690446       0.700938
            786         23.208         68.793       0.747738       0.700938
            787         26.735         77.537       0.743603       0.700938
            788         29.236         80.864       0.734462       0.700938
            789         29.048         78.692       0.730389       0.700938
            790         24.128         53.575       0.689479       0.700938
            791         23.466         83.236       0.780078       0.700938
            792         27.296         66.752       0.709767       0.700938
            793         33.116         70.629       0.680791       0.700938
            794         29.432         92.272       0.758165       0.700938
            795         28.533         73.357       0.719965       0.700938
            796         23.197         70.130       0.751443       0.700938
            797         38.476         53.099       0.579839       0.700938
            798         30.799         62.098       0.668461       0.700938
            799         30.266         77.796       0.719918       0.700938
            800         31.233         58.652       0.652523       0.700938
            801         30.188         76.961       0.718263       0.700938
            802         30.645         75.766       0.712013       0.700938
            803         37.514         59.995       0.615275       0.700938
            804         28.214         73.154       0.721665       0.700938
            805         35.060         76.470       0.685643       0.700938
            806         28.475         65.672       0.697549       0.700938
            807         29.942         52.233       0.635630       0.700938
            808         31.364         65.880       0.677473       0.700938
            809         33.450         74.955       0.691436       0.700938
            810         30.958         68.966       0.690181       0.700938
            811         31.003         55.400       0.641182       0.700938
            812         27.112         79.426       0.745518       0.700938
            813         42.340         77.890       0.647845       0.700938
            814         30.301         74.959       0.712131       0.700938
            815         27.649         62.829       0.694414       0.700938
            816         37.250         78.107       0.677089       0.700938
            817         28.747         52.850       0.647691       0.700938
            818         30.674         71.072       0.698520       0.700938
            819         32.793         77.541       0.702783       0.700938
            820         23.695         79.480       0.770339       0.700938
            821         27.066         78.076       0.742576       0.700938
            822         27.306         58.200       0.680654       0.700938
            823         31.346         57.012       0.645236       0.700938
            824         35.818         66.061       0.648426       0.700938
            825         28.698         70.984       0.712106       0.700938
            826         29.124         71.067       0.709317       0.700938
            827         35.009         81.342       0.699109       0.700938
            828         25.143         63.115       0.715121       0.700938
            829         22.608         72.021       0.761087       0.700938
            830         21.481         78.875       0.785951       0.700938
            831         31.440         68.370       0.685002       0.700938
            832         33.272         73.371       0.688003       0.700938
            833         32.600         75.537       0.698531       0.700938
            834         23.548         57.961       0.711096       0.700938
            835         37.463         91.978       0.710580       0.700938
            836         31.612         73.630       0.699623       0.700938
            837         30.595         57.271       0.651801       0.700938
            838         35.299         77.132       0.686038       0.700938
            839         27.000         72.443       0.728488       0.700938
            840         30.903         77.846       0.715832       0.700938
            841         35.786         73.426       0.672323       0.700938
            842         25.190         80.105       0.760763       0.700938
            843         39.041         62.697       0.616260       0.700938
            844         24.018         70.903       0.746965       0.700938
            845         35.781         76.961       0.682628       0.700938
            846         32.481         79.735       0.710552       0.700938
            847         25.240         72.847       0.742675       0.700938
            848         34.294         60.143       0.636860       0.700938
            849         17.520         77.879       0.816351       0.700938
            850         36.225         68.249       0.653267       0.700938
            851         39.451         69.362       0.637440       0.700938
            852         30.869         79.004       0.719051       0.700938
            853         25.488         71.247       0.736520       0.700938
            854         31.132         74.524       0.705347       0.700938
            855         33.511         59.437       0.639465       0.700938
            856         21.802         71.308       0.765850       0.700938
            857         28.331         60.112       0.679667       0.700938
            858         33.477         71.411       0.680834       0.700938
            859         24.557         69.328       0.738437       0.700938
            860         30.069         69.267       0.697302       0.700938
            861         31.805         66.465       0.676347       0.700938
            862         24.050         75.581       0.758612       0.700938
            863         22.712         74.831       0.767159       0.700938
            864         32.438         69.959       0.683211       0.700938
            865         29.223         59.855       0.671937       0.700938
            866         24.244         63.656       0.724190       0.700938
            867         38.605         51.995       0.573891       0.700938
            868         38.485         77.416       0.667948       0.700938
            869         30.026         79.490       0.725833       0.700938
            870         32.089         70.195       0.686275       0.700938
            871         26.782         54.655       0.671134       0.700938
            872         21.921         65.656       0.749695       0.700938
            873         29.707         57.245       0.658350       0.700938
            874         31.121         70.523       0.693826       0.700938
            875         28.799         66.360       0.697360       0.700938
            876         29.587         65.123       0.687602       0.700938
            877         15.394         83.646       0.844564       0.799710
            878         16.377         73.130       0.817026       0.799710
            879         19.095         62.070       0.764739       0.799710
            880         21.134         90.279       0.810311       0.799710
            881         21.915         88.496       0.801515       0.799710
            882         20.024         90.406       0.818672       0.799710
            883         24.070         81.664       0.772351       0.799710
            884         18.764         72.417       0.794214       0.799710
            885         26.209         84.829       0.763968       0.799710
            886         24.426         80.593       0.767414       0.799710
            887         16.201         65.785       0.802395       0.799710
            888         21.278         84.398       0.798649       0.799710
            889         15.665         92.770       0.855536       0.799710
            890         13.573         90.414       0.869475       0.799710
            891         13.322         84.526       0.863850       0.799710
            892         22.685         71.933       0.760248       0.799710
            893         25.077         75.877       0.751598       0.799710
            894         18.800         94.141       0.833539       0.799710
            895         18.810         71.061       0.790697       0.799710
            896         21.944         78.186       0.780844       0.799710
            897         18.028         93.602       0.838499       0.799710
            898         23.029         76.425       0.768444       0.799710
            899         20.187         72.509       0.782223       0.799710
            900         13.917         83.308       0.856861       0.799710
            901         18.726         93.275       0.832807       0.799710
            902         25.070         75.991       0.751929       0.799710
            903         12.269         81.738       0.869484       0.799710
            904         25.188         94.474       0.789504       0.799710
            905         13.780         70.396       0.836298       0.799710
            906         19.370         76.175       0.797267       0.799710
            907         27.146         81.607       0.750388       0.799710
            908         17.042         97.295       0.850951       0.799710
            909         10.028         73.917       0.880542       0.799710
            910         24.430         81.827       0.770084       0.799710
            911         22.993         85.673       0.788408       0.799710
            912         18.709         64.858       0.776118       0.799710
            913         29.472         71.318       0.707592       0.799710
            914         23.825         84.266       0.779585       0.799710
            915         23.958         81.290       0.772365       0.799710
            916         17.191         81.611       0.826009       0.799710
            917         19.450         96.437       0.832167       0.799710
            918         26.067         77.173       0.747514       0.799710
            919         17.651         92.788       0.840176       0.799710
            920         14.442         72.174       0.833260       0.799710
            921         17.038         84.677       0.832493       0.799710
            922         26.515         75.251       0.739454       0.799710
            923         20.939         72.651       0.776269       0.799710
            924         21.427         69.503       0.764355       0.799710
            925         23.760         64.499       0.730790       0.799710
            926         14.102         68.690       0.829665       0.799710
            927         13.971         90.361       0.866091       0.799710
            928         17.827         88.978       0.833086       0.799710
            929         21.658         75.042       0.776031       0.799710
            930         18.317         94.977       0.838324       0.799710
            931         18.534         69.557       0.789603       0.799710
            932         21.185         75.139       0.780069       0.799710
            933         13.867         75.023       0.843999       0.799710
            934         22.631         74.334       0.766603       0.799710
            935         22.512         65.859       0.745256       0.799710
            936         19.662         76.133       0.794753       0.799710
            937         24.676         85.723       0.776485       0.799710
            938         29.380         78.618       0.727958       0.799710
            939         20.135         93.627       0.823010       0.799710
            940         20.547         73.430       0.781364       0.799710
            941         22.122         90.465       0.803514       0.799710
            942         31.068         91.210       0.745921       0.799710
            943         27.773         92.363       0.768820       0.799710
            944         27.579         94.790       0.774626       0.799710
            945         24.143         81.226       0.770871       0.799710
            946         20.870         95.775       0.821081       0.799710
            947         17.278         88.077       0.836001       0.799710
            948         22.998         82.872       0.782775       0.799710
            949         17.405         79.352       0.820119       0.799710
            950         22.712         75.853       0.769571       0.799710
            951         26.425         77.689       0.746193       0.799710
            952         19.342         75.578       0.796225       0.799710
            953         16.985         67.912       0.799932       0.799710
            954         22.558         74.807       0.768317       0.799710
            955         36.609         78.475       0.681892       0.799710
            956         15.695         64.024       0.803123       0.799710
            957         13.655         68.454       0.833699       0.799710
            958         19.324         95.753       0.832081       0.799710
            959          6.886         68.642       0.908826       0.799710
            960         14.201         84.986       0.856825       0.799710
            961         12.442         77.615       0.861846       0.799710
            962         26.225         74.673       0.740083       0.799710
            963         19.236         80.115       0.806381       0.799710
            964         18.689         94.265       0.834546       0.799710
            965         22.278         68.038       0.753330       0.799710
            966         16.075         82.588       0.837075       0.799710
            967         30.270         86.421       0.740594       0.799710
            968         19.874         97.503       0.830685       0.799710
            969         17.029         86.803       0.835994       0.799710
            970         12.802         81.883       0.864793       0.799710
            971         27.396         72.085       0.724613       0.799710
            972         22.239         91.945       0.805238       0.799710
            973         16.935         63.697       0.789974       0.799710
            974         22.649         77.633       0.774144       0.799710
            975         22.239         63.650       0.741074       0.799710
            976         16.745         81.677       0.829860       0.799710
            977         18.136         84.155       0.822700       0.799710
            978         23.495         73.407       0.757540       0.799710
            979         19.596         84.738       0.812183       0.799710
            980         23.229         85.614       0.786582       0.799710
            981         13.404         80.140       0.856713       0.799710
            982         14.598         70.211       0.827869       0.799710
            983         21.283         81.227       0.792384       0.799710
            984         23.412         83.470       0.780953       0.799710
            985         21.051         69.713       0.768070       0.799710
            986         19.268         79.651       0.805213       0.799710
            987         23.283         81.449       0.777688       0.799710
            988         22.281         67.366       0.751462       0.799710
            989         18.378         71.738       0.796064       0.799710
            990         25.633         93.756       0.785299       0.799710
            991         17.978         74.608       0.805822       0.799710
            992         10.622         78.848       0.881284       0.799710
            993         24.964         83.381       0.769588       0.799710
            994         25.946         86.913       0.770100       0.799710
            995         25.615         86.985       0.772513       0.799710
            996         14.398         66.685       0.822428       0.799710
            997         22.253         88.447       0.798980       0.799710
            998         24.775         72.715       0.745869       0.799710
            999         14.170         85.160       0.857341       0.799710
           1000         18.834         78.684       0.806868       0.799710
