              1         45.077         69.665       0.607148       0.698001
              2         18.490         63.618       0.774813       0.698001
              3         38.460         78.244       0.670451       0.698001
              4         41.098         38.022       0.480558       0.698001
              5         32.390         68.481       0.678899       0.698001
              6         24.913         65.676       0.724989       0.698001
              7         30.992         60.770       0.662260       0.698001
              8         22.836         67.397       0.746919       0.800168
              9         17.867         90.871       0.835690       0.800168
             10         30.689         69.051       0.692313       0.800168
             11         12.503         60.412       0.828523       0.800168
             12         11.001         73.592       0.869958       0.800168
             13         20.754         82.263       0.798538       0.800168
             14         18.801         93.411       0.832450       0.800168
             15         21.745         90.953       0.807049       0.800168
             16         21.041         82.573       0.796930       0.800168
             17          5.172         88.814       0.944972       0.800168
             18         14.584         57.706       0.798252       0.800168
             19         21.838         72.563       0.768668       0.800168
             20         24.201         72.920       0.750814       0.800168
             21         13.737         71.191       0.838253       0.800168
             22         22.680         72.764       0.762374       0.800168
             23         15.285         62.049       0.802356       0.800168
             24         30.250         80.872       0.727776       0.800168
             25         20.228         71.722       0.780010       0.800168
             26         15.873         79.752       0.834006       0.800168
             27         29.468         99.064       0.770738       0.800168
             28         35.071         85.574       0.709302       0.800168
             29         16.918         99.667       0.854888       0.800168
             30         12.519         83.986       0.870281       0.800168
             31         24.835         56.640       0.695185       0.800168
             32         20.352         93.642       0.821462       0.800168
             33         34.919         80.384       0.697155       0.800168
             34         18.592         76.041       0.803537       0.800168
             35         15.936         82.009       0.837292       0.800168
             36         29.662         82.568       0.735702       0.800168
             37         25.571         85.654       0.770095       0.800168
             38         21.559         64.737       0.750174       0.800168
             39         24.769         76.081       0.754400       0.800168
             40         20.466         72.370       0.779547       0.800168
             41         22.981         53.422       0.699217       0.800168
             42         22.653         98.161       0.812496       0.800168
             43         19.333         94.468       0.830116       0.800168
             44         24.024         98.640       0.804147       0.800168
             45         28.117         78.109       0.735310       0.800168
             46         24.701         63.617       0.720321       0.800168
             47         18.956         69.372       0.785387       0.800168
             48         22.722         70.960       0.757451       0.800168
             49         14.414         94.429       0.867573       0.800168
             50         14.477         75.185       0.838540       0.800168
             51         17.294         79.765       0.821825       0.800168
             52         22.369         74.082       0.768079       0.800168
             53         27.042         63.704       0.702004       0.800168
             54         25.227         80.495       0.761385       0.800168
             55         37.003         93.357       0.716147       0.800168
             56         14.060         71.834       0.836311       0.800168
             57         15.607         85.734       0.845996       0.800168
             58         18.889        103.396       0.845534       0.800168
             59         19.540         55.229       0.738659       0.800168
             60         12.851         89.397       0.874315       0.800168
             61         27.354         89.004       0.764914       0.800168
             62         32.334         68.830       0.680381       0.800168
             63         16.554         80.275       0.829042       0.800168
             64         24.151        101.960       0.808497       0.800168
             65         25.756         95.456       0.787512       0.800168
             66         19.659         56.688       0.742507       0.800168
             67         26.938         66.841       0.712752       0.800168
             68         27.819         61.358       0.688049       0.800168
             69         19.317         83.760       0.812596       0.800168
             70         17.913         74.175       0.805483       0.800168
             71          2.092         76.495       0.973374       0.800168
             72         24.143         98.156       0.802587       0.800168
             73         17.046         55.222       0.764127       0.800168
             74         24.653         83.260       0.771550       0.800168
             75         16.786         88.095       0.839949       0.800168
             76         22.200         88.241       0.798985       0.800168
             77         35.335         67.156       0.655238       0.800168
             78          7.261         77.004       0.913837       0.800168
             79         15.474         81.209       0.839951       0.800168
             80         10.374         80.218       0.885488       0.800168
             81         11.302        109.554       0.906487       0.800168
             82         21.636         87.118       0.801056       0.800168
             83         31.430         92.449       0.746287       0.800168
             84         17.067         60.278       0.779334       0.800168
             85         11.106         66.628       0.857130       0.800168
             86         17.539         80.113       0.820394       0.800168
             87         21.385         73.053       0.773556       0.800168
             88         22.836         70.521       0.755390       0.800168
             89         19.770         84.367       0.810157       0.800168
             90         19.592         92.520       0.825244       0.800168
             91         16.189         78.495       0.829025       0.800168
             92         21.421         92.792       0.812449       0.800168
             93         24.184         70.359       0.744203       0.800168
             94         25.302         79.065       0.757566       0.800168
             95         23.948         92.978       0.795186       0.800168
             96         16.261         97.590       0.857173       0.800168
             97         20.447         89.698       0.814362       0.800168
             98         28.289         91.213       0.763274       0.800168
             99         10.671        100.630       0.904123       0.800168
            100         15.327         97.641       0.864327       0.800168
            101         27.208         97.856       0.782446       0.800168
            102         23.228         88.069       0.791296       0.800168
            103         22.113         40.571       0.647233       0.698001
            104         26.733         75.875       0.739467       0.698001
            105         37.756         53.988       0.588459       0.698001
            106          7.571         51.134       0.871029       0.698001
            107         28.482         65.671       0.697496       0.698001
            108          9.931         60.807       0.859605       0.698001
            109         15.910         71.427       0.817835       0.698001
            110         32.866         66.231       0.668349       0.698001
            111         21.095         71.314       0.771724       0.698001
            112         36.202         61.543       0.629627       0.698001
            113         29.254         68.319       0.700181       0.698001
            114         35.815         70.400       0.662804       0.698001
            115         43.527         64.476       0.596984       0.698001
            116         32.042         64.033       0.666488       0.698001
            117         29.577         60.122       0.670264       0.698001
            118         21.415         68.709       0.762384       0.698001
            119         32.402         90.861       0.737135       0.698001
            120         24.694         68.006       0.733615       0.698001
            121         31.865         67.288       0.678630       0.698001
            122         27.243         72.547       0.726996       0.698001
            123         30.940         68.560       0.689042       0.698001
            124         35.476         64.372       0.644697       0.698001
            125         50.917         84.293       0.623423       0.698001
            126         23.525         81.240       0.775447       0.698001
            127          4.726         68.835       0.935753       0.698001
            128         36.733         83.797       0.695239       0.698001
            129         33.029         65.686       0.665408       0.698001
            130         20.578         58.856       0.740942       0.698001
            131         27.394         71.724       0.723622       0.698001
            132         33.313         61.690       0.649347       0.698001
            133         23.221         74.136       0.761489       0.698001
            134         17.754         93.885       0.840970       0.698001
            135         18.981         84.373       0.816348       0.698001
            136         26.294         75.856       0.742592       0.698001
            137         37.417         65.356       0.635924       0.698001
            138         36.157         56.998       0.611859       0.698001
            139         28.027         51.509       0.647616       0.698001
            140         35.523         71.570       0.668297       0.698001
            141         34.105         61.449       0.643080       0.698001
            142         23.556         63.952       0.730808       0.698001
            143         25.075         58.566       0.700205       0.698001
            144         28.520         57.391       0.668025       0.698001
            145         20.027         80.104       0.799995       0.698001
            146         20.688         73.795       0.781044       0.698001
            147         42.580         50.022       0.540180       0.698001
            148         21.100         70.916       0.770692       0.698001
            149         36.037         35.077       0.493250       0.698001
            150         26.074         72.303       0.734958       0.698001
            151         38.307         56.616       0.596441       0.698001
            152         24.663         69.441       0.737922       0.698001
            153          5.639         63.834       0.918838       0.800168
            154         34.462         69.743       0.669286       0.800168
            155         26.657         92.843       0.776926       0.800168
            156         19.830         71.320       0.782446       0.800168
            157         34.369         77.368       0.692409       0.800168
            158         28.893         73.615       0.718136       0.800168
            159         28.245         88.374       0.757803       0.800168
            160         20.337         75.840       0.788544       0.800168
            161         22.260         68.673       0.755203       0.800168
            162         19.250         79.120       0.804308       0.800168
            163         25.102         69.644       0.735061       0.800168
            164         26.310         68.240       0.721733       0.800168
            165         14.265        101.244       0.876506       0.800168
            166          8.365         75.057       0.899727       0.800168
            167         16.079         63.128       0.797003       0.800168
            168         20.937         92.085       0.814756       0.800168
            169         27.841         76.658       0.733579       0.800168
            170          9.558         88.024       0.902051       0.800168
            171         29.233         63.991       0.686427       0.800168
            172         23.921         76.558       0.761932       0.800168
            173         15.099         88.072       0.853652       0.800168
            174         18.729         77.958       0.806289       0.800168
            175         26.702         76.440       0.741111       0.800168
            176         18.036         94.212       0.839322       0.800168
            177         11.994         71.805       0.856868       0.800168
            178         12.105         75.429       0.861715       0.800168
            179         30.259         96.121       0.760572       0.800168
            180         22.416         67.397       0.750410       0.800168
            181         14.938         81.441       0.845012       0.800168
            182         21.765         79.156       0.784336       0.800168
            183         12.060         64.759       0.843011       0.800168
            184         23.467         81.087       0.775547       0.800168
            185         26.955         67.689       0.715195       0.698001
            186         43.913         67.671       0.606459       0.698001
            187         31.283         58.030       0.649736       0.698001
            188         35.771         76.447       0.681235       0.698001
            189         28.778         65.448       0.694585       0.698001
            190         20.951         68.245       0.765109       0.698001
            191         44.549         84.619       0.655110       0.698001
            192         34.406         80.517       0.700617       0.698001
            193         36.537         68.313       0.651534       0.698001
            194         28.306         44.816       0.612895       0.698001
            195         17.172         77.234       0.818100       0.698001
            196         27.622         68.213       0.711775       0.698001
            197         32.393         96.665       0.749003       0.698001
            198         33.826         51.205       0.602197       0.698001
            199         40.833         85.776       0.677484       0.698001
            200         30.165         78.712       0.722942       0.698001
            201         33.115         76.286       0.697308       0.698001
            202         29.705         85.142       0.741350       0.698001
            203         29.746         57.045       0.657274       0.698001
            204         34.097         81.451       0.704909       0.698001
            205         38.314         66.722       0.635231       0.698001
            206         29.116         63.575       0.685884       0.698001
            207         32.021         84.512       0.725221       0.698001
            208         41.583         57.483       0.580250       0.698001
            209         32.542         42.273       0.565035       0.698001
            210         23.163         70.200       0.751904       0.698001
            211         26.473         82.865       0.757876       0.698001
            212         34.299         96.162       0.737096       0.698001
            213         35.741         76.179       0.680654       0.698001
            214         30.724         63.966       0.675528       0.698001
            215         10.816         82.357       0.883913       0.698001
            216         26.741         61.918       0.698385       0.698001
            217         40.626         75.168       0.649153       0.698001
            218         29.913         70.190       0.701177       0.698001
            219         37.034         79.515       0.682242       0.698001
            220         22.152         73.545       0.768523       0.698001
            221         25.954         48.629       0.652012       0.698001
            222         34.051         48.326       0.586645       0.698001
            223         37.420         72.696       0.660179       0.698001
            224         17.322         83.129       0.827558       0.698001
            225         38.542         62.270       0.617687       0.698001
            226         24.592         65.390       0.726699       0.698001
            227          9.259         98.646       0.914195       0.698001
            228         33.555         80.929       0.706903       0.698001
            229         24.945         53.185       0.680729       0.698001
            230         41.805         72.091       0.632953       0.698001
            231         27.911         62.504       0.691302       0.698001
            232         33.450         64.654       0.659031       0.698001
            233         27.449         94.791       0.775452       0.698001
            234         31.784         73.796       0.698960       0.698001
            235         25.742         73.268       0.740004       0.698001
            236         26.896         79.542       0.747310       0.698001
            237         26.048         85.929       0.767377       0.698001
            238         30.562         89.289       0.744999       0.698001
            239         30.422         66.048       0.684648       0.698001
            240         18.950         54.092       0.740562       0.698001
            241         28.205         60.781       0.683038       0.698001
            242         35.833         69.050       0.658355       0.698001
            243         27.871         54.393       0.661200       0.698001
            244         38.581         68.852       0.640882       0.698001
            245         24.706         68.236       0.734176       0.698001
            246         41.590         60.582       0.592942       0.698001
            247         36.195         75.033       0.674587       0.698001
            248         17.579         76.513       0.813176       0.698001
            249         31.238         55.802       0.641110       0.698001
            250         14.302         70.858       0.832057       0.698001
            251         30.158         53.619       0.640020       0.698001
            252         29.964         69.196       0.697821       0.698001
            253         36.682         84.393       0.697028       0.698001
            254         31.012         69.946       0.692825       0.698001
            255         43.172         62.057       0.589731       0.698001
            256         36.955         55.186       0.598930       0.698001
            257         25.786         59.840       0.698853       0.698001
            258         23.754         54.343       0.695835       0.698001
            259         18.178        105.622       0.853166       0.800168
            260         17.501         89.317       0.836161       0.800168
            261         30.453         78.804       0.721274       0.800168
            262         18.808         85.461       0.819622       0.800168
            263         21.141         84.267       0.799435       0.800168
            264         11.539        107.956       0.903431       0.800168
            265         16.845         99.671       0.855427       0.800168
            266         22.350         95.854       0.810923       0.800168
            267         13.844        111.030       0.889133       0.800168
            268         15.724         59.172       0.790059       0.800168
            269         31.224         69.375       0.689621       0.800168
            270         12.765         56.002       0.814368       0.800168
            271         18.491         75.609       0.803499       0.800168
            272         25.995         96.909       0.788493       0.800168
            273         16.100        115.067       0.877258       0.800168
            274         27.464         60.929       0.689297       0.800168
            275         17.197         72.338       0.807928       0.800168
            276         19.868         88.010       0.815827       0.800168
            277         22.909         69.052       0.750888       0.800168
            278         16.182         77.217       0.826745       0.800168
            279         16.467         72.125       0.814124       0.800168
            280         15.302         95.068       0.861361       0.800168
            281         21.757        110.684       0.835725       0.800168
            282         23.239         86.724       0.788665       0.800168
            283         22.095         83.705       0.791160       0.800168
            284         14.125         67.879       0.827754       0.800168
            285         24.021         89.301       0.788026       0.800168
            286         31.150         90.619       0.744186       0.800168
            287         21.537         79.610       0.787075       0.800168
            288         28.645         92.952       0.764431       0.800168
            289         15.697         76.420       0.829593       0.800168
            290         14.145         84.420       0.856492       0.800168
            291         24.638         81.251       0.767319       0.800168
            292         20.746         85.082       0.803962       0.800168
            293         29.106         79.328       0.731578       0.800168
            294         14.786         84.800       0.851524       0.800168
            295         31.038         88.378       0.740084       0.800168
            296         24.909         88.076       0.779535       0.800168
            297         20.956         89.918       0.810995       0.800168
            298          6.130         84.164       0.932115       0.800168
            299         26.549        100.865       0.791634       0.800168
            300         29.825         70.921       0.703962       0.800168
            301         25.163         88.669       0.778947       0.800168
            302         25.460         89.751       0.779016       0.800168
            303         31.807         75.726       0.704215       0.800168
            304         22.131         76.486       0.775588       0.800168
            305         21.140         78.182       0.787154       0.800168
            306         20.447         75.895       0.787770       0.800168
            307         17.450        101.716       0.853566       0.800168
            308         17.847         87.338       0.830330       0.800168
            309         25.801        100.845       0.796276       0.800168
            310         12.808        111.555       0.897011       0.800168
            311         20.905        109.327       0.839482       0.800168
            312         20.390         67.570       0.768194       0.800168
            313         23.363         77.800       0.769055       0.800168
            314         24.633         86.614       0.778573       0.800168
            315         39.882         86.043       0.683290       0.800168
            316         17.671         72.903       0.804901       0.800168
            317         12.140         88.560       0.879442       0.800168
            318         20.501         81.288       0.798593       0.800168
            319         13.498         83.350       0.860628       0.800168
            320         16.872         73.435       0.813173       0.800168
            321         22.524         97.530       0.812383       0.800168
            322         21.328         77.049       0.783198       0.800168
            323          2.619         94.275       0.972972       0.800168
            324         21.355         72.274       0.771918       0.800168
            325         24.279         74.772       0.754883       0.800168
            326         26.258         59.260       0.692954       0.800168
            327         34.435         97.395       0.738793       0.800168
            328         21.486         86.620       0.801247       0.800168
            329         28.450         67.949       0.704875       0.800168
            330         18.586         63.611       0.773882       0.800168
            331         18.390         80.642       0.814302       0.800168
            332         20.281         71.610       0.779292       0.800168
            333         25.645         82.330       0.762489       0.800168
            334         43.146         80.030       0.649718       0.698001
            335         19.326         54.933       0.739752       0.698001
            336         32.667         73.322       0.691793       0.698001
            337         29.174         46.095       0.612407       0.698001
            338         34.936         69.549       0.665638       0.698001
            339         34.325         85.304       0.713071       0.698001
            340         17.917         81.651       0.820050       0.698001
            341         41.275         70.977       0.632300       0.698001
            342         23.724         79.821       0.770881       0.698001
            343         18.516         86.554       0.823771       0.698001
            344         35.479         70.461       0.665105       0.698001
            345         25.769         53.532       0.675048       0.698001
            346         31.186         70.054       0.691961       0.698001
            347         27.496         69.590       0.716788       0.698001
            348         19.753         40.999       0.674853       0.698001
            349         30.605         88.184       0.742357       0.698001
            350         35.570         57.676       0.618538       0.698001
            351         27.211         72.514       0.727138       0.698001
            352         40.220         63.598       0.612588       0.698001
            353         17.583         35.201       0.666890       0.698001
            354         23.723         63.874       0.729179       0.698001
            355         42.037         67.894       0.617606       0.698001
            356         34.807         67.832       0.660876       0.698001
            357         41.589         75.902       0.646027       0.698001
            358         38.545         76.048       0.663636       0.698001
            359         35.918         82.200       0.695913       0.698001
            360         26.751         57.625       0.682956       0.698001
            361         15.110         60.566       0.800334       0.698001
            362         29.278         56.298       0.657874       0.698001
            363         26.244         62.614       0.704655       0.698001
            364         18.900         75.686       0.800184       0.698001
            365         18.324         69.096       0.790392       0.698001
            366         34.070         73.654       0.683731       0.698001
            367         10.976         82.393       0.882444       0.698001
            368         26.878         36.673       0.577066       0.698001
            369         20.527         52.646       0.719470       0.698001
            370         27.826         64.763       0.699465       0.698001
            371         34.392         65.120       0.654392       0.698001
            372         37.579         55.160       0.594789       0.698001
            373         41.597         71.632       0.632630       0.698001
            374         42.658         67.131       0.611454       0.698001
            375         23.328         75.435       0.763800       0.698001
            376         20.169         38.606       0.656839       0.698001
            377         26.439         70.595       0.727529       0.698001
            378         19.763         96.850       0.830521       0.800168
            379         36.734         78.960       0.682494       0.800168
            380         17.832         99.802       0.848414       0.800168
            381         17.088         78.919       0.822012       0.800168
            382         15.567         60.633       0.795709       0.800168
            383         14.039         72.775       0.838289       0.800168
            384         28.540         88.879       0.756935       0.800168
            385         24.389         96.118       0.797611       0.800168
            386          6.755         63.167       0.903388       0.800168
            387         20.310         91.641       0.818578       0.800168
            388         10.471         78.471       0.882272       0.800168
            389         22.173        105.156       0.825858       0.800168
            390         12.767         83.281       0.867076       0.800168
            391         10.952         77.040       0.875538       0.800168
            392         16.021         73.474       0.820987       0.800168
            393         25.392         63.372       0.713941       0.800168
            394         15.656         83.665       0.842371       0.800168
            395         17.895         79.029       0.815373       0.800168
            396         28.446         70.396       0.712210       0.800168
            397         19.074         75.102       0.797465       0.800168
            398         16.168         99.574       0.860308       0.800168
            399         33.200         83.289       0.714996       0.800168
            400         17.341         72.062       0.806035       0.800168
            401         18.593         83.577       0.818021       0.800168
            402         16.814         73.100       0.813003       0.800168
            403         16.696         80.146       0.827599       0.800168
            404         21.697         69.286       0.761526       0.800168
            405         31.910         76.717       0.706239       0.800168
            406         30.758         84.085       0.732173       0.800168
            407         25.168         92.279       0.785708       0.800168
            408          8.983         73.160       0.890644       0.800168
            409         24.884        115.374       0.822581       0.800168
            410         12.362         73.698       0.856355       0.800168
            411         25.500         81.906       0.762585       0.800168
            412          9.356         59.323       0.863776       0.800168
            413         14.857         80.690       0.844507       0.800168
            414         12.640         92.633       0.879929       0.800168
            415         32.467        103.180       0.760652       0.800168
            416         27.421         45.321       0.623037       0.800168
            417         24.534         95.827       0.796167       0.800168
            418         24.211         91.676       0.791084       0.800168
            419         17.018         84.580       0.832495       0.800168
            420         20.445         80.857       0.798179       0.800168
            421         13.638         74.026       0.844429       0.800168
            422         20.018         69.581       0.776583       0.800168
            423         21.537         96.707       0.817858       0.800168
            424         21.928         84.710       0.794365       0.800168
            425         27.933         85.554       0.753863       0.800168
            426         10.104         45.247       0.817453       0.800168
            427         26.173         60.626       0.698468       0.800168
            428         21.040         72.603       0.775313       0.800168
            429         19.524         94.774       0.829184       0.800168
            430         35.053         86.403       0.711396       0.698001
            431         42.898         49.362       0.535028       0.698001
            432         34.361         80.098       0.699793       0.698001
            433         30.883         75.040       0.708442       0.698001
            434         33.222         73.181       0.687768       0.698001
            435         44.988         92.541       0.672884       0.698001
            436         11.696         81.040       0.873878       0.800168
            437         10.785         87.524       0.890297       0.800168
            438          9.178         74.747       0.890636       0.800168
            439         17.999         75.282       0.807045       0.800168
            440         21.615         68.202       0.759341       0.800168
            441         21.078         89.096       0.808687       0.800168
            442         19.320         78.966       0.803428       0.800168
            443         12.980         88.026       0.871489       0.800168
            444         20.180         82.250       0.802988       0.800168
            445         23.548         74.698       0.760317       0.800168
            446         16.393         78.298       0.826882       0.800168
            447         15.792        116.907       0.880995       0.800168
            448         21.971         70.811       0.763198       0.800168
            449         26.177         98.543       0.790111       0.800168
            450         15.425         62.850       0.802936       0.800168
            451         24.387         71.373       0.745334       0.800168
            452         20.951         75.371       0.782492       0.800168
            453         16.512         94.786       0.851643       0.800168
            454          9.268         73.391       0.887872       0.800168
            455         17.356         79.603       0.820995       0.800168
            456         25.384         55.785       0.687273       0.800168
            457         24.993         93.837       0.789675       0.800168
            458         20.552         86.115       0.807322       0.800168
            459         24.202         92.172       0.792033       0.800168
            460         11.356         70.338       0.860995       0.800168
            461         13.298         71.566       0.843297       0.800168
            462         21.382         81.050       0.791258       0.800168
            463         26.092         73.898       0.739051       0.800168
            464         10.960         70.473       0.865407       0.800168
            465         14.086         70.613       0.833693       0.800168
            466         19.508         74.137       0.791683       0.800168
            467         10.266         61.280       0.856512       0.800168
            468         18.497         98.379       0.841737       0.800168
            469         20.451         69.094       0.771608       0.800168
            470         15.107         74.593       0.831585       0.800168
            471         14.342         73.731       0.837156       0.800168
            472         25.312         67.577       0.727503       0.800168
            473          6.777         85.858       0.926843       0.800168
            474         26.975         80.162       0.748217       0.800168
            475         25.163         73.032       0.743747       0.800168
            476          9.833         77.034       0.886801       0.800168
            477         27.423         81.385       0.747965       0.800168
            478         25.268         90.721       0.782153       0.800168
            479         16.140         80.986       0.833826       0.800168
            480         22.992         94.611       0.804499       0.800168
            481         18.698         92.224       0.831429       0.800168
            482         13.537         87.264       0.865703       0.800168
            483          8.983         78.850       0.897726       0.800168
            484         28.871         86.126       0.748942       0.800168
            485         21.069         71.035       0.771248       0.800168
            486         16.533         61.399       0.787855       0.800168
            487          7.163         79.940       0.917764       0.800168
            488         30.726         66.430       0.683744       0.800168
            489          5.721         67.500       0.921868       0.800168
            490         15.282         94.276       0.860514       0.800168
            491         22.413        110.241       0.831045       0.800168
            492         13.150         64.242       0.830081       0.800168
            493         16.199         74.080       0.820569       0.800168
            494         20.062         90.387       0.818358       0.800168
            495         13.999         96.439       0.873240       0.800168
            496         32.041        107.562       0.770484       0.800168
            497         30.130         74.353       0.711630       0.800168
            498         24.050         62.887       0.723367       0.800168
            499         12.582         65.561       0.838992       0.800168
            500         13.406         74.787       0.847994       0.800168
            501         14.257         61.162       0.810962       0.800168
            502         27.701         76.551       0.734286       0.800168
            503         16.537         88.907       0.843168       0.800168
            504         17.227         72.914       0.808892       0.800168
            505         23.919         78.675       0.766855       0.800168
            506         32.221         56.559       0.637071       0.698001
            507         12.912         80.770       0.862175       0.698001
            508         27.772         71.149       0.719251       0.698001
            509         28.849         57.201       0.664744       0.698001
            510         38.311         69.541       0.644784       0.698001
            511         20.115         59.044       0.745893       0.698001
            512         21.224         44.897       0.679012       0.698001
            513         35.261         72.265       0.672066       0.698001
            514         20.324         63.121       0.756436       0.698001
            515         31.439         84.043       0.727760       0.698001
            516         18.179         93.489       0.837205       0.698001
            517         16.738         66.284       0.798390       0.698001
            518         23.373         33.705       0.590509       0.698001
            519         26.413         70.762       0.728192       0.698001
            520         32.004         62.305       0.660647       0.698001
            521         21.912         86.887       0.798604       0.698001
            522         12.252         84.914       0.873910       0.698001
            523         35.730         79.798       0.690722       0.698001
            524         33.100         67.694       0.671608       0.698001
            525         34.011         71.842       0.678698       0.698001
            526          7.718         74.215       0.905806       0.800168
            527         13.442         73.531       0.845445       0.800168
            528         21.052         79.554       0.790744       0.800168
            529         20.634         96.139       0.823296       0.800168
            530         22.129         64.801       0.745439       0.800168
            531         27.093         92.319       0.773111       0.800168
            532         14.473         81.872       0.849781       0.800168
            533         15.021         83.501       0.847538       0.800168
            534         11.664        103.431       0.898655       0.800168
            535         10.934         87.040       0.888397       0.800168
            536         17.587         81.893       0.823212       0.800168
            537         21.362         92.912       0.813060       0.800168
            538         21.601         54.624       0.716615       0.800168
            539         21.602         74.146       0.774384       0.800168
            540         23.081         73.336       0.760613       0.800168
            541         19.172        102.361       0.842251       0.800168
            542         30.527         54.673       0.641703       0.800168
            543         26.063         84.742       0.764785       0.800168
            544         20.637        112.354       0.844825       0.800168
            545         23.848         79.719       0.769730       0.800168
            546         25.455        102.904       0.801688       0.800168
            547         11.408        109.355       0.905531       0.800168
            548         17.024         59.510       0.777563       0.800168
            549         23.231         72.511       0.757362       0.800168
            550         15.415         84.984       0.846464       0.800168
            551         32.952         71.552       0.684683       0.800168
            552         20.151         67.920       0.771193       0.800168
            553         18.285         78.135       0.810359       0.800168
            554         24.906         92.231       0.787375       0.800168
            555         14.910         78.666       0.840666       0.800168
            556         13.025         82.432       0.863552       0.800168
            557         28.918         71.481       0.711967       0.800168
            558         11.624         79.518       0.872464       0.800168
            559         17.117         87.860       0.836946       0.800168
            560         12.138         61.666       0.835537       0.800168
            561         19.621         99.868       0.835789       0.800168
            562         23.183         85.773       0.787227       0.800168
            563         24.034         72.994       0.752301       0.800168
            564         24.296         67.415       0.735082       0.800168
            565         10.703         76.284       0.876961       0.800168
            566         32.925         78.299       0.703975       0.800168
            567         23.934         82.555       0.775244       0.800168
            568         27.903         89.150       0.761623       0.800168
            569          4.612         72.884       0.940487       0.800168
            570         27.499         83.211       0.751615       0.800168
            571         19.484         82.698       0.809318       0.800168
            572         24.701         84.886       0.774596       0.800168
            573         21.383         80.616       0.790358       0.800168
            574         21.109         66.801       0.759884       0.800168
            575         17.066         94.068       0.846441       0.800168
            576         21.152         98.328       0.822965       0.800168
            577         13.325         83.067       0.861761       0.800168
            578         24.610         69.514       0.738538       0.800168
            579         18.893         76.929       0.802835       0.800168
            580         22.066         89.899       0.802919       0.800168
            581         26.597         78.528       0.746996       0.800168
            582         19.225         94.630       0.831142       0.800168
            583         37.162         88.625       0.704565       0.698001
            584         34.600         72.997       0.678429       0.698001
            585         25.417         56.533       0.689846       0.698001
            586         49.940         60.632       0.548348       0.698001
            587         20.360         77.987       0.792977       0.698001
            588         32.971         71.785       0.685263       0.698001
            589         35.522         49.232       0.580883       0.698001
            590         28.452         58.929       0.674394       0.698001
            591         28.352         61.115       0.683098       0.698001
            592         37.436         57.508       0.605703       0.698001
            593         44.839         47.508       0.514453       0.698001
            594          0.514         79.623       0.993589       0.698001
            595         23.003         80.469       0.777688       0.698001
            596         33.701         66.199       0.662653       0.698001
            597         22.468         60.297       0.728531       0.698001
            598         10.971         59.567       0.844462       0.698001
            599         25.172         73.669       0.745327       0.698001
            600         22.071         52.087       0.702381       0.698001
            601         49.900         72.416       0.592042       0.698001
            602         19.346         99.123       0.836701       0.698001
            603         27.573         60.910       0.688378       0.698001
            604         19.146         60.113       0.758440       0.698001
            605         29.235         60.002       0.672387       0.698001
            606         31.194         53.428       0.631372       0.698001
            607         42.589         72.639       0.630394       0.698001
            608         31.022         76.671       0.711943       0.698001
            609         27.621         60.801       0.687625       0.698001
            610         32.931         71.919       0.685922       0.698001
            611         26.438         63.396       0.705697       0.698001
            612         20.548         66.344       0.763524       0.698001
            613         31.332         72.720       0.698882       0.698001
            614         36.345         68.268       0.652577       0.698001
            615         20.044         60.216       0.750260       0.698001
            616         33.339         69.162       0.674745       0.698001
            617         32.715         61.186       0.651602       0.698001
            618         46.613         51.797       0.526337       0.698001
            619         23.818         93.944       0.797742       0.698001
            620         19.259         58.550       0.752484       0.698001
            621         33.834         60.589       0.641677       0.698001
            622         35.114         62.085       0.638741       0.698001
            623         29.559         63.494       0.682342       0.698001
            624         18.580         62.016       0.769466       0.698001
            625         24.521         70.677       0.742425       0.698001
            626         31.596         67.747       0.681946       0.698001
            627         36.481         69.367       0.655346       0.698001
            628          9.039         80.270       0.898785       0.698001
            629         28.066         47.566       0.628912       0.698001
            630         14.642         64.262       0.814431       0.698001
            631         24.326         65.185       0.728231       0.698001
            632         23.077         72.906       0.759568       0.698001
            633         21.618         52.402       0.707943       0.698001
            634         40.434         82.177       0.670227       0.698001
            635         46.174         65.973       0.588271       0.698001
            636         37.262         64.371       0.633370       0.698001
            637         33.891         44.412       0.567182       0.698001
            638         19.700         58.691       0.748696       0.800168
            639         20.245         74.365       0.786017       0.800168
            640         22.016         54.193       0.711110       0.800168
            641         14.955         65.270       0.813588       0.800168
            642         27.288         70.892       0.722064       0.800168
            643         28.431         80.082       0.737991       0.800168
            644         20.668         72.238       0.777539       0.800168
            645         16.720         69.560       0.806212       0.800168
            646         21.097         69.560       0.767291       0.800168
            647         12.515         95.842       0.884501       0.800168
            648         19.649         58.816       0.749579       0.800168
            649         23.281         78.039       0.770226       0.800168
            650         15.889         56.772       0.781323       0.800168
            651         19.570         67.686       0.775714       0.800168
            652         19.155         94.078       0.830838       0.800168
            653          2.154         69.244       0.969837       0.800168
            654         13.954         89.815       0.865531       0.800168
            655         25.581         85.983       0.770708       0.800168
            656         15.424         82.941       0.843193       0.800168
            657         36.072         96.435       0.727772       0.800168
            658         20.332         70.580       0.776355       0.800168
            659         13.313         87.530       0.867978       0.800168
            660         13.391         89.129       0.869379       0.800168
            661         20.908         64.739       0.755884       0.800168
            662         17.855         86.824       0.829431       0.800168
            663         21.378         91.730       0.810995       0.800168
            664         17.609         93.317       0.841251       0.800168
            665         23.407         59.061       0.716165       0.800168
            666          8.776         99.844       0.919202       0.800168
            667         19.003         78.950       0.805999       0.800168
            668          9.970         95.165       0.905173       0.800168
            669         10.188        108.732       0.914331       0.800168
            670         12.068         60.128       0.832841       0.800168
            671         10.668         86.914       0.890675       0.800168
            672         12.056         55.384       0.821233       0.800168
            673         11.699         70.346       0.857406       0.800168
            674         18.021        100.222       0.847592       0.800168
            675         24.693         88.281       0.781424       0.800168
            676         12.079         70.666       0.854017       0.800168
            677         28.675         95.293       0.768693       0.800168
            678         14.463         93.898       0.866525       0.800168
            679         31.314         87.562       0.736582       0.800168
            680         24.465         92.050       0.790029       0.800168
            681         18.955         54.313       0.741289       0.800168
            682         21.792        117.490       0.843541       0.800168
            683         17.594         97.673       0.847364       0.800168
            684         30.231         97.925       0.764108       0.800168
            685         20.905         93.648       0.817508       0.800168
            686         19.661         80.681       0.804061       0.800168
            687         25.627         87.961       0.774388       0.800168
            688         16.896        114.658       0.871567       0.800168
            689         18.139         93.232       0.837131       0.800168
            690         25.172         64.984       0.720795       0.800168
            691         27.308         95.513       0.777659       0.800168
            692         25.426         76.758       0.751174       0.800168
            693         26.339         75.864       0.742289       0.800168
            694         18.268         72.956       0.799748       0.800168
            695         18.256         66.335       0.784187       0.800168
            696         23.477         79.005       0.770916       0.800168
            697         22.209         68.798       0.755960       0.800168
            698         18.739         76.256       0.802737       0.800168
            699         20.347         86.576       0.809707       0.800168
            700         17.240         72.654       0.808218       0.800168
            701         24.093         64.616       0.728401       0.800168
            702         32.429         78.227       0.706937       0.800168
            703         20.279         82.595       0.802876       0.800168
            704         22.255         93.489       0.807724       0.800168
            705         18.293        105.586       0.852329       0.800168
            706         29.691         86.252       0.743918       0.800168
            707         27.240         83.915       0.754935       0.800168
            708         13.812         85.714       0.861225       0.800168
            709         26.278         90.325       0.774637       0.800168
            710         12.441         68.242       0.845808       0.800168
            711         25.008         91.084       0.784587       0.800168
            712         17.182         67.877       0.798003       0.800168
            713         40.400         82.211       0.670505       0.800168
            714         32.267        119.745       0.787731       0.800168
            715         19.393         65.638       0.771926       0.800168
            716         16.168         74.656       0.821985       0.800168
            717         12.809         73.920       0.852307       0.800168
            718          0.066         77.296       0.999142       0.800168
            719         24.110         80.272       0.769018       0.800168
            720         14.416         63.978       0.816109       0.800168
            721         20.804         79.620       0.792838       0.800168
            722         17.126         64.482       0.790141       0.800168
            723         16.227         89.586       0.846642       0.800168
            724         36.806         62.840       0.630634       0.800168
            725         25.902         52.720       0.670545       0.800168
            726         28.311         82.470       0.744444       0.800168
            727          5.389         72.064       0.930418       0.800168
            728         20.853         71.803       0.774942       0.800168
            729         18.769         75.024       0.799891       0.800168
            730         21.258         87.938       0.805323       0.800168
            731         23.485         86.489       0.786446       0.800168
            732         15.700         73.369       0.823733       0.800168
            733         22.056         59.490       0.729526       0.800168
            734         23.196         71.619       0.755351       0.800168
            735         35.305         62.466       0.638901       0.800168
            736         34.730         72.104       0.674916       0.800168
            737         14.763         79.988       0.844192       0.800168
            738         18.559         65.266       0.778603       0.800168
            739         19.950        103.876       0.838888       0.800168
            740         25.112         58.814       0.700782       0.800168
            741         12.756         77.885       0.859271       0.800168
            742         21.143         90.088       0.809919       0.800168
            743         25.793         85.966       0.769211       0.800168
            744         20.847         80.136       0.793557       0.800168
            745         21.938         69.679       0.760550       0.800168
            746         17.565         72.128       0.804162       0.800168
            747         27.333         75.338       0.733776       0.800168
            748          7.604         86.490       0.919185       0.800168
            749         17.011         68.491       0.801049       0.800168
            750         34.188         60.829       0.640189       0.800168
            751         13.638         65.709       0.828127       0.800168
            752         13.047         75.337       0.852380       0.800168
            753         14.454        111.864       0.885577       0.800168
            754         26.831         82.818       0.755299       0.800168
            755         24.279         80.607       0.768520       0.800168
            756         13.549         79.574       0.854506       0.800168
            757         22.457         79.045       0.778756       0.800168
            758         13.693         93.502       0.872264       0.800168
            759         21.797         53.566       0.710775       0.800168
            760         17.457        104.255       0.856570       0.800168
            761         32.986         69.712       0.678805       0.800168
            762         11.615         58.467       0.834269       0.800168
            763         19.979         78.371       0.796858       0.800168
            764         18.767         74.230       0.798194       0.800168
            765         15.438         72.135       0.823710       0.800168
            766          5.685        100.392       0.946403       0.800168
            767         12.155         83.718       0.873221       0.800168
            768         27.157         85.929       0.759857       0.800168
            769         11.730         84.409       0.877989       0.800168
            770         27.128         75.811       0.736465       0.800168
            771         15.951         90.326       0.849914       0.800168
            772         15.471         78.474       0.835316       0.800168
            773         17.870         89.908       0.834192       0.800168
            774         19.541         85.635       0.814207       0.800168
            775         18.422         69.037       0.789367       0.800168
            776          9.665         76.691       0.888080       0.800168
            777         21.936         71.815       0.766020       0.800168
            778         20.651         82.469       0.799739       0.800168
            779         13.616         85.327       0.862385       0.800168
            780         12.688         72.534       0.851116       0.800168
            781         28.984         95.618       0.767388       0.800168
            782         44.799         71.701       0.615459       0.698001
            783         34.334         75.348       0.686972       0.698001
            784         17.611         53.664       0.752915       0.698001
            785         35.953         76.231       0.679520       0.698001
            786         21.575         82.778       0.793252       0.698001
            787         27.950         95.616       0.773806       0.698001
            788         21.629         48.244       0.690452       0.698001
            789         47.609         70.113       0.595580       0.698001
            790         15.570         55.920       0.782208       0.698001
            791         35.750         45.420       0.559567       0.698001
            792         26.154         46.390       0.639471       0.698001
            793         21.053         65.140       0.755750       0.698001
            794         18.790         56.369       0.749999       0.698001
            795         22.926         60.033       0.723644       0.698001
            796         14.587         67.935       0.823239       0.698001
            797         25.561         65.183       0.718316       0.698001
            798         28.226         62.473       0.688792       0.698001
            799          7.954         84.113       0.913611       0.800168
            800         18.964         72.930       0.793635       0.800168
            801         27.177         97.603       0.782200       0.800168
            802         17.914         81.454       0.819717       0.800168
            803         17.537         53.258       0.752282       0.800168
            804         21.055         80.240       0.792141       0.800168
            805         30.876         64.651       0.676779       0.800168
            806         23.498         81.383       0.775953       0.800168
            807         34.016         97.909       0.742154       0.800168
            808         22.008         48.422       0.687523       0.800168
            809         16.015         80.826       0.834624       0.800168
            810         24.571         73.251       0.748823       0.800168
            811         21.657         58.760       0.730695       0.800168
            812         31.874         74.351       0.699937       0.800168
            813          7.849         54.502       0.874110       0.800168
            814         22.488         85.137       0.791056       0.800168
            815         25.844         90.012       0.776928       0.800168
            816         18.654         79.421       0.809794       0.800168
            817         28.276         67.265       0.704044       0.800168
            818         24.776         78.850       0.760907       0.800168
            819         16.878         84.765       0.833951       0.800168
            820         28.027         80.636       0.742075       0.800168
            821         11.349         79.800       0.875488       0.800168
            822         16.356         76.941       0.824694       0.800168
            823         21.752         76.646       0.778939       0.800168
            824         19.313         79.109       0.803774       0.800168
            825         20.822         64.524       0.756027       0.800168
            826         43.647         78.759       0.643426       0.698001
            827         33.737         51.895       0.606022       0.698001
            828         29.445         93.261       0.760038       0.698001
            829         28.437         55.743       0.662191       0.698001
            830         37.243         62.614       0.627036       0.698001
            831         30.285         64.760       0.681359       0.698001
            832         34.760         58.634       0.627811       0.698001
            833         38.226         83.034       0.684763       0.698001
            834         27.083         81.457       0.750477       0.698001
            835         31.662         73.910       0.700091       0.698001
            836         32.688         70.523       0.683290       0.698001
            837         23.834         73.362       0.754783       0.698001
            838         35.283         54.157       0.605512       0.698001
            839         18.802         63.672       0.772024       0.698001
            840         40.570         60.235       0.597543       0.698001
            841         28.219         72.882       0.720883       0.698001
            842         16.493         75.483       0.820683       0.698001
            843         31.619         65.875       0.675680       0.698001
            844         30.273         59.104       0.661292       0.698001
            845         36.596         85.484       0.700232       0.698001
            846         42.113         76.794       0.645832       0.698001
            847         15.848         81.714       0.837556       0.698001
            848         35.222         76.962       0.686035       0.698001
            849         41.521         73.195       0.638053       0.698001
            850         24.814         70.474       0.739590       0.698001
            851         39.332         47.204       0.545484       0.698001
            852         26.409         74.455       0.738173       0.698001
            853         28.703         57.276       0.666162       0.698001
            854         38.893         47.515       0.549894       0.698001
            855         28.742         62.252       0.684135       0.698001
            856         20.682         95.044       0.821285       0.698001
            857         16.151         77.912       0.828297       0.698001
            858         28.566         84.675       0.747741       0.698001
            859         30.864         69.453       0.692335       0.698001
            860         37.788         58.528       0.607665       0.698001
            861         39.281         67.103       0.630762       0.698001
            862         24.403         72.601       0.748435       0.698001
            863         35.239         50.461       0.588811       0.698001
            864         11.462         80.427       0.875261       0.698001
            865         32.300         78.502       0.708488       0.698001
            866         29.149         58.287       0.666630       0.698001
            867         23.529         76.745       0.765356       0.698001
            868         34.063         48.670       0.588278       0.698001
            869         22.643         44.298       0.661743       0.698001
            870         33.589         65.573       0.661271       0.698001
            871         33.885         87.868       0.721691       0.698001
            872         33.651         63.740       0.654480       0.698001
            873         37.187         64.302       0.633588       0.698001
            874         28.719         43.260       0.601004       0.698001
            875         33.012         51.110       0.607567       0.698001
            876         37.693         59.130       0.610705       0.698001
            877         33.372         94.974       0.739985       0.698001
            878         30.424         62.545       0.672747       0.698001
            879         35.767         65.607       0.647178       0.698001
            880         36.445         57.857       0.613529       0.698001
            881         32.951         97.988       0.748346       0.698001
            882         28.112         76.984       0.732508       0.698001
            883         12.484         91.691       0.880162       0.698001
            884         30.124         54.545       0.644215       0.698001
            885         35.771         56.112       0.610690       0.698001
            886         34.793         59.314       0.630280       0.698001
            887         26.863         45.096       0.626688       0.698001
            888         24.418         79.191       0.764323       0.698001
            889         37.552         75.002       0.666366       0.698001
            890         18.674         65.701       0.778680       0.698001
            891         36.570         67.556       0.648790       0.698001
            892         47.912         89.664       0.651740       0.698001
            893         29.470         61.699       0.676755       0.698001
            894         41.902         65.753       0.610778       0.698001
            895         37.733         61.301       0.618986       0.698001
            896         35.781         66.593       0.650487       0.698001
            897         42.753         71.444       0.625622       0.698001
            898         37.612         55.315       0.595253       0.698001
            899         25.208         73.104       0.743595       0.698001
            900         14.445         88.286       0.859390       0.698001
            901         36.778         54.424       0.596739       0.698001
            902         14.291         63.202       0.815582       0.698001
            903         47.017         65.111       0.580685       0.698001
            904         31.660         78.795       0.713364       0.698001
            905         32.196         79.309       0.711258       0.698001
            906         34.148         58.535       0.631562       0.698001
            907         26.122         75.256       0.742329       0.698001
            908         26.268         56.260       0.681708       0.698001
            909         30.734         59.885       0.660842       0.698001
            910         27.850         72.948       0.723703       0.698001
            911         19.637         87.852       0.817310       0.698001
            912         37.545         71.429       0.655466       0.698001
            913         28.381         69.559       0.710221       0.698001
            914         32.690         99.884       0.753418       0.698001
            915         33.782         68.253       0.668916       0.698001
            916         27.291         59.370       0.685085       0.698001
            917         39.078         72.396       0.649441       0.698001
            918         40.597         69.838       0.632392       0.698001
            919         29.030         52.816       0.645312       0.698001
            920         36.058         75.329       0.676281       0.698001
            921         31.439         61.215       0.660683       0.698001
            922         37.596         67.022       0.640635       0.698001
            923         31.482         40.434       0.562241       0.698001
            924         38.012         72.733       0.656765       0.698001
            925         22.099         65.593       0.747989       0.698001
            926         24.270         69.666       0.741636       0.698001
            927         30.505         75.362       0.711854       0.698001
            928         26.326         65.357       0.712860       0.698001
            929         26.783         46.164       0.632840       0.698001
            930         35.613         78.296       0.687358       0.698001
            931         29.371         66.132       0.692461       0.698001
            932         31.376         63.594       0.669622       0.698001
            933         26.604         66.705       0.714886       0.698001
            934         34.229         50.182       0.594497       0.698001
            935         35.303         69.124       0.661937       0.698001
            936         33.229         79.710       0.705778       0.698001
            937         24.110         74.833       0.756328       0.698001
            938         24.641         70.087       0.739874       0.698001
            939         22.896         45.073       0.663139       0.698001
            940         35.427         92.945       0.724027       0.698001
            941         26.720         97.974       0.785713       0.698001
            942         24.695         85.272       0.775432       0.698001
            943         33.990         72.971       0.682224       0.698001
            944          7.965         56.312       0.876081       0.698001
            945         30.304         69.681       0.696915       0.698001
            946         23.964         58.053       0.707817       0.698001
            947         33.074         50.552       0.604502       0.698001
            948         13.307         76.413       0.851682       0.698001
            949         25.059         49.874       0.665578       0.698001
            950         25.715         47.236       0.647504       0.698001
            951         31.844         72.464       0.694711       0.698001
            952         36.677         64.230       0.636525       0.698001
            953         26.326         73.623       0.736605       0.698001
            954         38.308         81.879       0.681262       0.698001
            955         21.088         59.216       0.737395       0.698001
            956         42.234         84.703       0.667284       0.698001
            957         43.087         57.056       0.569747       0.698001
            958         31.613         57.523       0.645340       0.698001
            959         27.687         97.067       0.778066       0.698001
            960         28.221         59.225       0.677279       0.698001
            961         28.944         67.153       0.698807       0.698001
            962         35.714         67.024       0.652375       0.698001
            963         32.200         68.956       0.681677       0.698001
            964         24.887         98.200       0.797810       0.698001
            965         33.116         55.293       0.625420       0.698001
            966         32.401         73.470       0.693960       0.698001
            967         35.496         74.809       0.678198       0.698001
            968         27.844         70.840       0.717844       0.698001
            969         32.981         74.288       0.692539       0.698001
            970         21.389         64.834       0.751938       0.698001
            971         29.921         72.330       0.707375       0.698001
            972         20.385         66.990       0.766696       0.698001
            973         16.897         48.963       0.743439       0.698001
            974         11.663         49.032       0.807846       0.698001
            975         27.607         76.952       0.735966       0.698001
            976         32.989         67.330       0.671159       0.698001
            977         41.206         87.227       0.679164       0.698001
            978         29.697         78.152       0.724643       0.698001
            979         31.191         74.895       0.705983       0.698001
            980         29.122         70.831       0.708642       0.698001
            981         32.295         55.772       0.633291       0.698001
            982         40.120         82.605       0.673091       0.698001
            983         25.017        110.131       0.814894       0.698001
            984         35.665         41.935       0.540400       0.698001
            985         24.932         65.223       0.723453       0.698001
            986         30.954         86.493       0.736442       0.698001
            987         36.724         79.991       0.685354       0.698001
            988         37.547         71.094       0.654391       0.698001
            989         31.946         81.034       0.717244       0.698001
            990         15.939         55.417       0.776624       0.698001
            991         36.933         38.850       0.512651       0.698001
            992         30.769         41.025       0.571421       0.698001
            993         22.620         63.149       0.736266       0.698001
            994         39.354         55.490       0.585066       0.698001
            995         39.604         93.404       0.702245       0.698001
            996         30.108         71.158       0.702686       0.698001
            997         25.539         73.890       0.743145       0.698001
            998         28.491         53.922       0.654292       0.698001
            999         31.363         74.071       0.702531       0.698001
           1000         30.134         63.657       0.678709       0.698001
