              1         25.975         66.183       0.718151       0.801571
              2         28.105         80.502       0.741222       0.801571
              3         20.056         98.468       0.830787       0.801571
              4         18.846         71.751       0.791983       0.801571
              5         21.185         83.131       0.796914       0.801571
              6         28.746         79.929       0.735484       0.801571
              7         23.761         91.285       0.793463       0.801571
              8         17.004        102.243       0.857403       0.801571
              9         26.685         63.676       0.704689       0.801571
             10         29.521         81.960       0.735194       0.801571
             11         15.155         81.560       0.843301       0.801571
             12         22.869         79.332       0.776235       0.801571
             13         20.471         91.163       0.816625       0.801571
             14         34.268         54.506       0.613986       0.801571
             15         21.673         91.705       0.808846       0.801571
             16         24.846         86.787       0.777434       0.801571
             17         19.546         82.883       0.809172       0.801571
             18         13.685         81.320       0.855957       0.801571
             19         11.404         56.150       0.831187       0.801571
             20         19.434         67.355       0.776081       0.801571
             21         14.280         85.409       0.856757       0.801571
             22         31.016        102.749       0.768131       0.801571
             23         22.190         58.317       0.724372       0.801571
             24         19.780         87.848       0.816216       0.801571
             25         22.405         77.880       0.776584       0.801571
             26         24.372         81.969       0.770811       0.801571
             27         35.288        109.785       0.756754       0.801571
             28         17.605         84.053       0.826825       0.801571
             29         15.180         33.098       0.685570       0.801571
             30          9.906        104.743       0.913597       0.801571
             31         24.432         98.984       0.802035       0.801571
             32         13.865         75.357       0.844597       0.801571
             33         19.927         81.672       0.803865       0.801571
             34          8.926         82.539       0.902411       0.801571
             35         24.172         87.126       0.782820       0.801571
             36         12.989         69.473       0.842486       0.801571
             37         20.336         78.074       0.793350       0.801571
             38         13.805         83.947       0.858771       0.801571
             39         28.308         92.969       0.766583       0.801571
             40         30.261         57.813       0.656411       0.702874
             41         15.692         61.410       0.796481       0.702874
             42         24.958         79.791       0.761732       0.702874
             43         40.876         79.070       0.659215       0.702874
             44         39.340         69.072       0.637128       0.702874
             45         24.607         76.973       0.757759       0.702874
             46         50.826         64.416       0.558963       0.702874
             47          8.504         71.487       0.893685       0.702874
             48         13.923         93.539       0.870441       0.702874
             49         16.478         82.480       0.833483       0.702874
             50         31.993         86.325       0.729600       0.702874
             51         38.840         64.855       0.625441       0.702874
             52         21.387         68.939       0.763225       0.702874
             53         25.780         63.313       0.710639       0.702874
             54         28.921         68.739       0.703859       0.702874
             55         44.233         89.502       0.669249       0.702874
             56         32.787         63.999       0.661239       0.702874
             57         25.969         95.159       0.785607       0.702874
             58         26.962         61.010       0.693517       0.702874
             59         21.942         69.257       0.759408       0.702874
             60         15.596         38.185       0.710011       0.702874
             61         28.977         87.040       0.750237       0.702874
             62         30.710         71.127       0.698437       0.702874
             63         41.587         62.440       0.600228       0.702874
             64         34.643         68.353       0.663644       0.702874
             65         34.881         72.270       0.674471       0.702874
             66         24.762         70.550       0.740201       0.702874
             67         27.866         77.349       0.735153       0.702874
             68         32.567         59.288       0.645453       0.702874
             69         34.801         75.159       0.683508       0.702874
             70         28.408         85.362       0.750305       0.702874
             71         10.730         77.306       0.878117       0.702874
             72         35.308         77.718       0.687611       0.702874
             73         26.566         65.875       0.712614       0.702874
             74         40.363         51.724       0.561689       0.702874
             75         26.823         48.287       0.642880       0.702874
             76         27.368         68.373       0.714145       0.702874
             77         15.370         82.837       0.843494       0.702874
             78         17.739         30.121       0.629355       0.702874
             79         34.269         45.226       0.568920       0.702874
             80         27.662         68.377       0.711974       0.702874
             81         32.300         57.563       0.640563       0.702874
             82         33.546         69.525       0.674537       0.702874
             83         29.884         65.508       0.686726       0.702874
             84         51.794         83.777       0.617955       0.702874
             85         21.125         79.032       0.789080       0.702874
             86         45.621         57.024       0.555541       0.702874
             87         36.178         58.041       0.616022       0.702874
             88         32.595         75.437       0.698286       0.702874
             89         21.321         72.618       0.773033       0.702874
             90         32.961         66.181       0.667536       0.702874
             91         28.655         66.743       0.699629       0.702874
             92         28.695         53.601       0.651323       0.702874
             93         36.748         72.346       0.663153       0.702874
             94         37.004         49.391       0.571686       0.702874
             95         42.009         55.214       0.567910       0.702874
             96         26.986         86.353       0.761902       0.702874
             97         19.760         77.491       0.796817       0.702874
             98         33.066         66.962       0.669434       0.702874
             99         35.227         59.537       0.628268       0.702874
            100         35.246         73.252       0.675144       0.702874
            101         11.882         75.174       0.863518       0.702874
            102         38.512         82.308       0.681245       0.702874
            103         28.381         69.959       0.711397       0.702874
            104         33.773         65.778       0.660745       0.702874
            105         33.273         72.062       0.684123       0.702874
            106         22.203         50.932       0.696410       0.702874
            107         37.256         79.825       0.681792       0.702874
            108         17.013         61.377       0.782968       0.702874
            109         31.084         87.800       0.738532       0.702874
            110         24.302         68.129       0.737082       0.702874
            111         32.185         58.942       0.646811       0.702874
            112         16.824         68.526       0.802881       0.702874
            113         29.831         56.189       0.653212       0.702874
            114         36.654         79.321       0.683947       0.702874
            115         22.870         93.333       0.803191       0.702874
            116         16.108         66.109       0.804074       0.702874
            117         36.039         91.613       0.717679       0.702874
            118         32.747         65.430       0.666447       0.702874
            119         36.615         79.405       0.684406       0.702874
            120         32.835         75.068       0.695695       0.702874
            121         30.209         63.941       0.679137       0.702874
            122         29.742         74.256       0.714010       0.702874
            123         22.352         39.702       0.639792       0.702874
            124         41.820         74.604       0.640796       0.702874
            125         32.701         90.525       0.734625       0.702874
            126         39.310         70.928       0.643406       0.702874
            127         20.977         61.407       0.745370       0.702874
            128         35.533         60.272       0.629112       0.702874
            129         19.949         69.158       0.776120       0.702874
            130         31.256         81.006       0.721578       0.702874
            131         33.780         68.440       0.669534       0.702874
            132         24.277         64.557       0.726715       0.702874
            133         28.396         75.199       0.725895       0.702874
            134         24.748         70.123       0.739139       0.702874
            135         28.236         78.892       0.736432       0.702874
            136         30.440         70.878       0.699562       0.702874
            137         36.823         79.230       0.682706       0.702874
            138         29.006         60.377       0.675486       0.702874
            139          5.293         85.867       0.941935       0.702874
            140         18.060         53.123       0.746284       0.702874
            141         42.104         64.496       0.605029       0.702874
            142         28.598         69.182       0.707528       0.702874
            143         34.879         91.505       0.724024       0.702874
            144         27.459         84.179       0.754038       0.702874
            145         41.931         82.645       0.663412       0.702874
            146         30.515         69.059       0.693546       0.702874
            147         40.809         70.205       0.632398       0.702874
            148         31.385         94.110       0.749908       0.702874
            149         41.715         78.980       0.654375       0.702874
            150         13.611         80.140       0.854820       0.702874
            151         40.388         88.652       0.687010       0.702874
            152         30.975         63.568       0.672371       0.702874
            153         41.937         80.564       0.657661       0.702874
            154         33.521         62.152       0.649628       0.702874
            155         44.628         59.100       0.569758       0.702874
            156         25.710         65.370       0.717718       0.702874
            157         28.911         68.077       0.701915       0.702874
            158         34.276         51.202       0.599008       0.702874
            159         34.577         44.740       0.564066       0.702874
            160         38.210         74.618       0.661342       0.702874
            161         23.427         56.871       0.708250       0.702874
            162         38.085         77.441       0.670334       0.702874
            163         29.398         85.928       0.745086       0.702874
            164         45.225         71.350       0.612052       0.702874
            165         34.347         70.310       0.671813       0.702874
            166         33.077         81.132       0.710381       0.702874
            167         34.346         60.810       0.639054       0.702874
            168         19.487         42.056       0.683361       0.702874
            169         27.505         89.770       0.765468       0.702874
            170         24.034         87.080       0.783699       0.702874
            171         28.853         95.227       0.767463       0.702874
            172         24.397         61.537       0.716098       0.702874
            173         24.077         59.666       0.712488       0.702874
            174         20.806         85.218       0.803764       0.702874
            175         42.122         72.827       0.633557       0.702874
            176         35.536         64.891       0.646151       0.702874
            177         22.149         91.108       0.804437       0.702874
            178         15.945         47.253       0.747701       0.702874
            179         29.905         74.082       0.712412       0.702874
            180         37.690         66.733       0.639066       0.702874
            181         34.956         53.925       0.606709       0.702874
            182         31.665         89.413       0.738475       0.702874
            183         37.087         89.803       0.707723       0.702874
            184         27.484         77.215       0.737497       0.702874
            185         32.614         71.029       0.685328       0.702874
            186         37.311         57.709       0.607338       0.702874
            187         19.326         45.873       0.703579       0.702874
            188         19.823         80.514       0.802436       0.702874
            189         10.725         69.793       0.866804       0.702874
            190         33.418         88.784       0.726536       0.702874
            191         25.947         69.143       0.727128       0.702874
            192         33.156         52.566       0.613216       0.702874
            193         19.546         78.235       0.800102       0.702874
            194         22.778         85.605       0.789839       0.702874
            195         28.212         56.166       0.665648       0.702874
            196         10.305         78.357       0.883774       0.801571
            197         15.099         74.019       0.830575       0.801571
            198         22.921         65.053       0.739455       0.801571
            199         29.196         67.832       0.699096       0.801571
            200         17.947         84.826       0.825373       0.801571
            201         12.670        103.315       0.890763       0.801571
            202         15.345         81.401       0.841385       0.801571
            203         18.106         79.393       0.814292       0.801571
            204         17.828         74.351       0.806591       0.801571
            205         19.617         82.601       0.808085       0.801571
            206         29.828         83.782       0.737454       0.801571
            207         19.100         68.903       0.782962       0.801571
            208         13.963         88.541       0.863783       0.801571
            209         32.502         67.239       0.674137       0.801571
            210         15.563        101.005       0.866489       0.801571
            211         20.173         91.817       0.819868       0.801571
            212         21.477         86.872       0.801781       0.801571
            213          5.622         67.156       0.922757       0.801571
            214          5.606         84.234       0.937602       0.801571
            215          7.297         80.524       0.916911       0.801571
            216         26.262         66.179       0.715905       0.702874
            217         28.716         67.752       0.702328       0.702874
            218         28.643         73.916       0.720719       0.702874
            219         29.059         69.011       0.703693       0.702874
            220         19.615         77.102       0.797192       0.702874
            221         19.644         78.846       0.800547       0.702874
            222         35.929         75.075       0.676328       0.702874
            223         48.017         71.853       0.599426       0.702874
            224         40.130         76.137       0.654846       0.702874
            225         28.072         77.063       0.732992       0.702874
            226         30.637         42.391       0.580477       0.702874
            227         27.511         65.324       0.703656       0.702874
            228         44.128         67.201       0.603622       0.702874
            229         41.429         56.390       0.576472       0.702874
            230         31.506         59.077       0.652189       0.702874
            231         32.141         81.441       0.717024       0.702874
            232         27.809         53.239       0.656880       0.702874
            233         27.944         61.548       0.687745       0.702874
            234         39.296         57.605       0.594475       0.702874
            235         32.535         67.489       0.674730       0.702874
            236         45.993         65.344       0.586904       0.702874
            237         32.551         76.556       0.701661       0.702874
            238         39.100         59.526       0.603555       0.702874
            239         41.429         72.221       0.635467       0.702874
            240         33.513         75.391       0.692268       0.702874
            241         22.000         62.467       0.739543       0.702874
            242         32.867         41.852       0.560129       0.702874
            243         22.856         66.380       0.743867       0.702874
            244         38.511         77.179       0.667118       0.702874
            245         14.567         71.332       0.830419       0.702874
            246         13.624         89.330       0.867666       0.702874
            247         33.328         56.189       0.627689       0.702874
            248         37.179         38.259       0.507160       0.702874
            249         43.388         74.686       0.632538       0.702874
            250         30.726         61.870       0.668170       0.702874
            251         23.480         69.689       0.747987       0.702874
            252         37.060         79.733       0.682687       0.702874
            253         14.536         88.733       0.859238       0.702874
            254         42.643         55.114       0.563782       0.702874
            255          5.032         71.600       0.934340       0.702874
            256         22.312         52.821       0.703031       0.702874
            257         25.405         81.426       0.762194       0.702874
            258         27.612         51.782       0.652214       0.702874
            259         15.402         53.461       0.776333       0.702874
            260         30.114         45.252       0.600429       0.702874
            261         28.816         69.746       0.707637       0.702874
            262         26.701         68.674       0.720042       0.702874
            263         38.928         51.260       0.568367       0.702874
            264         31.936         44.275       0.580954       0.702874
            265         32.419         83.692       0.720795       0.702874
            266         32.705         75.584       0.697984       0.702874
            267         29.653         73.468       0.712445       0.702874
            268         37.794         65.496       0.634096       0.702874
            269         28.914         62.751       0.684574       0.702874
            270         34.629         92.539       0.727688       0.702874
            271         18.876         65.736       0.776909       0.702874
            272         25.420         60.420       0.703871       0.702874
            273         14.005         66.942       0.826989       0.702874
            274         35.201         45.310       0.562782       0.702874
            275         21.678         82.426       0.791766       0.702874
            276         32.975         56.920       0.633183       0.702874
            277         29.568         76.519       0.721284       0.702874
            278         40.887         81.027       0.664622       0.702874
            279         29.497         71.281       0.707307       0.702874
            280         35.423         56.242       0.613565       0.702874
            281         25.999         71.618       0.733662       0.702874
            282         36.974         67.078       0.644660       0.702874
            283         30.653         56.365       0.647739       0.702874
            284         28.392         56.468       0.665422       0.702874
            285         20.046         77.441       0.794374       0.702874
            286         27.774         68.634       0.711911       0.702874
            287         33.902         71.449       0.678199       0.702874
            288         23.666         79.649       0.770930       0.702874
            289         32.577         52.114       0.615345       0.702874
            290         24.199         66.268       0.732513       0.702874
            291         13.633         54.762       0.800673       0.702874
            292         37.718         61.061       0.618157       0.702874
            293         31.456         65.096       0.674206       0.702874
            294         15.494         70.786       0.820422       0.702874
            295         44.588         56.624       0.559459       0.702874
            296         22.548         66.868       0.747830       0.702874
            297         38.062         78.420       0.673239       0.702874
            298         33.177         48.082       0.591718       0.702874
            299         26.358         59.888       0.694386       0.702874
            300         42.939         64.454       0.600166       0.702874
            301         34.812         76.218       0.686463       0.702874
            302         25.437         81.681       0.762534       0.702874
            303         40.082         69.705       0.634910       0.702874
            304         41.128         61.742       0.600193       0.702874
            305         32.565         68.734       0.678522       0.702874
            306         28.643         82.680       0.742704       0.702874
            307         20.201         55.771       0.734102       0.702874
            308         29.977         74.210       0.712274       0.702874
            309         38.880         65.324       0.626886       0.702874
            310         25.805         82.398       0.761516       0.702874
            311         13.525         46.106       0.773186       0.702874
            312         14.494         87.978       0.858560       0.702874
            313         21.290         82.770       0.795403       0.702874
            314         24.504         89.780       0.785587       0.702874
            315         39.608         73.142       0.648707       0.702874
            316         38.430         71.353       0.649948       0.702874
            317         22.396         71.490       0.761458       0.702874
            318         38.235         60.640       0.613303       0.702874
            319         25.401         56.107       0.688363       0.702874
            320         12.481         64.486       0.837840       0.702874
            321         22.772         67.813       0.748613       0.702874
            322         26.749         69.988       0.723489       0.702874
            323         22.142         66.096       0.749063       0.702874
            324         26.445         44.688       0.628231       0.702874
            325         33.441         79.754       0.704575       0.702874
            326         23.468         92.051       0.796845       0.702874
            327         13.462         81.482       0.858208       0.702874
            328         28.305         63.946       0.693173       0.702874
            329         36.999         82.107       0.689361       0.702874
            330         47.420         76.619       0.617699       0.702874
            331         27.711         76.855       0.734990       0.702874
            332         24.445         90.967       0.788191       0.702874
            333         16.924         76.206       0.818272       0.702874
            334         31.697         74.010       0.700140       0.702874
            335         24.329         65.864       0.730258       0.702874
            336         48.784         69.511       0.587608       0.702874
            337         17.151         68.137       0.798908       0.702874
            338         34.021         65.606       0.658516       0.702874
            339         30.517         76.630       0.715185       0.702874
            340         38.418         78.578       0.671632       0.702874
            341         32.032         84.574       0.725295       0.702874
            342         39.194         88.581       0.693256       0.702874
            343         15.963         70.564       0.815511       0.702874
            344         28.558         94.732       0.768370       0.702874
            345         38.835         68.471       0.638092       0.702874
            346         30.414         84.293       0.734854       0.702874
            347         31.476         60.165       0.656529       0.702874
            348         28.353         76.040       0.728402       0.702874
            349         15.904         95.981       0.857856       0.702874
            350         29.408         60.518       0.672974       0.702874
            351         28.317         63.014       0.689948       0.702874
            352         26.305         76.183       0.743337       0.702874
            353         28.301         62.280       0.687563       0.702874
            354         23.587         77.510       0.766692       0.702874
            355         31.708         62.890       0.664814       0.702874
            356         46.824         61.701       0.568544       0.702874
            357         38.604         58.338       0.601781       0.702874
            358         30.824         85.430       0.734858       0.702874
            359         36.646         79.736       0.685124       0.702874
            360         26.040         51.057       0.662245       0.702874
            361         27.064         55.879       0.673706       0.702874
            362         36.841         52.676       0.588445       0.702874
            363         41.709         76.056       0.645831       0.702874
            364         25.563         76.890       0.750492       0.702874
            365         32.571         62.129       0.656065       0.702874
            366         35.047         79.317       0.693547       0.702874
            367         18.041         61.314       0.772650       0.702874
            368         43.392         61.843       0.587666       0.702874
            369         32.423         36.000       0.526140       0.702874
            370         33.904         71.224       0.677499       0.702874
            371         19.915         90.455       0.819558       0.702874
            372         23.274         69.483       0.749084       0.702874
            373         34.131         85.675       0.715116       0.702874
            374         29.227         64.274       0.687418       0.702874
            375         23.026         57.470       0.713947       0.702874
            376         34.093         57.682       0.628517       0.702874
            377         44.956         87.482       0.660550       0.702874
            378         40.210         80.767       0.667620       0.702874
            379         34.022         69.674       0.671904       0.702874
            380         24.704         73.570       0.748619       0.702874
            381         21.363         74.034       0.776058       0.702874
            382         15.723         55.852       0.780332       0.702874
            383         38.103         88.076       0.698027       0.702874
            384         26.637         72.275       0.730699       0.702874
            385         21.340         48.679       0.695222       0.702874
            386         29.294         72.648       0.712643       0.702874
            387         29.031         66.391       0.695762       0.702874
            388         23.378         79.808       0.773437       0.702874
            389         34.497         81.589       0.702830       0.702874
            390         12.260         77.856       0.863956       0.702874
            391         39.821         50.259       0.557937       0.702874
            392         20.806         58.566       0.737864       0.702874
            393         30.206         62.701       0.674881       0.702874
            394         29.247         74.012       0.716759       0.702874
            395         33.912         79.039       0.699766       0.702874
            396         29.406         77.815       0.725742       0.702874
            397         22.959         66.120       0.742262       0.702874
            398         36.012         63.445       0.637916       0.702874
            399         34.590         72.177       0.676024       0.702874
            400         16.742         58.019       0.776065       0.702874
            401         33.157         92.547       0.736228       0.702874
            402         29.862         75.665       0.717023       0.702874
            403         32.420         86.970       0.728453       0.702874
            404         28.026         67.017       0.705122       0.702874
            405         26.601         80.649       0.751973       0.702874
            406         24.453         86.152       0.778916       0.702874
            407         33.071         84.023       0.717571       0.702874
            408         33.447         64.714       0.659262       0.702874
            409         27.123         71.604       0.725274       0.702874
            410         18.091         62.125       0.774470       0.702874
            411         41.204         92.105       0.690914       0.702874
            412         21.815         51.914       0.704121       0.702874
            413         33.297         78.074       0.701025       0.702874
            414         12.808         69.692       0.844750       0.702874
            415         38.694         74.726       0.658840       0.702874
            416         28.241         89.821       0.760793       0.702874
            417         37.939         68.044       0.642029       0.702874
            418         32.554         46.311       0.587216       0.702874
            419         31.061         49.751       0.615641       0.702874
            420         23.754         70.408       0.747729       0.702874
            421         33.314         62.554       0.652502       0.702874
            422         24.830         70.336       0.739085       0.702874
            423         41.046         65.039       0.613080       0.702874
            424         17.735         71.988       0.802336       0.702874
            425         43.216         79.043       0.646524       0.702874
            426         46.945         86.834       0.649088       0.702874
            427         38.656         63.369       0.621111       0.702874
            428         36.411         80.855       0.689502       0.702874
            429         32.517         83.538       0.719814       0.702874
            430         33.154         66.307       0.666660       0.702874
            431         45.741         68.877       0.600929       0.702874
            432         40.113         63.026       0.611075       0.702874
            433         24.196         78.774       0.765020       0.702874
            434         16.626         69.496       0.806949       0.702874
            435         29.146         69.917       0.705786       0.702874
            436         30.574         75.859       0.712739       0.702874
            437         15.680         65.990       0.808002       0.702874
            438         30.914         43.240       0.583110       0.702874
            439         34.798         95.271       0.732465       0.702874
            440         30.669         82.530       0.729072       0.702874
            441         30.663         91.944       0.749911       0.702874
            442         29.293         69.131       0.702380       0.702874
            443         34.329         59.551       0.634331       0.702874
            444         25.391         59.564       0.701123       0.702874
            445         40.006         50.436       0.557659       0.702874
            446         33.483         79.367       0.703294       0.702874
            447         30.935         78.332       0.716883       0.702874
            448         26.413         83.545       0.759790       0.702874
            449         18.680         56.771       0.752422       0.702874
            450         26.361         54.822       0.675290       0.702874
            451         37.947         75.011       0.664062       0.702874
            452         40.988         82.808       0.668904       0.702874
            453         26.123         80.585       0.755189       0.702874
            454         39.712         97.450       0.710472       0.702874
            455         39.903         71.816       0.642823       0.702874
            456         28.329         86.230       0.752715       0.702874
            457         33.501         75.519       0.692708       0.702874
            458         19.298         87.082       0.818596       0.702874
            459         39.276         73.368       0.651323       0.702874
            460         35.394         41.529       0.539876       0.702874
            461         23.417         81.007       0.775753       0.702874
            462         29.306         95.564       0.765309       0.702874
            463         32.220         82.255       0.718538       0.702874
            464         21.595         51.564       0.704826       0.702874
            465         23.825         56.975       0.705132       0.702874
            466         35.656         71.915       0.668535       0.702874
            467         26.992         60.706       0.692221       0.702874
            468         37.342         83.056       0.689849       0.702874
            469         23.946         98.013       0.803653       0.702874
            470         26.319         77.138       0.745601       0.702874
            471         37.033         53.398       0.590483       0.702874
            472         43.279         71.786       0.623872       0.702874
            473         24.042         71.041       0.747148       0.702874
            474         26.425        105.692       0.799988       0.801571
            475         22.753         79.417       0.777305       0.801571
            476          6.971         75.214       0.915181       0.801571
            477         20.394         64.198       0.758916       0.801571
            478         20.074         86.926       0.812390       0.801571
            479         14.011         84.111       0.857207       0.801571
            480         18.792        103.447       0.846272       0.801571
            481          8.947         80.927       0.900453       0.801571
            482         15.586         82.075       0.840408       0.801571
            483         27.699         78.530       0.739255       0.801571
            484         27.166         93.803       0.775427       0.801571
            485         14.267         45.332       0.760615       0.801571
            486         13.966         88.736       0.864017       0.801571
            487         18.061         78.092       0.812160       0.801571
            488         31.286         89.625       0.741245       0.801571
            489         13.596         95.755       0.875665       0.801571
            490         16.879         65.175       0.794299       0.801571
            491         24.446         86.272       0.779207       0.801571
            492         24.300         74.737       0.754637       0.801571
            493         27.345        103.924       0.791691       0.801571
            494         12.351         66.733       0.843820       0.801571
            495         12.051         84.432       0.875099       0.801571
            496         27.343         69.715       0.718285       0.801571
            497         14.917         57.417       0.793771       0.801571
            498         17.733         80.368       0.819237       0.801571
            499         32.985         66.166       0.667328       0.801571
            500         14.904         94.602       0.863895       0.801571
            501         21.173        101.055       0.826777       0.801571
            502         19.627         87.808       0.817310       0.801571
            503         28.645         69.743       0.708859       0.801571
            504         32.243        114.023       0.779558       0.801571
            505         18.888         72.893       0.794206       0.801571
            506         20.840         78.537       0.790298       0.801571
            507         14.012         73.055       0.839062       0.801571
            508         24.625         67.133       0.731632       0.801571
            509         29.475         79.339       0.729123       0.801571
            510         21.243         75.610       0.780670       0.801571
            511         36.861        101.774       0.734117       0.801571
            512         13.518         98.881       0.879728       0.801571
            513         19.127         66.218       0.775888       0.801571
            514         14.760         97.245       0.868216       0.801571
            515          8.529         78.473       0.901970       0.801571
            516         19.774         95.120       0.827897       0.801571
            517         18.085         91.660       0.835209       0.801571
            518          7.768         75.329       0.906517       0.801571
            519         12.716         61.847       0.829453       0.801571
            520          5.338         86.281       0.941738       0.801571
            521         27.873         53.267       0.656485       0.702874
            522         22.202         77.809       0.778003       0.702874
            523         16.861         56.695       0.770778       0.702874
            524         29.444         58.379       0.664732       0.702874
            525         36.396         77.235       0.679698       0.702874
            526         21.529         63.897       0.747980       0.702874
            527         43.799         60.116       0.578513       0.702874
            528         26.981        104.226       0.794364       0.702874
            529         42.532         82.674       0.660302       0.702874
            530         27.185         81.125       0.749006       0.702874
            531         12.605         52.322       0.805855       0.702874
            532         25.000         63.948       0.718940       0.702874
            533         36.572         69.588       0.655501       0.702874
            534         26.203         75.802       0.743117       0.702874
            535         20.375         69.703       0.773810       0.702874
            536         31.505         80.629       0.719044       0.702874
            537         36.284         65.618       0.643934       0.702874
            538         18.058         79.061       0.814065       0.702874
            539         26.344         59.245       0.692203       0.702874
            540         36.742         74.613       0.670043       0.702874
            541         28.197         50.450       0.641475       0.702874
            542         25.419         90.872       0.781418       0.702874
            543         55.105         94.061       0.630580       0.702874
            544         43.518         80.551       0.649243       0.702874
            545         15.651         75.538       0.828363       0.702874
            546         23.826         82.821       0.776594       0.702874
            547         23.934         80.124       0.769991       0.702874
            548         39.714         78.933       0.665277       0.702874
            549         33.439         69.476       0.675082       0.702874
            550         35.176         68.267       0.659946       0.702874
            551         35.735         66.371       0.650017       0.702874
            552         30.309         90.159       0.748409       0.702874
            553         33.146         47.843       0.590735       0.702874
            554         30.589         77.739       0.717627       0.702874
            555         13.135         71.609       0.845003       0.702874
            556         35.364         57.226       0.618061       0.702874
            557         11.129         74.733       0.870384       0.702874
            558         41.375         61.573       0.598095       0.702874
            559         12.622         70.857       0.848798       0.702874
            560         30.660         61.333       0.666716       0.702874
            561         29.677         90.265       0.752571       0.702874
            562         29.643         57.566       0.660091       0.702874
            563         19.195         77.915       0.802334       0.702874
            564         40.374         62.524       0.607627       0.702874
            565         34.713         98.160       0.738748       0.702874
            566         29.924         79.750       0.727159       0.702874
            567         29.558         80.702       0.731925       0.702874
            568         29.672         64.852       0.686094       0.702874
            569         37.094         64.969       0.636558       0.702874
            570         17.203         67.485       0.796862       0.702874
            571         19.767         67.161       0.772607       0.702874
            572         11.683         68.167       0.853687       0.702874
            573         32.577         66.136       0.669979       0.702874
            574         34.703         62.655       0.643551       0.702874
            575         19.067         69.824       0.785500       0.702874
            576         36.864         85.826       0.699538       0.702874
            577         31.687         75.007       0.703009       0.702874
            578         31.802         69.232       0.685233       0.702874
            579         18.419         73.417       0.799431       0.702874
            580         29.813         78.498       0.724746       0.702874
            581         36.049         72.064       0.666561       0.702874
            582         29.079         68.879       0.703147       0.702874
            583         34.374         93.250       0.730661       0.702874
            584         30.887         82.010       0.726414       0.702874
            585         23.836         65.771       0.733993       0.702874
            586         23.472         87.283       0.788076       0.702874
            587         25.178         83.093       0.767454       0.702874
            588         18.003         84.404       0.824206       0.702874
            589         15.941         78.887       0.831897       0.702874
            590          7.987         82.727       0.911957       0.702874
            591         18.331         77.006       0.807727       0.702874
            592         26.507         69.758       0.724645       0.702874
            593         24.703         98.602       0.799661       0.702874
            594         28.282         54.906       0.660021       0.702874
            595         20.744         74.261       0.781654       0.702874
            596         39.100         67.449       0.633031       0.702874
            597         33.724         59.595       0.638616       0.702874
            598         24.417         69.653       0.740439       0.702874
            599         24.031         73.881       0.754570       0.702874
            600         29.608         72.577       0.710248       0.702874
            601         42.886         72.858       0.629476       0.702874
            602         28.487         81.066       0.739969       0.702874
            603         37.826         67.053       0.639336       0.702874
            604         24.866         75.887       0.753199       0.702874
            605         54.017         95.512       0.638751       0.702874
            606         28.826         70.409       0.709520       0.702874
            607         38.764         72.504       0.651614       0.702874
            608         25.529         79.177       0.756182       0.702874
            609         36.411         63.752       0.636480       0.702874
            610         32.164         68.935       0.681854       0.702874
            611         33.404         64.081       0.657343       0.702874
            612         29.485         77.305       0.723899       0.702874
            613         36.485         52.886       0.591761       0.702874
            614         39.794         69.824       0.636975       0.702874
            615         22.055         41.721       0.654186       0.702874
            616         45.104         67.024       0.597747       0.702874
            617         42.034         72.238       0.632156       0.702874
            618         16.194         80.835       0.833100       0.801571
            619         11.431         58.101       0.835602       0.801571
            620         15.108         72.604       0.827753       0.801571
            621         15.937         61.356       0.793809       0.801571
            622         15.642         66.488       0.809550       0.801571
            623         14.384         90.351       0.862662       0.801571
            624         16.996         92.914       0.845364       0.801571
            625         23.535         91.097       0.794691       0.801571
            626         13.361         76.600       0.851477       0.801571
            627         20.772         53.255       0.719405       0.801571
            628         42.258         79.106       0.651808       0.801571
            629         23.710         78.752       0.768600       0.801571
            630         19.394         88.386       0.820056       0.801571
            631         16.781         75.115       0.817393       0.801571
            632         18.306         80.988       0.815640       0.801571
            633         17.121         70.596       0.804819       0.801571
            634         26.431         65.851       0.713586       0.801571
            635         21.546         83.355       0.794607       0.801571
            636         27.042         86.530       0.761892       0.801571
            637          9.065         70.910       0.886655       0.801571
            638         21.385         75.244       0.778690       0.801571
            639         19.364        105.454       0.844860       0.801571
            640         13.083         71.593       0.845491       0.801571
            641         26.171         73.669       0.737871       0.801571
            642          7.670         87.495       0.919399       0.801571
            643         27.742         80.821       0.744465       0.801571
            644         32.955         82.076       0.713514       0.801571
            645         14.772         92.647       0.862481       0.801571
            646         14.763         85.048       0.852088       0.801571
            647         21.499         78.260       0.784494       0.801571
            648         17.099         89.974       0.840306       0.801571
            649         19.626         93.909       0.827139       0.801571
            650         19.312         89.133       0.821918       0.801571
            651         18.236         78.894       0.812255       0.801571
            652          3.813         81.297       0.955199       0.801571
            653         25.161         82.971       0.767312       0.801571
            654         16.947         93.496       0.846557       0.801571
            655         32.584         73.486       0.692809       0.801571
            656         17.738         78.030       0.814779       0.801571
            657         19.184         68.781       0.781916       0.801571
            658         18.970         83.383       0.814661       0.801571
            659         32.960         73.221       0.689585       0.801571
            660         25.673        101.472       0.798081       0.801571
            661         14.518         54.476       0.789580       0.801571
            662         17.829         63.308       0.780257       0.801571
            663         19.916         89.481       0.817949       0.801571
            664         32.546         99.715       0.753927       0.801571
            665         23.667         65.659       0.735051       0.801571
            666         21.564         88.999       0.804959       0.801571
            667         26.525         73.622       0.735142       0.801571
            668         20.798         87.090       0.807223       0.801571
            669         22.711         77.188       0.772658       0.801571
            670         26.830         75.740       0.738420       0.801571
            671         33.300         91.185       0.732496       0.801571
            672         24.990         96.853       0.794899       0.801571
            673         18.027         85.228       0.825411       0.801571
            674         16.212         58.179       0.782066       0.801571
            675         14.810         99.267       0.870178       0.801571
            676         19.266         96.144       0.833064       0.801571
            677         17.648         85.895       0.829558       0.801571
            678         20.100         71.633       0.780885       0.801571
            679         21.207        102.855       0.829061       0.801571
            680         32.559         69.411       0.680702       0.801571
            681         18.706         84.032       0.817925       0.801571
            682         13.929         71.047       0.836084       0.801571
            683         22.496         76.640       0.773078       0.801571
            684         25.531         77.101       0.751240       0.801571
            685         31.843         92.690       0.744303       0.801571
            686         22.153         62.680       0.738863       0.801571
            687         23.616         69.007       0.745029       0.801571
            688         25.327         79.115       0.757499       0.801571
            689         10.163         70.478       0.873968       0.801571
            690         25.755         77.105       0.749607       0.801571
            691         17.994         74.098       0.804611       0.801571
            692         26.540         83.924       0.759740       0.801571
            693         15.986         64.815       0.802158       0.801571
            694         18.018         86.917       0.828290       0.801571
            695         20.039         62.930       0.758479       0.801571
            696         21.591         85.185       0.797793       0.801571
            697         24.014        101.381       0.808495       0.801571
            698         14.877         63.874       0.811087       0.801571
            699         17.061        115.549       0.871347       0.801571
            700         19.205         58.910       0.754147       0.801571
            701          8.837         83.946       0.904756       0.801571
            702         32.735         86.133       0.724609       0.801571
            703         15.553         53.612       0.775138       0.801571
            704         25.964         54.335       0.676661       0.801571
            705         26.188         61.696       0.702016       0.801571
            706         14.323         76.378       0.842083       0.801571
            707         10.547         81.992       0.886025       0.801571
            708         15.028         88.411       0.854719       0.801571
            709         28.697         80.120       0.736281       0.801571
            710         21.381         94.378       0.815299       0.801571
            711         15.256         83.020       0.844765       0.801571
            712         15.187         83.789       0.846558       0.801571
            713         18.162         92.396       0.835721       0.801571
            714         20.329         78.363       0.794012       0.801571
            715         11.205         84.272       0.882643       0.801571
            716         18.198         87.124       0.827213       0.801571
            717         15.824         97.820       0.860754       0.801571
            718         12.926         85.338       0.868461       0.801571
            719         13.701        102.387       0.881975       0.801571
            720         25.482         84.512       0.768331       0.801571
            721         21.084         62.051       0.746390       0.801571
            722         20.018         59.592       0.748545       0.801571
            723         37.356         58.165       0.608925       0.801571
            724          7.186         78.793       0.916422       0.801571
            725         21.321         84.561       0.798635       0.801571
            726         48.071         73.749       0.605390       0.702874
            727         23.357         63.568       0.731300       0.702874
            728         21.287         67.059       0.759053       0.702874
            729         26.044         76.822       0.746813       0.702874
            730         23.183         68.027       0.745831       0.702874
            731         23.144         69.565       0.750355       0.702874
            732         46.320         49.521       0.516698       0.702874
            733         45.569         67.622       0.597416       0.702874
            734         29.779         61.577       0.674035       0.702874
            735         31.489         77.883       0.712092       0.702874
            736         29.070         61.325       0.678410       0.702874
            737         20.963         62.219       0.747983       0.702874
            738         30.352         93.793       0.755512       0.702874
            739         30.209        102.907       0.773065       0.702874
            740         33.005        106.619       0.763613       0.702874
            741         36.577         50.651       0.580675       0.702874
            742         27.273        100.459       0.786485       0.702874
            743         27.516         64.119       0.699722       0.702874
            744         31.031         75.473       0.708642       0.702874
            745         42.317         57.705       0.576919       0.702874
            746         24.318         72.095       0.747772       0.702874
            747         32.708         68.800       0.677781       0.702874
            748         19.774         63.351       0.762118       0.702874
            749         30.486         63.152       0.674425       0.702874
            750         30.841         74.895       0.708320       0.702874
            751         33.181         67.883       0.671686       0.702874
            752         23.252         66.560       0.741100       0.702874
            753         19.753         66.606       0.771267       0.702874
            754         26.725         23.122       0.463865       0.702874
            755         26.308         84.063       0.761637       0.702874
            756         40.294         75.498       0.652015       0.702874
            757         31.163         69.116       0.689239       0.702874
            758         25.532         53.749       0.677957       0.702874
            759         40.691         81.062       0.665790       0.702874
            760         15.538         67.215       0.812231       0.702874
            761         26.742         74.970       0.737076       0.702874
            762         31.216         72.349       0.698588       0.702874
            763         30.656         63.920       0.675858       0.702874
            764         34.225         65.621       0.657221       0.702874
            765         38.528         75.125       0.661000       0.702874
            766         37.248         70.944       0.655720       0.702874
            767         35.419         89.986       0.717563       0.702874
            768         22.049         91.353       0.805571       0.702874
            769         23.898         80.436       0.770949       0.702874
            770         30.508         78.672       0.720568       0.702874
            771         32.467         73.976       0.694984       0.702874
            772         25.527         77.022       0.751077       0.702874
            773         13.673         84.743       0.861072       0.702874
            774         26.877         57.320       0.680783       0.702874
            775         30.741         69.622       0.693704       0.702874
            776         29.071         84.830       0.744771       0.702874
            777         49.352         81.297       0.622256       0.702874
            778         36.166         90.016       0.713384       0.702874
            779         21.870         53.867       0.711240       0.702874
            780         32.125         67.519       0.677604       0.702874
            781         34.484         59.562       0.633330       0.702874
            782         36.456         58.344       0.615440       0.702874
            783         27.224         67.854       0.713668       0.702874
            784         45.427         68.699       0.601955       0.702874
            785         33.738         76.754       0.694658       0.702874
            786         31.619         64.382       0.670637       0.702874
            787         33.300         78.134       0.701168       0.702874
            788         36.906         97.713       0.725849       0.702874
            789         25.978         61.795       0.704035       0.702874
            790         19.418         62.401       0.762668       0.702874
            791         27.190         80.071       0.746508       0.702874
            792         36.614         63.461       0.634135       0.702874
            793         25.914         72.739       0.737318       0.702874
            794         28.288         83.192       0.746252       0.702874
            795         45.641         85.679       0.652444       0.702874
            796         34.256         57.129       0.625145       0.702874
            797         33.847         58.542       0.633645       0.702874
            798         20.476         60.962       0.748572       0.702874
            799         12.717         72.930       0.851515       0.702874
            800         20.255         85.052       0.807660       0.702874
            801         28.703         64.692       0.692671       0.702874
            802         28.705         73.905       0.720253       0.702874
            803         32.637         60.150       0.648258       0.702874
            804         32.167         71.881       0.690844       0.702874
            805         24.704         72.590       0.746090       0.702874
            806         33.437         70.847       0.679368       0.702874
            807         16.557         56.105       0.772138       0.702874
            808         20.268         61.700       0.752733       0.702874
            809         24.032         55.928       0.699450       0.702874
            810         34.987         78.265       0.691071       0.702874
            811         34.879         70.965       0.670469       0.702874
            812         37.446         74.533       0.665600       0.702874
            813         34.165         65.534       0.657315       0.702874
            814         32.459         81.290       0.714644       0.702874
            815         31.424         79.537       0.716802       0.702874
            816         31.630         50.860       0.616562       0.702874
            817         34.712         74.873       0.683239       0.702874
            818         25.065         60.587       0.707365       0.702874
            819         44.664         51.790       0.536941       0.702874
            820         36.959         89.545       0.707844       0.702874
            821         27.538         65.772       0.704876       0.702874
            822         21.178         71.684       0.771938       0.702874
            823         41.673         74.600       0.641592       0.702874
            824         18.407         72.257       0.796976       0.702874
            825         26.822         42.084       0.610741       0.702874
            826         24.641         73.820       0.749740       0.702874
            827         13.224         60.216       0.819936       0.702874
            828         25.333         58.226       0.696827       0.702874
            829         20.341         95.814       0.824877       0.702874
            830         27.884         61.809       0.689119       0.702874
            831         11.339         70.151       0.860851       0.702874
            832         32.975         73.478       0.690242       0.702874
            833         15.747         93.003       0.855202       0.702874
            834         32.811         80.752       0.711076       0.702874
            835         34.267         79.331       0.698350       0.702874
            836         24.661         69.284       0.737496       0.702874
            837         45.829         73.048       0.614482       0.702874
            838         32.672         65.651       0.667710       0.702874
            839         32.099         57.617       0.642214       0.702874
            840         27.524         62.424       0.694005       0.702874
            841         42.969         73.162       0.629998       0.702874
            842         17.299         63.231       0.785189       0.702874
            843         24.485         68.558       0.736845       0.702874
            844         27.913         77.212       0.734475       0.702874
            845         14.331         55.418       0.794535       0.702874
            846         46.053         70.115       0.603561       0.702874
            847         29.573         80.214       0.730633       0.702874
            848         38.066         54.636       0.589375       0.702874
            849         30.091         82.608       0.732996       0.702874
            850         29.006         70.518       0.708554       0.702874
            851         36.657         70.792       0.658845       0.702874
            852         41.634         61.071       0.594623       0.702874
            853         41.812         70.912       0.629077       0.702874
            854         21.244         95.089       0.817384       0.702874
            855         28.094         74.815       0.727001       0.702874
            856         41.137         68.706       0.625492       0.702874
            857         29.559         63.216       0.681387       0.702874
            858         23.017         64.901       0.738201       0.702874
            859         17.633         51.193       0.743800       0.702874
            860         37.397         72.471       0.659618       0.702874
            861         38.331         58.786       0.605312       0.702874
            862         29.435         69.555       0.702645       0.702874
            863         30.568         84.610       0.734603       0.702874
            864         35.984         80.965       0.692312       0.702874
            865         24.653         73.781       0.749551       0.702874
            866         31.507         69.741       0.688812       0.702874
            867         25.068         54.988       0.686865       0.702874
            868         36.744         47.486       0.563767       0.702874
            869         24.508         80.486       0.766574       0.702874
            870         25.924         59.156       0.695298       0.702874
            871         33.169         70.759       0.680846       0.702874
            872         29.760         84.217       0.738896       0.702874
            873         13.732         73.542       0.842654       0.702874
            874         16.053         75.378       0.824429       0.702874
            875         32.828         53.688       0.620559       0.702874
            876         32.114         79.439       0.712115       0.702874
            877         24.349         82.104       0.771273       0.702874
            878         24.932         81.672       0.766122       0.702874
            879         21.081         68.874       0.765649       0.702874
            880         35.189         58.900       0.626002       0.702874
            881         44.525         78.020       0.636665       0.702874
            882         28.880         48.195       0.625299       0.702874
            883         18.062         48.040       0.726756       0.702874
            884         25.014         70.563       0.738285       0.702874
            885         14.213         54.238       0.792360       0.702874
            886         10.169         71.419       0.875359       0.702874
            887         18.572         50.182       0.729882       0.702874
            888         26.955         85.662       0.760651       0.702874
            889         22.102         83.745       0.791188       0.702874
            890         20.157         73.661       0.785148       0.702874
            891         42.044         71.501       0.629717       0.702874
            892         31.238         84.444       0.729969       0.702874
            893         34.360         69.604       0.669503       0.702874
            894         17.791         70.651       0.798835       0.702874
            895         44.437         72.908       0.621311       0.702874
            896         44.420         73.858       0.624441       0.702874
            897         50.065         98.878       0.663865       0.702874
            898         34.255         93.940       0.732789       0.702874
            899         17.899         71.660       0.800147       0.702874
            900         32.526         73.124       0.692134       0.702874
            901         57.878         83.403       0.590334       0.702874
            902         32.600         85.325       0.723553       0.702874
            903         22.520         69.639       0.755635       0.702874
            904         20.458         70.868       0.775989       0.702874
            905         32.680         56.938       0.635340       0.702874
            906         22.129         79.963       0.783241       0.702874
            907         25.984         73.348       0.738413       0.702874
            908         34.668         60.707       0.636510       0.702874
            909         28.858         77.652       0.729060       0.702874
            910         41.622         66.871       0.616359       0.702874
            911         38.581         65.859       0.630593       0.702874
            912         24.498         96.244       0.797107       0.702874
            913         33.801         80.660       0.704695       0.702874
            914         27.735         61.523       0.689274       0.702874
            915         24.801         83.701       0.771424       0.702874
            916         31.485         69.849       0.689292       0.702874
            917         26.846         71.037       0.725735       0.702874
            918         15.500         66.599       0.811206       0.702874
            919         23.961         69.618       0.743950       0.702874
            920         39.613         66.885       0.628041       0.702874
            921         20.516         71.362       0.776704       0.702874
            922         26.018         80.453       0.755631       0.702874
            923         32.253         74.354       0.697461       0.702874
            924         31.235         66.380       0.680017       0.702874
            925         33.123         83.387       0.715705       0.702874
            926         40.011         49.656       0.553783       0.702874
            927         25.373         54.208       0.681163       0.702874
            928         50.793         62.795       0.552830       0.702874
            929         27.419         81.133       0.747409       0.702874
            930         22.812         74.833       0.766383       0.702874
            931         30.490         82.265       0.729592       0.702874
            932         17.133         92.726       0.844047       0.702874
            933         25.079         85.273       0.772733       0.702874
            934         27.239         70.752       0.722027       0.702874
            935         22.590         63.590       0.737876       0.702874
            936         31.216         53.483       0.631450       0.702874
            937         30.206         68.908       0.695236       0.702874
            938         50.784         72.999       0.589736       0.702874
            939         22.767         64.545       0.739245       0.702874
            940         26.506         82.294       0.756380       0.702874
            941         38.021         89.316       0.701416       0.702874
            942         17.649         60.280       0.773528       0.702874
            943         37.233         77.827       0.676404       0.702874
            944         31.939         67.536       0.678927       0.702874
            945         29.906         54.770       0.646816       0.702874
            946         36.140         51.595       0.588079       0.702874
            947         42.764         67.154       0.610946       0.702874
            948         23.774         56.009       0.702019       0.702874
            949         34.976         79.605       0.694750       0.702874
            950         22.532         77.829       0.775494       0.702874
            951         26.511         42.476       0.615707       0.702874
            952         35.742         80.651       0.692921       0.702874
            953         31.159         63.007       0.669107       0.702874
            954         33.765         89.252       0.725523       0.702874
            955         29.197         73.420       0.715475       0.702874
            956         36.515         78.457       0.682400       0.702874
            957         46.545         85.071       0.646355       0.702874
            958         30.609         51.199       0.625844       0.702874
            959         29.736         69.053       0.698994       0.702874
            960         21.904         45.680       0.675897       0.702874
            961         23.198         53.551       0.697745       0.702874
            962         29.618         83.647       0.738510       0.702874
            963         28.606         80.592       0.738037       0.702874
            964         35.927         78.385       0.685714       0.702874
            965         35.919         74.386       0.674367       0.702874
            966         32.572         76.627       0.701718       0.702874
            967         40.936         56.511       0.579916       0.702874
            968         27.668         62.959       0.694701       0.702874
            969         40.891         74.094       0.644383       0.702874
            970         36.418         91.312       0.714885       0.702874
            971         27.218         92.273       0.772219       0.702874
            972         43.396         74.393       0.631577       0.702874
            973         37.207         75.601       0.670174       0.702874
            974         35.284         53.262       0.601517       0.702874
            975         33.731         44.923       0.571144       0.702874
            976         35.759         59.204       0.623445       0.702874
            977         26.726         66.431       0.713110       0.702874
            978         27.784         95.219       0.774122       0.702874
            979         18.371         67.179       0.785265       0.702874
            980         24.657         74.538       0.751425       0.702874
            981         29.742         74.503       0.714693       0.702874
            982         47.396         81.616       0.632625       0.702874
            983         47.292         63.727       0.574017       0.702874
            984         47.021         78.998       0.626875       0.702874
            985         28.541         77.969       0.732032       0.702874
            986         27.431         74.704       0.731427       0.702874
            987         23.323         74.287       0.761060       0.702874
            988         24.687         78.098       0.759821       0.702874
            989         33.932         68.928       0.670117       0.702874
            990         31.459         92.105       0.745403       0.702874
            991         23.603         77.277       0.766027       0.702874
            992         10.307         61.041       0.855538       0.702874
            993         22.511         64.795       0.742164       0.702874
            994         44.285         81.691       0.648461       0.702874
            995         37.018         71.275       0.658171       0.702874
            996         10.929         66.815       0.859419       0.702874
            997         28.975         47.196       0.619606       0.702874
            998         31.177         63.058       0.669159       0.702874
            999         26.297         82.282       0.757809       0.702874
           1000         25.067         49.531       0.663973       0.702874
