              1         16.337         43.005       0.724703       0.801215
              2         26.126         78.092       0.749312       0.801215
              3         19.348         62.847       0.764608       0.801215
              4         24.583         88.974       0.783521       0.801215
              5         15.266        105.687       0.873788       0.801215
              6         17.472         79.993       0.820736       0.801215
              7         16.514         71.675       0.812738       0.801215
              8         22.439         58.553       0.722951       0.801215
              9         13.701        103.138       0.882737       0.801215
             10         24.075         92.712       0.793855       0.801215
             11         26.070         89.684       0.774782       0.801215
             12         15.411         93.926       0.859049       0.801215
             13          8.865         62.575       0.875908       0.801215
             14          4.397         96.221       0.956305       0.801215
             15         20.820         84.097       0.801559       0.801215
             16         16.247         71.069       0.813929       0.801215
             17         28.989         86.039       0.747981       0.801215
             18          9.396         60.165       0.864925       0.801215
             19         25.070         73.285       0.745108       0.801215
             20         19.775         77.177       0.796037       0.801215
             21         23.724         76.586       0.763490       0.801215
             22         15.809         66.922       0.808908       0.801215
             23         26.731         79.714       0.748877       0.801215
             24         23.840         85.648       0.782261       0.801215
             25         14.151         64.324       0.819670       0.801215
             26         22.354         70.490       0.759233       0.801215
             27         26.652         75.810       0.739883       0.801215
             28         21.929         72.712       0.768293       0.801215
             29         15.680         49.140       0.758098       0.801215
             30         17.573         68.502       0.795840       0.801215
             31         15.726         78.087       0.832369       0.801215
             32          4.991         86.299       0.945332       0.801215
             33         18.014         74.859       0.806036       0.801215
             34         18.757         91.733       0.830241       0.801215
             35         14.202         87.986       0.861020       0.801215
             36         19.894         89.640       0.818378       0.801215
             37         25.932         89.892       0.776110       0.801215
             38         22.234         73.846       0.768593       0.801215
             39          4.351         74.458       0.944795       0.801215
             40         12.776         83.523       0.867328       0.801215
             41         31.104         89.497       0.742091       0.801215
             42         25.941         79.491       0.753951       0.801215
             43         17.492         87.768       0.833817       0.801215
             44         14.060         80.776       0.851746       0.801215
             45         32.120         84.364       0.724256       0.801215
             46         25.073         80.303       0.762063       0.801215
             47         21.192         96.102       0.819330       0.801215
             48         16.898         83.135       0.831077       0.801215
             49         35.277         74.475       0.678578       0.801215
             50         20.967        111.749       0.842014       0.801215
             51         13.939         76.483       0.845846       0.801215
             52         15.242         80.470       0.840747       0.801215
             53         15.068         76.339       0.835152       0.801215
             54         19.819         70.116       0.779626       0.801215
             55         18.836         95.897       0.835826       0.801215
             56         14.506         80.085       0.846641       0.801215
             57         24.144         59.559       0.711549       0.801215
             58         24.353         78.669       0.763611       0.801215
             59         29.619         60.297       0.670594       0.801215
             60         17.379         73.570       0.808919       0.801215
             61         18.452         83.794       0.819532       0.801215
             62         26.890         67.116       0.713957       0.702764
             63         35.469         70.982       0.666803       0.702764
             64         33.982         85.556       0.715719       0.702764
             65         34.115         65.955       0.659091       0.702764
             66         50.729         81.864       0.617410       0.702764
             67         14.283         84.771       0.855805       0.702764
             68         39.163         85.227       0.685160       0.702764
             69         34.692         67.882       0.661786       0.702764
             70         20.675         85.752       0.805734       0.702764
             71         16.430         46.756       0.739970       0.702764
             72         43.892         64.051       0.593380       0.702764
             73         23.729         81.316       0.774105       0.702764
             74         17.256         72.295       0.807306       0.702764
             75         27.138         92.092       0.772391       0.702764
             76         49.449         70.137       0.586499       0.702764
             77         23.325         53.450       0.696188       0.702764
             78         30.325         51.697       0.630277       0.702764
             79         18.528         41.463       0.691148       0.702764
             80         25.641         64.754       0.716343       0.702764
             81         28.556         62.673       0.686983       0.702764
             82         34.460         59.728       0.634135       0.702764
             83         24.805         90.267       0.784437       0.702764
             84         26.081         58.427       0.691378       0.702764
             85         36.298         75.272       0.674661       0.702764
             86         17.921         78.687       0.814501       0.702764
             87         40.022         74.507       0.650551       0.702764
             88         24.202         62.146       0.719715       0.702764
             89         28.092         88.026       0.758074       0.702764
             90         22.949         84.785       0.786982       0.702764
             91         24.125         88.631       0.786042       0.702764
             92         39.118         89.037       0.694757       0.702764
             93         32.884         71.007       0.683475       0.702764
             94         22.278         71.627       0.762764       0.702764
             95         15.593         71.419       0.820794       0.702764
             96         11.549         51.126       0.815733       0.702764
             97         55.858         80.179       0.589390       0.702764
             98         29.647         56.816       0.657111       0.702764
             99         27.034         69.092       0.718767       0.702764
            100         29.743         56.564       0.655379       0.702764
            101          5.068         62.153       0.924602       0.702764
            102         32.852         65.377       0.665553       0.702764
            103         28.218         69.566       0.711429       0.702764
            104         29.293         63.975       0.685926       0.702764
            105         38.124         60.579       0.613748       0.702764
            106         22.185         64.865       0.745149       0.702764
            107         17.232         68.203       0.798303       0.702764
            108         31.818         68.712       0.683496       0.702764
            109         23.105         68.985       0.749109       0.702764
            110         32.057         98.854       0.755124       0.702764
            111         34.864         84.849       0.708770       0.702764
            112         34.302         93.450       0.731497       0.702764
            113         21.239         76.142       0.781895       0.702764
            114         33.770         71.724       0.679886       0.702764
            115         29.807         55.693       0.651377       0.702764
            116         33.592         58.624       0.635725       0.702764
            117         34.566         90.445       0.723495       0.702764
            118         19.453         82.408       0.809026       0.702764
            119         27.618         84.061       0.752698       0.702764
            120         22.117         54.212       0.710244       0.702764
            121         34.287         76.524       0.690585       0.702764
            122         21.526         69.763       0.764203       0.702764
            123         31.078         86.788       0.736325       0.702764
            124         22.215         69.649       0.758174       0.702764
            125         34.792         60.005       0.632987       0.702764
            126         33.621         73.379       0.685786       0.702764
            127         14.997         60.338       0.800925       0.702764
            128         21.237         53.453       0.715664       0.702764
            129         34.714         62.383       0.642482       0.702764
            130         29.166         70.290       0.706743       0.702764
            131         23.427         63.876       0.731656       0.702764
            132         30.073         51.225       0.630094       0.702764
            133         34.351         65.045       0.654404       0.702764
            134         24.529         78.991       0.763055       0.702764
            135         31.521         82.812       0.724306       0.702764
            136         28.866         92.784       0.762716       0.702764
            137         25.952         53.088       0.671660       0.702764
            138         25.995         70.544       0.730729       0.702764
            139         36.692         81.914       0.690637       0.702764
            140         34.863         72.861       0.676365       0.702764
            141         31.978         58.484       0.646501       0.702764
            142         19.842         72.463       0.785039       0.702764
            143         41.638         69.269       0.624567       0.702764
            144         30.339         58.105       0.656971       0.702764
            145         18.365         74.748       0.802766       0.702764
            146          4.667         68.633       0.936325       0.702764
            147         17.529         69.192       0.797867       0.702764
            148         26.318         84.205       0.761875       0.702764
            149         22.529         87.599       0.795426       0.702764
            150         25.524         70.916       0.735334       0.702764
            151         33.225         56.570       0.629990       0.702764
            152         20.106         70.324       0.777660       0.702764
            153         42.190         76.256       0.643804       0.702764
            154         33.257         88.514       0.726888       0.702764
            155         29.480         74.053       0.715257       0.702764
            156         24.963         50.145       0.667642       0.702764
            157         45.364         46.087       0.503953       0.702764
            158         39.140         82.412       0.677998       0.702764
            159         39.206         79.822       0.670614       0.702764
            160         18.703         70.244       0.789728       0.702764
            161         30.402         57.340       0.653512       0.702764
            162         34.849         63.112       0.644255       0.702764
            163         11.287         75.394       0.869787       0.702764
            164         35.604         81.426       0.695769       0.702764
            165         37.549         47.425       0.558113       0.702764
            166         28.372         55.393       0.661293       0.702764
            167         39.864         66.965       0.626841       0.702764
            168         19.376         70.671       0.784826       0.702764
            169         40.704         75.841       0.650743       0.702764
            170         26.479         59.305       0.691334       0.702764
            171         26.571         52.721       0.664894       0.702764
            172         36.301         64.312       0.639203       0.702764
            173         24.771         84.983       0.774307       0.702764
            174         26.797         89.961       0.770489       0.702764
            175         38.382         75.122       0.661847       0.702764
            176         32.009         96.952       0.751796       0.702764
            177         21.923         67.587       0.755076       0.702764
            178         28.380         66.493       0.700866       0.702764
            179         33.176         45.376       0.577654       0.702764
            180         16.075         82.362       0.836701       0.702764
            181         36.227         72.665       0.667312       0.702764
            182         39.312         70.577       0.642259       0.702764
            183         33.075         86.944       0.724422       0.702764
            184         38.969         64.009       0.621580       0.702764
            185         26.838         41.067       0.604775       0.702764
            186         40.580         65.238       0.616508       0.702764
            187         25.612         73.812       0.742395       0.702764
            188         28.411         60.721       0.681244       0.702764
            189         24.741         49.864       0.668373       0.702764
            190         39.193         73.483       0.652162       0.702764
            191         15.648         59.927       0.792953       0.702764
            192         29.884         65.337       0.686162       0.702764
            193         23.898         84.319       0.779165       0.702764
            194         32.404         88.744       0.732529       0.702764
            195         28.442         85.701       0.750823       0.702764
            196         29.749         50.453       0.629077       0.702764
            197         22.690         62.813       0.734633       0.702764
            198         32.546         70.994       0.685667       0.702764
            199         29.881         74.679       0.714220       0.702764
            200         31.713         81.119       0.718937       0.702764
            201         42.655         66.071       0.607682       0.702764
            202         29.753         67.325       0.693512       0.702764
            203         44.936        100.886       0.691844       0.702764
            204         25.362         70.282       0.734831       0.702764
            205         41.110         90.044       0.686553       0.702764
            206         46.309         75.694       0.620429       0.702764
            207         22.073         61.680       0.736455       0.702764
            208         23.539         74.541       0.760001       0.702764
            209         24.396         84.437       0.775839       0.702764
            210         41.846         57.209       0.577547       0.702764
            211         51.431         54.244       0.513313       0.702764
            212          9.119         72.752       0.888621       0.702764
            213         24.247         80.976       0.769565       0.702764
            214         28.116         72.471       0.720483       0.702764
            215         29.031         58.535       0.668469       0.702764
            216         26.743         70.444       0.724829       0.702764
            217         41.424         71.789       0.634103       0.702764
            218         43.921         64.093       0.593374       0.702764
            219         14.087         54.817       0.795553       0.702764
            220         23.648         84.269       0.780866       0.702764
            221         28.962         61.996       0.681591       0.702764
            222         31.338         79.105       0.716251       0.702764
            223         30.864         65.539       0.679846       0.702764
            224         42.352         78.798       0.650419       0.702764
            225         13.303         53.249       0.800115       0.702764
            226         34.563         72.075       0.675883       0.702764
            227         29.488         68.373       0.698672       0.702764
            228         22.220         80.447       0.783571       0.702764
            229         33.300         71.605       0.682566       0.702764
            230         28.462         80.450       0.738670       0.702764
            231         40.504         73.947       0.646100       0.702764
            232         21.402         83.803       0.796567       0.702764
            233         30.230         58.260       0.658379       0.702764
            234         31.709         78.956       0.713465       0.702764
            235         35.754         57.601       0.617009       0.702764
            236         33.037         80.325       0.708572       0.702764
            237         27.370         39.894       0.593097       0.702764
            238         23.351         70.617       0.751503       0.702764
            239         40.218         70.200       0.635765       0.702764
            240         39.903         81.261       0.670668       0.702764
            241         37.213         62.331       0.626162       0.702764
            242         36.972         94.162       0.718061       0.702764
            243         10.035         75.139       0.882179       0.702764
            244         26.169         75.902       0.743623       0.702764
            245         26.784         73.690       0.733426       0.702764
            246         14.649         80.739       0.846430       0.702764
            247         18.861         69.030       0.785404       0.702764
            248         30.628         95.756       0.757661       0.702764
            249         21.755         56.123       0.720652       0.702764
            250         24.910         93.561       0.789739       0.702764
            251         28.496         74.434       0.723153       0.702764
            252         39.654         62.133       0.610423       0.702764
            253         19.367         63.525       0.766357       0.702764
            254         36.005         65.251       0.644413       0.702764
            255         22.335         87.567       0.796771       0.702764
            256         30.185         71.553       0.703309       0.702764
            257         34.140         74.141       0.684710       0.702764
            258         34.008         81.394       0.705306       0.702764
            259         23.365         73.257       0.758179       0.702764
            260         29.869         44.526       0.598508       0.702764
            261         28.375         84.140       0.747810       0.702764
            262         48.448         72.519       0.599492       0.702764
            263         46.544         90.625       0.660682       0.702764
            264         43.198         94.161       0.685511       0.702764
            265         16.795         58.786       0.777792       0.702764
            266         34.068         72.170       0.679324       0.702764
            267         31.230         89.065       0.740387       0.702764
            268         38.334         50.838       0.570110       0.702764
            269         33.667         68.146       0.669324       0.702764
            270         39.101         56.714       0.591910       0.702764
            271         43.028         77.945       0.644317       0.702764
            272         29.809         77.831       0.723066       0.702764
            273         32.771         98.588       0.750524       0.702764
            274         33.972         75.290       0.689075       0.702764
            275         39.110         70.696       0.643828       0.702764
            276         27.822         59.441       0.681174       0.702764
            277         18.264         69.309       0.791447       0.801215
            278         19.810         90.095       0.819756       0.801215
            279          9.417         94.055       0.908991       0.801215
            280         12.725         74.354       0.853872       0.801215
            281         19.927         88.165       0.815651       0.801215
            282         10.361         90.677       0.897456       0.801215
            283         10.930         76.539       0.875037       0.801215
            284         31.888         71.032       0.690166       0.801215
            285         12.637         79.412       0.862716       0.801215
            286         12.017         74.585       0.861242       0.801215
            287         11.504         91.725       0.888558       0.801215
            288         24.840         47.909       0.658547       0.801215
            289         27.766         78.183       0.737932       0.801215
            290         22.818         88.317       0.794679       0.801215
            291         18.026         84.071       0.823443       0.801215
            292          7.356         87.813       0.922710       0.801215
            293         33.838         71.270       0.678069       0.801215
            294         20.290         95.545       0.824835       0.801215
            295         16.876         76.240       0.818764       0.801215
            296         19.918         59.848       0.750297       0.801215
            297         17.741         72.990       0.804463       0.801215
            298         27.629         63.745       0.697630       0.801215
            299         32.240         72.879       0.693300       0.801215
            300         19.011         89.320       0.824512       0.801215
            301         16.364         86.557       0.841007       0.801215
            302         30.710         69.170       0.692532       0.801215
            303         22.688         82.219       0.783729       0.801215
            304         13.547         80.297       0.855647       0.801215
            305         10.091         61.088       0.858229       0.801215
            306         17.421         82.665       0.825944       0.801215
            307         21.013         67.615       0.762908       0.801215
            308         17.580         76.823       0.813778       0.801215
            309         30.535         89.488       0.745590       0.801215
            310         14.792         93.623       0.863562       0.801215
            311         26.400         89.410       0.772043       0.801215
            312         18.505         92.035       0.832596       0.801215
            313         12.166         93.612       0.884982       0.801215
            314         20.895         96.454       0.821945       0.801215
            315         26.204        105.724       0.801379       0.801215
            316         19.148         70.892       0.787339       0.801215
            317         13.888         87.217       0.862638       0.801215
            318         13.647         61.725       0.818939       0.801215
            319         21.481         87.446       0.802792       0.801215
            320         23.807         75.989       0.761447       0.801215
            321          7.159         74.533       0.912366       0.801215
            322         16.827         74.431       0.815608       0.801215
            323         20.267        107.061       0.840826       0.801215
            324         21.550         76.258       0.779669       0.801215
            325         24.513         64.289       0.723955       0.801215
            326         21.422        114.671       0.842593       0.801215
            327         15.312         76.284       0.832834       0.801215
            328         21.629         53.623       0.712579       0.801215
            329         15.379        106.221       0.873527       0.801215
            330         25.823         73.177       0.739164       0.801215
            331         22.533         50.252       0.690416       0.801215
            332         22.900         43.893       0.657154       0.801215
            333         12.009         71.859       0.856813       0.801215
            334         18.348         92.473       0.834437       0.801215
            335         17.643         87.856       0.832765       0.801215
            336         23.707         96.940       0.803504       0.801215
            337         15.795        106.572       0.870918       0.801215
            338         20.977         77.899       0.787848       0.801215
            339         21.764         82.041       0.790339       0.801215
            340         24.925         71.825       0.742381       0.801215
            341         21.244         78.708       0.787459       0.801215
            342         21.731         79.441       0.785210       0.801215
            343         28.062         76.138       0.730692       0.801215
            344         12.473         69.318       0.847502       0.801215
            345         25.203         80.876       0.762411       0.801215
            346         32.970         61.635       0.651499       0.702764
            347         29.484         70.561       0.705293       0.702764
            348         22.702         83.522       0.786279       0.702764
            349         31.917         65.047       0.670837       0.702764
            350         21.942         50.453       0.696917       0.702764
            351         30.215         62.312       0.673445       0.702764
            352         23.962         99.702       0.806234       0.702764
            353         37.910         47.305       0.555122       0.702764
            354         19.030         58.617       0.754918       0.702764
            355         46.843         59.722       0.560427       0.702764
            356         35.216         58.994       0.626193       0.702764
            357         31.467         68.893       0.686462       0.702764
            358         21.722         74.295       0.773772       0.702764
            359         26.230         86.088       0.766471       0.702764
            360         26.517         55.866       0.678128       0.702764
            361         38.548         64.428       0.625657       0.702764
            362         29.396         58.134       0.664161       0.702764
            363         23.648         70.284       0.748246       0.702764
            364         33.615         81.257       0.707370       0.702764
            365         23.493         90.026       0.793044       0.702764
            366         26.044         64.559       0.712547       0.702764
            367         47.718         65.754       0.579474       0.702764
            368         49.914         83.026       0.624535       0.702764
            369         37.768         94.129       0.713655       0.702764
            370         23.616         66.853       0.738962       0.702764
            371         42.377         77.812       0.647417       0.702764
            372         25.841         74.967       0.743661       0.702764
            373         23.045         76.159       0.767700       0.702764
            374         33.876         67.720       0.666563       0.702764
            375         30.534         76.819       0.715573       0.702764
            376         33.575         52.900       0.611738       0.702764
            377         23.097         74.354       0.762992       0.702764
            378         31.173         73.243       0.701456       0.702764
            379         29.919         61.273       0.671910       0.702764
            380         30.024         50.530       0.627277       0.702764
            381         31.375         71.709       0.695633       0.702764
            382         29.423         77.805       0.725602       0.702764
            383         28.914         83.535       0.742873       0.702764
            384         37.208         76.722       0.673413       0.702764
            385         41.733         50.647       0.548243       0.702764
            386         35.416         64.324       0.644913       0.702764
            387         25.081         61.262       0.709521       0.702764
            388         24.063         62.554       0.722192       0.702764
            389         29.048         70.887       0.709329       0.702764
            390         24.111         83.411       0.775755       0.702764
            391         27.002         65.235       0.707251       0.702764
            392         26.418         56.046       0.679642       0.702764
            393         26.297         70.933       0.729535       0.702764
            394         20.717         92.877       0.817625       0.702764
            395         37.731         75.165       0.665793       0.702764
            396         21.975         67.598       0.754665       0.702764
            397         31.241         57.703       0.648752       0.702764
            398         38.760         71.639       0.648911       0.702764
            399         34.819         55.491       0.614453       0.702764
            400         33.622         81.098       0.706922       0.702764
            401         35.580         60.416       0.629357       0.702764
            402         16.731         59.503       0.780530       0.702764
            403         37.601         46.754       0.554252       0.702764
            404         24.993         69.909       0.736644       0.702764
            405         25.440         60.437       0.703763       0.702764
            406         28.207         66.571       0.702393       0.702764
            407         29.657         67.708       0.695407       0.702764
            408         35.616         54.191       0.603418       0.702764
            409         11.156         65.034       0.853580       0.702764
            410         32.065         83.192       0.721794       0.702764
            411         23.428         57.272       0.709685       0.702764
            412         44.942         71.439       0.613837       0.702764
            413         17.283         59.406       0.774631       0.702764
            414         34.450         92.462       0.728549       0.702764
            415         20.790         73.068       0.778496       0.702764
            416         30.799         84.901       0.733804       0.702764
            417         35.294         74.361       0.678133       0.702764
            418         30.213         82.724       0.732476       0.702764
            419         34.865         76.298       0.686359       0.702764
            420         30.755         95.202       0.755829       0.702764
            421         29.730         64.603       0.684835       0.702764
            422         37.118         53.514       0.590450       0.702764
            423         31.653         51.457       0.619143       0.702764
            424         36.714         66.742       0.645125       0.702764
            425         30.085         59.801       0.665299       0.702764
            426         10.110         64.289       0.864107       0.702764
            427         27.506         78.879       0.741449       0.702764
            428         27.169         62.312       0.696370       0.702764
            429         33.960         67.618       0.665675       0.702764
            430         44.480        103.156       0.698716       0.702764
            431         20.598         79.929       0.795104       0.702764
            432         32.958         75.698       0.696677       0.702764
            433         28.895         74.690       0.721050       0.702764
            434         41.222         92.015       0.690612       0.702764
            435         29.255         75.356       0.720348       0.702764
            436         36.348         83.002       0.695452       0.702764
            437         20.438         56.855       0.735583       0.702764
            438         36.732         76.179       0.674683       0.702764
            439         26.264         77.840       0.747713       0.702764
            440         26.319         55.473       0.678216       0.702764
            441         47.352         80.080       0.628416       0.702764
            442         31.890         50.302       0.612004       0.702764
            443         29.160         60.281       0.673972       0.702764
            444         45.746         58.939       0.563016       0.702764
            445         29.913         91.461       0.753546       0.702764
            446         31.067         63.775       0.672432       0.702764
            447         21.109         69.313       0.766554       0.702764
            448         23.591         72.641       0.754853       0.702764
            449         34.925         51.675       0.596710       0.702764
            450         31.773         77.003       0.707904       0.702764
            451         20.223         63.938       0.759709       0.702764
            452         45.198         73.749       0.620016       0.702764
            453         27.435         95.054       0.776021       0.702764
            454         26.507         78.624       0.747867       0.702764
            455         17.563         83.361       0.825981       0.702764
            456         39.847         84.376       0.679229       0.702764
            457         38.108         95.773       0.715358       0.702764
            458         27.632         81.715       0.747302       0.702764
            459          9.634         80.156       0.892701       0.801215
            460         15.618         83.602       0.842594       0.801215
            461         14.486         71.577       0.831684       0.801215
            462         22.456         81.542       0.784072       0.801215
            463         21.502        100.701       0.824047       0.801215
            464         35.715         67.868       0.655208       0.801215
            465         29.752         91.568       0.754764       0.801215
            466         12.754         85.563       0.870273       0.801215
            467         18.882         68.130       0.782998       0.801215
            468         32.802         94.483       0.742295       0.801215
            469         14.943         90.907       0.858828       0.801215
            470         22.615         88.169       0.795865       0.801215
            471         22.163         83.432       0.790110       0.801215
            472         19.044         90.243       0.825740       0.801215
            473         17.279         68.205       0.797865       0.801215
            474         28.850         91.316       0.759916       0.801215
            475         22.969         87.518       0.792110       0.801215
            476         35.018         84.116       0.706062       0.801215
            477         13.204         85.577       0.866335       0.801215
            478         19.033         99.408       0.839304       0.801215
            479         12.933         79.907       0.860693       0.801215
            480         17.769         98.672       0.847396       0.801215
            481          9.877         84.765       0.895640       0.801215
            482         25.751         96.763       0.789813       0.801215
            483         23.999         74.924       0.757398       0.801215
            484         24.273         81.702       0.770955       0.801215
            485         30.787         78.708       0.718825       0.801215
            486         18.621         69.243       0.788067       0.801215
            487         25.222         64.805       0.719842       0.801215
            488          6.998        106.061       0.938105       0.801215
            489         13.812         86.937       0.862910       0.801215
            490         22.308         87.358       0.796583       0.801215
            491         30.620         83.650       0.732039       0.801215
            492         32.608         98.852       0.751952       0.801215
            493         17.033         73.855       0.812595       0.801215
            494         29.455         67.677       0.696753       0.801215
            495         23.790         67.964       0.740715       0.801215
            496         18.569        102.308       0.846382       0.801215
            497         33.021         72.394       0.686753       0.801215
            498         16.580         54.293       0.766055       0.801215
            499         26.285         72.756       0.734603       0.801215
            500         18.900         72.077       0.792253       0.801215
            501         29.128         88.297       0.751942       0.801215
            502         28.708         73.684       0.719627       0.801215
            503         -1.193         80.070       1.015131       0.801215
            504         12.007         62.178       0.838149       0.801215
            505         22.004        100.527       0.820420       0.801215
            506         14.527         86.658       0.856432       0.801215
            507         18.479         81.958       0.816018       0.801215
            508         25.738         79.842       0.756224       0.801215
            509         20.410         91.222       0.817170       0.801215
            510         18.365         89.582       0.829873       0.801215
            511         15.147         67.941       0.817697       0.801215
            512         15.957         82.832       0.838471       0.801215
            513         21.377         78.652       0.786289       0.801215
            514         25.545         60.713       0.703857       0.801215
            515         22.313         86.781       0.795472       0.801215
            516         25.168         89.062       0.779671       0.801215
            517         16.155         63.614       0.797473       0.801215
            518         14.988         66.572       0.816236       0.801215
            519         12.810         51.348       0.800339       0.801215
            520         32.602         79.765       0.709864       0.801215
            521         25.534         93.205       0.784960       0.801215
            522         21.074         77.548       0.786312       0.801215
            523         17.486         78.207       0.817270       0.801215
            524         12.566         94.913       0.883082       0.801215
            525         23.022         86.510       0.789815       0.801215
            526         22.388         80.951       0.783355       0.801215
            527         14.101         59.748       0.809055       0.801215
            528         31.469         87.573       0.735649       0.801215
            529         24.348        106.236       0.813549       0.801215
            530         31.046         75.027       0.707316       0.702764
            531         23.168         86.881       0.789472       0.702764
            532         32.912         41.179       0.555791       0.702764
            533         19.739         49.455       0.714729       0.702764
            534         17.779         66.385       0.788759       0.702764
            535         15.512         56.892       0.785761       0.702764
            536         17.583         73.718       0.807419       0.702764
            537         40.090         80.170       0.666640       0.702764
            538         37.471         52.315       0.582662       0.702764
            539         32.710         84.700       0.721405       0.702764
            540         30.673         81.272       0.725996       0.702764
            541         26.980         65.834       0.709316       0.702764
            542         25.372         68.530       0.729803       0.702764
            543         37.618         73.679       0.662005       0.702764
            544         40.940         55.792       0.576771       0.702764
            545         33.716         79.698       0.702718       0.702764
            546         35.070         69.181       0.663600       0.702764
            547         30.704         84.111       0.732580       0.702764
            548         30.048         80.686       0.728644       0.702764
            549         35.450         93.034       0.724093       0.702764
            550         41.962         68.140       0.618883       0.702764
            551         25.251         65.976       0.723203       0.702764
            552         17.295         47.623       0.733590       0.702764
            553         28.537         71.831       0.715679       0.702764
            554         30.045         69.877       0.699314       0.702764
            555         18.260         80.801       0.815673       0.702764
            556         29.579         57.134       0.658887       0.702764
            557         36.397         80.339       0.688214       0.702764
            558         16.183         52.069       0.762893       0.702764
            559         29.362         63.476       0.683734       0.702764
            560         24.544         70.682       0.742258       0.702764
            561         34.653         56.907       0.621527       0.702764
            562         27.280         40.630       0.598291       0.702764
            563         32.567         67.620       0.674940       0.702764
            564         38.512         43.464       0.530209       0.702764
            565         34.021         65.057       0.656627       0.702764
            566         20.409         68.091       0.769387       0.702764
            567         32.783         75.048       0.695978       0.702764
            568         41.899         64.560       0.606429       0.702764
            569         33.581         94.170       0.737135       0.702764
            570         34.624         62.708       0.644270       0.702764
            571         34.811         62.791       0.643335       0.702764
            572         38.614         74.480       0.658569       0.702764
            573         42.934         96.024       0.691028       0.702764
            574         14.051         55.736       0.798660       0.702764
            575         14.163         72.512       0.836595       0.702764
            576         11.147         67.306       0.857915       0.702764
            577         15.100         87.219       0.852426       0.702764
            578         32.410         49.198       0.602855       0.702764
            579         25.041         84.690       0.771796       0.702764
            580         13.392         75.771       0.849799       0.702764
            581         12.523         58.241       0.823037       0.702764
            582         37.154         58.738       0.612542       0.702764
            583         40.349         74.161       0.647637       0.702764
            584         21.046         83.468       0.798632       0.702764
            585         30.957         79.642       0.720097       0.702764
            586         35.129         77.713       0.688691       0.702764
            587         26.751         86.623       0.764048       0.702764
            588         36.645         58.261       0.613884       0.702764
            589         30.305         67.112       0.688914       0.702764
            590         20.664         52.408       0.717216       0.702764
            591         26.537         78.508       0.747379       0.702764
            592         27.055         71.450       0.725342       0.702764
            593         54.816         78.444       0.588653       0.702764
            594         49.419         68.789       0.581933       0.702764
            595         26.401         67.746       0.719575       0.702764
            596         16.074         95.143       0.855468       0.702764
            597         23.698         76.642       0.763823       0.702764
            598         24.900         64.636       0.721899       0.702764
            599          8.796         76.307       0.896643       0.702764
            600         35.426         72.204       0.670854       0.702764
            601         29.965         55.469       0.649260       0.702764
            602         25.433         79.842       0.758411       0.702764
            603         29.336         83.350       0.739669       0.702764
            604         46.039         53.283       0.536467       0.702764
            605         26.121         55.550       0.680166       0.702764
            606         30.671         93.301       0.752598       0.702764
            607         33.022         75.287       0.695115       0.702764
            608         27.248         79.129       0.743856       0.702764
            609         40.873         76.605       0.652079       0.702764
            610         35.183         77.863       0.688771       0.702764
            611         35.980         69.831       0.659956       0.702764
            612         15.600         59.405       0.792014       0.702764
            613         32.632         66.491       0.670791       0.702764
            614         25.960         83.445       0.762718       0.702764
            615         41.035         81.658       0.665547       0.702764
            616         28.666         73.423       0.719204       0.702764
            617         35.906         75.343       0.677247       0.702764
            618         34.893         52.420       0.600369       0.702764
            619         30.724         86.754       0.738473       0.702764
            620         35.196         81.535       0.698487       0.702764
            621         31.602         88.460       0.736784       0.702764
            622         37.059         79.925       0.683214       0.702764
            623         29.490         78.738       0.727521       0.702764
            624         54.342         73.365       0.574480       0.702764
            625         33.064         65.806       0.665583       0.702764
            626         29.513         71.015       0.706421       0.702764
            627         34.826         72.984       0.676969       0.702764
            628         42.029         76.312       0.644850       0.702764
            629         34.958         85.477       0.709736       0.702764
            630         29.763         92.832       0.757228       0.702764
            631         41.459         71.567       0.633187       0.702764
            632         21.105         76.727       0.784273       0.702764
            633         32.271         54.537       0.628248       0.702764
            634         23.420         86.071       0.786102       0.702764
            635         24.512         70.971       0.743282       0.702764
            636         28.302         86.549       0.753575       0.702764
            637         28.242         62.797       0.689783       0.702764
            638         33.215         82.819       0.713746       0.702764
            639         22.906         54.379       0.703616       0.702764
            640         25.284         73.448       0.743912       0.702764
            641         45.202         57.391       0.559401       0.702764
            642         20.275         57.317       0.738692       0.702764
            643         28.517         66.348       0.699390       0.702764
            644         33.636         56.932       0.628610       0.702764
            645         39.087         60.676       0.608205       0.702764
            646         34.051         75.949       0.690442       0.702764
            647         30.648         83.222       0.730852       0.702764
            648         24.909         54.817       0.687572       0.702764
            649         37.247         69.340       0.650552       0.702764
            650         19.895         79.468       0.799772       0.702764
            651         33.804         71.220       0.678129       0.702764
            652         22.592         71.385       0.759600       0.702764
            653         32.534         90.857       0.736330       0.702764
            654         22.660         60.558       0.727700       0.702764
            655         33.425         64.312       0.658009       0.702764
            656         30.694         50.742       0.623088       0.702764
            657         37.886         47.513       0.556368       0.702764
            658         39.385         74.180       0.653194       0.702764
            659         38.151         61.752       0.618121       0.702764
            660         31.547         35.422       0.528928       0.702764
            661         30.554         68.147       0.690440       0.702764
            662         18.191         77.637       0.810172       0.702764
            663         34.329         89.727       0.723278       0.702764
            664         28.660         69.727       0.708703       0.702764
            665         29.865         82.752       0.734811       0.702764
            666         16.044         87.373       0.844863       0.702764
            667         33.993         67.160       0.663946       0.702764
            668         35.671         72.292       0.669601       0.702764
            669         16.934         60.102       0.780177       0.702764
            670         27.701         91.890       0.768368       0.702764
            671         35.322         56.605       0.615762       0.702764
            672         32.552         74.801       0.696776       0.702764
            673         16.834         70.675       0.807633       0.702764
            674         23.240         67.801       0.744734       0.702764
            675         22.956         37.018       0.617239       0.702764
            676         23.649         76.831       0.764640       0.702764
            677         14.358         69.785       0.829360       0.702764
            678         55.197         85.479       0.607630       0.702764
            679         24.431         88.673       0.783998       0.702764
            680         24.028         54.474       0.693924       0.702764
            681         27.950         89.975       0.762985       0.702764
            682         20.712         58.840       0.739639       0.702764
            683         20.908         79.158       0.791056       0.702764
            684         26.709         59.848       0.691430       0.702764
            685         27.378         58.574       0.681474       0.702764
            686         16.970         79.927       0.824862       0.702764
            687         35.694         71.408       0.666727       0.702764
            688         26.800         73.954       0.734010       0.702764
            689         16.019         55.480       0.775953       0.702764
            690         11.803         66.213       0.848715       0.702764
            691         43.688         61.494       0.584646       0.702764
            692         27.345         68.602       0.715000       0.702764
            693         16.285         70.357       0.812042       0.702764
            694         42.031         64.437       0.605227       0.702764
            695         34.917         82.372       0.702298       0.702764
            696         45.131         77.392       0.631655       0.702764
            697         16.648         65.902       0.798326       0.702764
            698         31.667         72.430       0.695796       0.702764
            699         39.560         56.652       0.588826       0.702764
            700         20.530         77.529       0.790633       0.702764
            701         25.013         82.402       0.767133       0.702764
            702         15.425         92.419       0.856973       0.702764
            703         35.177         49.216       0.583178       0.702764
            704         28.651         63.802       0.690101       0.702764
            705         30.271         76.771       0.717205       0.702764
            706         32.638         65.778       0.668367       0.702764
            707         31.183         77.048       0.711883       0.702764
            708         22.939         75.676       0.767390       0.702764
            709         49.622         94.883       0.656604       0.702764
            710         27.030         52.763       0.661246       0.702764
            711         44.612         54.497       0.549870       0.702764
            712         34.007        104.129       0.753814       0.702764
            713         28.674         76.675       0.727820       0.702764
            714         17.134         81.563       0.826398       0.702764
            715         20.298         70.198       0.775702       0.702764
            716         40.662         85.372       0.677373       0.702764
            717         20.952         69.746       0.768993       0.702764
            718         27.133         50.395       0.650019       0.702764
            719         32.344         80.621       0.713681       0.702764
            720         26.917         46.652       0.634122       0.702764
            721         38.844         58.430       0.600674       0.702764
            722         27.521         58.753       0.681002       0.702764
            723          8.924         77.793       0.897089       0.702764
            724         37.445        101.527       0.730558       0.702764
            725         34.710         56.815       0.620761       0.702764
            726         40.438         49.790       0.551824       0.702764
            727         22.913         75.915       0.768151       0.702764
            728         34.329         75.787       0.688247       0.702764
            729         33.751         72.254       0.681607       0.702764
            730         46.800         68.169       0.592934       0.702764
            731         28.683         81.653       0.740037       0.702764
            732         26.814         79.874       0.748670       0.702764
            733         22.144         39.819       0.642624       0.702764
            734         27.911         66.183       0.703372       0.702764
            735         33.094         91.128       0.733593       0.702764
            736         15.875         79.441       0.833444       0.702764
            737         46.717         68.688       0.595191       0.702764
            738         32.052         60.257       0.652774       0.702764
            739         23.539         60.518       0.719965       0.702764
            740         26.649         82.357       0.755529       0.702764
            741         29.994         73.028       0.708860       0.702764
            742         24.281         77.652       0.761797       0.702764
            743         29.313         86.263       0.746372       0.702764
            744         30.229         71.552       0.703004       0.702764
            745         48.577         94.769       0.661123       0.702764
            746         36.182         82.059       0.693999       0.702764
            747         36.058         65.330       0.644355       0.702764
            748         17.153         66.783       0.795638       0.702764
            749         19.169         75.785       0.798122       0.702764
            750         43.138         42.131       0.494096       0.702764
            751         21.244         81.158       0.792543       0.702764
            752         35.603         75.200       0.678683       0.702764
            753         41.542         68.695       0.623160       0.702764
            754         31.874         58.811       0.648516       0.702764
            755         27.106         74.075       0.732107       0.702764
            756         31.728         82.803       0.722976       0.702764
            757         22.406         58.033       0.721454       0.702764
            758         25.702         76.174       0.747712       0.702764
            759         34.558         62.152       0.642668       0.702764
            760         35.597         91.657       0.720268       0.702764
            761         40.147         79.957       0.665729       0.702764
            762         21.269         89.015       0.807142       0.702764
            763         21.537         47.655       0.688735       0.702764
            764         21.136         70.985       0.770559       0.702764
            765         37.681         66.301       0.637622       0.702764
            766         23.852         99.066       0.805953       0.702764
            767         40.923         57.952       0.586114       0.702764
            768         21.184         69.956       0.767563       0.702764
            769         31.711         89.201       0.737737       0.702764
            770         36.006         66.388       0.648358       0.702764
            771         27.441         61.094       0.690054       0.702764
            772         37.658         53.818       0.588328       0.702764
            773         21.782         84.604       0.795257       0.702764
            774         20.594         73.151       0.780321       0.702764
            775         40.367         82.959       0.672679       0.702764
            776         31.034         55.179       0.640030       0.702764
            777         33.305         66.791       0.667271       0.702764
            778         26.407         60.767       0.697073       0.702764
            779         24.918         61.325       0.711072       0.702764
            780         37.415         73.641       0.663099       0.702764
            781         29.045         67.713       0.699818       0.702764
            782         33.383         65.187       0.661331       0.702764
            783         33.038         58.487       0.639027       0.702764
            784         38.668         82.685       0.681361       0.702764
            785         16.429         70.064       0.810055       0.702764
            786         31.344         86.910       0.734942       0.702764
            787         34.066         81.014       0.703977       0.702764
            788         24.275         61.639       0.717445       0.702764
            789         34.245         29.118       0.459542       0.702764
            790         28.530         73.826       0.721267       0.702764
            791         37.822         83.728       0.688835       0.702764
            792         34.370         59.071       0.632177       0.702764
            793         32.502         81.885       0.715861       0.702764
            794         17.984         85.652       0.826472       0.702764
            795         44.369         86.277       0.660390       0.702764
            796         25.215         53.716       0.680539       0.702764
            797         39.440         56.480       0.588820       0.702764
            798         27.990         80.522       0.742058       0.702764
            799         16.227         66.064       0.802811       0.801215
            800         12.230         85.127       0.874376       0.801215
            801         12.924         77.281       0.856726       0.801215
            802          1.766         74.789       0.976932       0.801215
            803         34.316         67.017       0.661355       0.801215
            804         19.883         66.863       0.770794       0.801215
            805         16.970         83.160       0.830517       0.801215
            806         13.372         82.978       0.861215       0.801215
            807         21.208         67.209       0.760140       0.801215
            808          7.846         85.241       0.915711       0.801215
            809         22.011         71.526       0.764686       0.801215
            810         26.383         94.711       0.782129       0.801215
            811         23.367         81.426       0.777021       0.801215
            812         21.976         73.206       0.769112       0.801215
            813         21.290         96.812       0.819735       0.801215
            814         25.772         84.678       0.766667       0.801215
            815         -2.875         85.989       1.034588       0.801215
            816         30.392         96.821       0.761094       0.801215
            817         18.900         61.480       0.764869       0.801215
            818         29.698         74.580       0.715204       0.801215
            819         16.843         65.729       0.796021       0.801215
            820         28.408         83.841       0.746920       0.801215
            821         19.186         64.712       0.771319       0.801215
            822         17.398         87.287       0.833805       0.801215
            823         15.604         89.064       0.850916       0.801215
            824         22.761         40.143       0.638162       0.801215
            825         23.359         68.088       0.744563       0.801215
            826         22.793         78.541       0.775072       0.801215
            827         21.880         85.534       0.796303       0.801215
            828         22.608         96.342       0.809934       0.801215
            829         16.530         82.132       0.832455       0.801215
            830         25.699         86.705       0.771368       0.801215
            831         17.369         94.013       0.844058       0.801215
            832          9.516        113.313       0.922528       0.801215
            833         15.972         76.062       0.826457       0.801215
            834         29.577         69.923       0.702744       0.801215
            835         31.296         58.864       0.652886       0.801215
            836         17.187        101.295       0.854936       0.801215
            837         19.192         88.268       0.821407       0.801215
            838         14.680         87.128       0.855805       0.801215
            839         21.611         78.890       0.784964       0.801215
            840         20.487         86.368       0.808275       0.801215
            841         24.217         79.016       0.765414       0.801215
            842         23.633         59.939       0.717215       0.801215
            843         12.812         65.978       0.837385       0.801215
            844         13.850         52.476       0.791181       0.801215
            845         31.085         86.929       0.736598       0.702764
            846         44.562         76.145       0.630825       0.702764
            847         10.596         50.659       0.827022       0.702764
            848         52.987         63.668       0.545780       0.702764
            849         24.477         41.412       0.628516       0.702764
            850         28.892         71.472       0.712127       0.702764
            851         34.620         81.669       0.702295       0.702764
            852         27.981         81.928       0.745420       0.702764
            853         29.579         55.076       0.650593       0.702764
            854         37.003         63.994       0.633619       0.702764
            855         38.493         39.348       0.505495       0.702764
            856         38.403         75.416       0.662597       0.702764
            857         39.400         73.383       0.650654       0.702764
            858         20.780         72.106       0.776283       0.702764
            859         31.366         68.362       0.685484       0.702764
            860         47.266         82.515       0.635806       0.702764
            861         26.591         65.544       0.711391       0.702764
            862         32.855         55.404       0.627745       0.702764
            863         30.088         63.543       0.678655       0.702764
            864         25.318         71.109       0.737441       0.702764
            865         36.071         48.886       0.575417       0.702764
            866         32.518         55.849       0.632011       0.702764
            867         15.475         69.751       0.818423       0.702764
            868         27.395         95.323       0.776765       0.702764
            869         29.182         81.573       0.736520       0.702764
            870         42.626         81.138       0.655587       0.702764
            871         25.885         59.446       0.696652       0.702764
            872         20.146         79.870       0.798570       0.702764
            873         30.327         82.416       0.731008       0.702764
            874         22.296         59.266       0.726641       0.702764
            875         25.089         90.508       0.782963       0.702764
            876         27.506         73.434       0.727501       0.702764
            877         18.163         85.713       0.825149       0.702764
            878         26.693         54.189       0.669974       0.702764
            879         33.203         53.535       0.617205       0.702764
            880          9.355         79.443       0.894645       0.702764
            881         35.554         84.835       0.704675       0.702764
            882         42.004         64.744       0.606510       0.702764
            883         37.479         87.876       0.701016       0.702764
            884         42.518         66.104       0.608566       0.702764
            885         39.510         73.520       0.650448       0.702764
            886         38.440         58.973       0.605391       0.702764
            887         12.876         75.464       0.854241       0.702764
            888         23.577         65.536       0.735423       0.702764
            889         27.046         70.015       0.721352       0.702764
            890         30.957         72.441       0.700603       0.702764
            891         34.993         67.132       0.657350       0.702764
            892         44.422         61.236       0.579566       0.702764
            893         32.436         64.858       0.666618       0.702764
            894         39.661         67.825       0.631009       0.702764
            895         26.125         63.990       0.710093       0.702764
            896         28.982         73.459       0.717085       0.702764
            897         10.451         70.933       0.871590       0.702764
            898         20.808         69.815       0.770390       0.702764
            899         14.638         97.180       0.869088       0.702764
            900         17.302         64.107       0.787464       0.702764
            901         36.394         60.619       0.624858       0.702764
            902         31.752         60.431       0.655555       0.702764
            903         32.706         44.431       0.576004       0.702764
            904         49.785         41.492       0.454570       0.702764
            905         37.320         47.588       0.560464       0.702764
            906         13.341         42.845       0.762557       0.702764
            907         36.569         71.553       0.661778       0.702764
            908         39.694         46.410       0.539001       0.702764
            909         39.990         74.637       0.651133       0.702764
            910         29.265         58.903       0.668081       0.702764
            911         24.766         76.402       0.755196       0.702764
            912         23.682         73.672       0.756740       0.702764
            913         30.485         70.293       0.697503       0.702764
            914         32.359         57.215       0.638743       0.702764
            915         31.566         74.507       0.702416       0.702764
            916         26.725         69.210       0.721426       0.702764
            917         29.871         69.977       0.700838       0.702764
            918         13.807         75.620       0.845610       0.702764
            919         25.554         70.433       0.733775       0.702764
            920         37.394         61.294       0.621086       0.702764
            921         33.637         85.201       0.716950       0.702764
            922         33.073         55.216       0.625397       0.702764
            923         27.791         54.281       0.661381       0.702764
            924         30.571         76.347       0.714068       0.702764
            925         27.821         60.720       0.685781       0.702764
            926         14.034         57.983       0.805132       0.702764
            927         38.339         64.745       0.628082       0.702764
            928         25.037         69.596       0.735427       0.702764
            929         26.046         78.435       0.750707       0.702764
            930         33.971         69.458       0.671554       0.702764
            931         29.469         72.267       0.710338       0.702764
            932         31.169         47.351       0.603044       0.702764
            933         35.699         80.933       0.693919       0.702764
            934         30.694         67.157       0.686319       0.702764
            935         14.193         49.494       0.777148       0.702764
            936         16.940         78.917       0.823281       0.702764
            937         34.917         61.373       0.637378       0.702764
            938         24.691         80.728       0.765781       0.702764
            939         13.404         82.979       0.860926       0.702764
            940         42.874         74.472       0.634634       0.702764
            941         25.727         52.861       0.672635       0.702764
            942         23.702         56.671       0.705100       0.702764
            943         41.232         98.981       0.705936       0.702764
            944         26.853         79.723       0.748039       0.702764
            945         13.371         85.506       0.864772       0.702764
            946          8.757         75.359       0.895891       0.702764
            947         39.682         93.059       0.701058       0.702764
            948         32.392         59.650       0.648074       0.702764
            949         34.746         46.961       0.574750       0.702764
            950         29.262         55.294       0.653934       0.702764
            951         41.263         64.098       0.608366       0.702764
            952         31.786         53.383       0.626793       0.702764
            953         30.693         59.391       0.659286       0.702764
            954         25.633         71.634       0.736468       0.702764
            955         31.668         85.361       0.729400       0.702764
            956         20.756         90.866       0.814051       0.702764
            957         33.296         76.354       0.696340       0.702764
            958         37.052         40.456       0.521959       0.702764
            959         27.468         53.012       0.658698       0.702764
            960         19.878         79.925       0.800830       0.702764
            961         31.637         60.047       0.654931       0.702764
            962         43.650         68.186       0.609698       0.702764
            963         37.568         59.685       0.613705       0.702764
            964         25.855         55.683       0.682912       0.702764
            965         31.224         71.660       0.696513       0.702764
            966         19.708         80.190       0.802721       0.702764
            967         31.028         88.573       0.740571       0.702764
            968         34.471         72.813       0.678695       0.702764
            969         23.214         86.421       0.788263       0.702764
            970         29.483         73.811       0.714570       0.702764
            971         26.715         61.536       0.697283       0.702764
            972         27.417         53.093       0.659462       0.702764
            973         27.219         86.383       0.760401       0.702764
            974         37.569         73.300       0.661142       0.702764
            975         22.453         72.355       0.763174       0.702764
            976         21.530         76.762       0.780960       0.702764
            977         20.620         68.809       0.769426       0.702764
            978         30.907         56.472       0.646287       0.702764
            979         14.555         75.076       0.837615       0.801215
            980         21.111        100.229       0.826019       0.801215
            981         12.081         70.855       0.854335       0.801215
            982         11.211         78.529       0.875072       0.801215
            983         27.084         71.082       0.724101       0.801215
            984         22.333         64.922       0.744051       0.801215
            985          9.983         73.446       0.880340       0.801215
            986         32.335         91.548       0.738989       0.801215
            987          9.969         77.045       0.885430       0.801215
            988          6.186         86.763       0.933446       0.801215
            989         24.114         76.279       0.759800       0.801215
            990         14.971         88.359       0.855113       0.801215
            991         21.324         60.796       0.740330       0.702764
            992         22.318         59.183       0.726167       0.702764
            993         24.574         71.706       0.744764       0.702764
            994         34.482         75.547       0.686610       0.702764
            995         28.946         61.491       0.679930       0.702764
            996         35.245         61.828       0.636922       0.702764
            997         25.076         51.916       0.674305       0.702764
            998         24.651         82.695       0.770360       0.702764
            999         31.873         69.590       0.685864       0.702764
           1000         43.665         72.310       0.623494       0.702764
