              1         19.017         63.045       0.768257       0.802181
              2         22.960         77.411       0.771246       0.802181
              3         12.730         86.999       0.872352       0.802181
              4         22.459         91.749       0.803350       0.802181
              5         26.482         76.698       0.743340       0.802181
              6         13.623         90.082       0.868638       0.802181
              7         19.275         71.017       0.786528       0.802181
              8         20.561         74.553       0.783831       0.802181
              9         22.154         57.860       0.723124       0.802181
             10         12.800         64.602       0.834632       0.802181
             11         16.491         73.891       0.817542       0.802181
             12         30.567        103.824       0.772549       0.802181
             13         19.498         84.642       0.812769       0.802181
             14         22.057        115.989       0.840221       0.802181
             15          9.880         64.237       0.866701       0.802181
             16         27.376         88.468       0.763683       0.802181
             17          8.733         72.484       0.892474       0.802181
             18         22.430         75.216       0.770296       0.802181
             19         19.044         85.616       0.818043       0.802181
             20         29.929         87.930       0.746060       0.802181
             21         21.906         65.168       0.748418       0.802181
             22          7.477         78.485       0.913016       0.802181
             23         26.692         99.281       0.788111       0.802181
             24         21.893         64.602       0.746884       0.802181
             25         11.620         81.592       0.875338       0.802181
             26         31.651         86.108       0.731224       0.802181
             27         22.913         60.558       0.725500       0.802181
             28         25.271         72.806       0.742339       0.802181
             29          6.332         85.217       0.930834       0.802181
             30         24.575         80.749       0.766672       0.802181
             31         27.297         53.291       0.661280       0.802181
             32         19.356         61.649       0.761056       0.802181
             33         23.249         91.380       0.797182       0.802181
             34         16.210         52.600       0.764425       0.802181
             35          8.588         60.369       0.875464       0.802181
             36         27.312         89.102       0.765389       0.802181
             37         23.008         51.739       0.692187       0.802181
             38         26.369         93.205       0.779475       0.802181
             39         11.602         79.697       0.872919       0.802181
             40         20.104         67.761       0.771197       0.802181
             41         13.765         57.229       0.806112       0.802181
             42         17.683         68.133       0.793944       0.802181
             43         19.483         95.667       0.830802       0.802181
             44          4.184         69.894       0.943518       0.802181
             45         40.158         80.375       0.666827       0.697309
             46         30.866         57.728       0.651599       0.697309
             47         37.869         77.591       0.672018       0.697309
             48         43.673         59.427       0.576402       0.697309
             49         25.754         63.429       0.711227       0.697309
             50         39.239         70.577       0.642687       0.697309
             51         30.205         69.301       0.696448       0.697309
             52         30.353         82.846       0.731862       0.697309
             53         43.018         74.461       0.633824       0.697309
             54         35.988         52.082       0.591370       0.697309
             55         30.663         81.619       0.726907       0.697309
             56         35.187         82.286       0.700467       0.697309
             57         36.998         75.269       0.670446       0.697309
             58         19.340         64.421       0.769102       0.697309
             59         19.689         94.516       0.827601       0.697309
             60         24.630         57.659       0.700686       0.697309
             61         26.324         75.475       0.741411       0.697309
             62         24.595         52.491       0.680936       0.697309
             63         34.934         56.881       0.619513       0.697309
             64         29.880         71.078       0.704037       0.697309
             65         30.251         63.314       0.676687       0.697309
             66         33.326         65.822       0.663873       0.697309
             67         30.304         51.840       0.631085       0.697309
             68         21.958         61.529       0.736988       0.697309
             69         24.680         61.564       0.713834       0.697309
             70         39.701         44.396       0.527909       0.697309
             71         28.597         53.346       0.651014       0.697309
             72         43.527         68.634       0.611924       0.697309
             73         28.185         68.042       0.707098       0.697309
             74         35.420         69.220       0.661504       0.697309
             75         36.144         59.927       0.623778       0.697309
             76         17.961         78.369       0.813547       0.697309
             77         39.955         76.593       0.657179       0.697309
             78         27.737         75.671       0.731767       0.697309
             79         31.347         62.400       0.665621       0.697309
             80         25.605         63.453       0.712488       0.697309
             81         31.144         80.780       0.721740       0.697309
             82         34.958         68.795       0.663065       0.697309
             83         33.118         62.360       0.653137       0.697309
             84         27.260         82.779       0.752270       0.697309
             85         33.682         79.092       0.701334       0.697309
             86         27.168         68.932       0.717294       0.697309
             87         31.651         46.974       0.597442       0.697309
             88         28.444         55.916       0.662830       0.697309
             89         48.389         51.565       0.515885       0.697309
             90         49.520         69.898       0.585323       0.697309
             91         21.583         93.670       0.812732       0.697309
             92         42.628         78.611       0.648394       0.697309
             93         34.093         59.124       0.634261       0.697309
             94         27.416         80.934       0.746970       0.697309
             95         37.605         89.790       0.704812       0.697309
             96         25.036         73.081       0.744839       0.697309
             97         24.164         76.573       0.760125       0.697309
             98         26.238         96.433       0.786112       0.697309
             99         26.312         87.401       0.768608       0.697309
            100         22.455         68.416       0.752888       0.697309
            101         40.669         50.756       0.555167       0.697309
            102         29.522         60.175       0.670869       0.697309
            103         27.956         66.066       0.702668       0.697309
            104         21.850         62.702       0.741580       0.697309
            105         21.822         67.170       0.754782       0.697309
            106         46.358         72.804       0.610967       0.697309
            107         27.774         67.884       0.709651       0.697309
            108         23.071         89.446       0.794954       0.697309
            109         28.081         67.366       0.705796       0.697309
            110         28.341         61.405       0.684208       0.697309
            111         28.598         88.186       0.755119       0.697309
            112         22.914         81.086       0.779671       0.697309
            113         26.809         50.011       0.651018       0.697309
            114         33.620         58.182       0.633777       0.697309
            115         40.637         47.487       0.538866       0.697309
            116         34.222         75.430       0.687904       0.697309
            117         25.998         44.359       0.630484       0.697309
            118         28.796         73.768       0.719240       0.697309
            119         26.341         56.992       0.683904       0.697309
            120         40.350         74.117       0.647494       0.697309
            121         31.817         65.072       0.671611       0.697309
            122         27.894         63.425       0.694541       0.697309
            123         37.393         72.402       0.659427       0.697309
            124         42.976         71.009       0.622965       0.697309
            125         34.525         53.976       0.609892       0.697309
            126         22.442        107.382       0.827136       0.697309
            127         25.794         87.628       0.772586       0.697309
            128         21.165         59.081       0.736243       0.697309
            129         37.267         86.894       0.699853       0.697309
            130         30.959         65.223       0.678125       0.697309
            131         38.550         80.537       0.676290       0.697309
            132         23.596         68.493       0.743769       0.697309
            133         35.044         76.808       0.686694       0.697309
            134         31.617         64.579       0.671324       0.697309
            135         13.525         75.687       0.848392       0.697309
            136         31.291         32.026       0.505803       0.697309
            137         28.718         66.512       0.698434       0.697309
            138         31.560         72.585       0.696962       0.697309
            139         42.096         65.758       0.609697       0.697309
            140         32.233         84.262       0.723313       0.697309
            141         26.491         53.523       0.668919       0.697309
            142         13.587         54.421       0.800213       0.697309
            143         36.144         72.761       0.668111       0.697309
            144         28.723         76.109       0.726009       0.697309
            145         45.222         75.565       0.625604       0.697309
            146         36.260         38.436       0.514565       0.697309
            147         16.790         68.820       0.803882       0.697309
            148         31.350         45.761       0.593441       0.697309
            149         19.894         65.434       0.766853       0.697309
            150         32.735         70.584       0.683166       0.697309
            151         47.928         73.761       0.606140       0.697309
            152         36.725         71.719       0.661343       0.697309
            153         36.689         84.000       0.696005       0.697309
            154         33.335         62.967       0.653849       0.697309
            155         29.739         91.891       0.755497       0.697309
            156         28.484         52.318       0.647489       0.697309
            157         44.158         70.169       0.613756       0.697309
            158         19.359         71.164       0.786138       0.697309
            159         20.915         80.141       0.793036       0.697309
            160         33.552         80.238       0.705144       0.697309
            161         30.754         64.940       0.678618       0.697309
            162         20.543         47.573       0.698410       0.697309
            163         36.289         57.927       0.614830       0.697309
            164         34.751         83.273       0.705563       0.697309
            165         16.715         49.065       0.745895       0.697309
            166         28.829         76.414       0.726074       0.697309
            167         33.763         87.282       0.721072       0.697309
            168         33.464         73.460       0.687032       0.697309
            169         29.353         85.378       0.744159       0.697309
            170         14.666         71.107       0.829016       0.697309
            171         38.683         85.230       0.687822       0.697309
            172         35.219         80.057       0.694481       0.697309
            173         21.051         73.141       0.776507       0.697309
            174         34.870         61.167       0.636909       0.697309
            175         27.274         89.129       0.765695       0.697309
            176         32.863         72.487       0.688056       0.697309
            177         37.772         84.978       0.692285       0.697309
            178         15.940        109.374       0.872802       0.697309
            179         41.453         70.510       0.629759       0.697309
            180         38.064         66.554       0.636160       0.697309
            181         38.951         68.158       0.636342       0.697309
            182         23.618         65.374       0.734606       0.697309
            183         27.325         62.400       0.695461       0.697309
            184         21.183         68.103       0.762756       0.697309
            185         13.933         43.233       0.756268       0.697309
            186         18.461         88.142       0.826827       0.697309
            187         23.964         65.603       0.732446       0.697309
            188         31.881         79.031       0.712555       0.697309
            189         10.476         50.750       0.828888       0.697309
            190         33.732         91.901       0.731503       0.697309
            191         23.151         67.652       0.745046       0.697309
            192         19.932         83.505       0.807299       0.697309
            193         28.151         46.787       0.624343       0.697309
            194         37.722         69.022       0.646611       0.697309
            195         27.245         72.072       0.725673       0.697309
            196         31.440         47.925       0.603857       0.697309
            197         44.674         53.210       0.543599       0.697309
            198         31.289         83.732       0.727973       0.697309
            199         38.880         66.741       0.631894       0.697309
            200         37.731         70.340       0.650865       0.697309
            201         29.417         74.538       0.717021       0.697309
            202         18.023         57.494       0.761336       0.697309
            203         34.110         82.207       0.706750       0.697309
            204         23.379         65.742       0.737669       0.697309
            205         14.866         81.733       0.846102       0.697309
            206         10.241         56.983       0.847662       0.697309
            207         37.103         59.337       0.615272       0.697309
            208         29.737         69.263       0.699626       0.697309
            209         25.015         67.913       0.730816       0.697309
            210         29.369         76.972       0.723824       0.697309
            211         33.041         70.572       0.681109       0.697309
            212         27.883         82.008       0.746267       0.697309
            213         35.400         59.164       0.625650       0.697309
            214         39.580         44.098       0.526992       0.697309
            215         34.111         88.845       0.722574       0.697309
            216         38.200         49.896       0.566383       0.697309
            217         19.406         70.682       0.784587       0.697309
            218         40.744         79.859       0.662167       0.697309
            219         35.764         79.614       0.690025       0.697309
            220         31.646         57.356       0.644434       0.697309
            221         24.978         55.364       0.689106       0.697309
            222         29.987         49.507       0.622776       0.697309
            223         15.979         81.991       0.836898       0.697309
            224         32.546         67.294       0.674019       0.697309
            225         44.607         58.174       0.566002       0.697309
            226         31.846         67.997       0.681037       0.697309
            227         30.307         57.400       0.654450       0.697309
            228         24.111         45.504       0.653651       0.697309
            229         27.644         79.704       0.742481       0.697309
            230         48.920         73.776       0.601292       0.697309
            231         28.377         73.114       0.720402       0.697309
            232         22.570         91.012       0.801286       0.697309
            233         27.795         62.495       0.692159       0.697309
            234         45.995         64.320       0.583057       0.697309
            235         38.049         70.355       0.649009       0.697309
            236         34.433         87.351       0.717261       0.697309
            237         21.268         69.687       0.766173       0.697309
            238         28.747         94.315       0.766405       0.697309
            239         32.856         69.342       0.678508       0.697309
            240         33.611         67.986       0.669173       0.697309
            241         34.969         79.532       0.694595       0.697309
            242         31.939         79.328       0.712955       0.697309
            243         37.845         51.925       0.578428       0.697309
            244         21.620         80.976       0.789270       0.697309
            245         38.737         71.460       0.648472       0.697309
            246         24.137         63.171       0.723541       0.697309
            247         34.432         73.746       0.681707       0.697309
            248         31.893         67.617       0.679501       0.697309
            249         37.312         62.348       0.625605       0.697309
            250         41.078         86.327       0.677581       0.697309
            251         31.281         71.124       0.694536       0.697309
            252         32.753         64.961       0.664808       0.697309
            253         36.607         68.200       0.650718       0.697309
            254         21.041         55.190       0.723984       0.697309
            255         39.186         82.880       0.678980       0.697309
            256         54.774         82.548       0.601128       0.697309
            257         27.983         81.719       0.744916       0.697309
            258         36.196         58.024       0.615838       0.697309
            259         38.179         77.003       0.668537       0.697309
            260         17.821         59.486       0.769477       0.697309
            261         31.085        105.392       0.772234       0.697309
            262         26.300         69.856       0.726489       0.697309
            263         44.072         61.878       0.584033       0.697309
            264         26.041         57.347       0.687715       0.697309
            265         27.896         86.542       0.756239       0.697309
            266         32.132         65.145       0.669685       0.697309
            267         27.504         89.188       0.764304       0.697309
            268         32.455         56.696       0.635957       0.697309
            269         39.650         70.936       0.641458       0.697309
            270         24.748         72.073       0.744395       0.697309
            271         32.130         54.473       0.628997       0.697309
            272         37.431         64.443       0.632575       0.697309
            273         32.959         86.581       0.724283       0.697309
            274         35.854         69.361       0.659229       0.697309
            275         24.037         85.389       0.780337       0.697309
            276         39.199         41.290       0.512993       0.697309
            277         33.323         45.052       0.574821       0.697309
            278         17.112         88.634       0.838175       0.697309
            279         29.375         79.847       0.731050       0.697309
            280         29.083         83.343       0.741317       0.697309
            281         34.606         52.447       0.602471       0.697309
            282         40.018         79.024       0.663834       0.697309
            283         17.831         73.642       0.805068       0.697309
            284         35.213         51.853       0.595557       0.697309
            285         31.442         80.934       0.720210       0.697309
            286         38.513         66.322       0.632636       0.697309
            287         26.196         88.865       0.772330       0.697309
            288         24.654         63.599       0.720646       0.697309
            289         24.756         58.514       0.702706       0.697309
            290         24.123         76.137       0.759396       0.697309
            291         34.857         43.437       0.554797       0.697309
            292         31.690         79.005       0.713720       0.697309
            293         37.934         69.875       0.648134       0.697309
            294         30.256         67.289       0.689823       0.697309
            295         26.286         57.550       0.686459       0.697309
            296         39.043         76.645       0.662512       0.697309
            297         37.592         64.081       0.630263       0.697309
            298         18.848         73.973       0.796942       0.697309
            299         25.897         60.031       0.698618       0.697309
            300         44.279         51.001       0.535276       0.697309
            301         20.935         72.497       0.775929       0.697309
            302         35.516         80.970       0.695104       0.697309
            303         34.903         91.630       0.724161       0.697309
            304         26.760         79.516       0.748201       0.697309
            305         32.927         81.911       0.713273       0.697309
            306         24.712         65.736       0.726780       0.697309
            307         34.895         83.858       0.706158       0.697309
            308         29.239         56.695       0.659747       0.697309
            309         31.970         93.135       0.744454       0.697309
            310         31.934         66.040       0.674059       0.697309
            311         14.150         51.575       0.784707       0.697309
            312          5.885         63.386       0.915038       0.697309
            313         22.793         82.466       0.783455       0.697309
            314         23.876         89.849       0.790055       0.697309
            315         43.859         85.739       0.661577       0.697309
            316         50.391         45.087       0.472224       0.697309
            317         30.314         75.130       0.712514       0.697309
            318         28.901         78.975       0.732092       0.697309
            319         33.097         70.873       0.681669       0.697309
            320         27.078         70.541       0.722616       0.697309
            321         15.732         59.770       0.791632       0.697309
            322         42.792         79.494       0.650063       0.697309
            323         37.121         78.226       0.678178       0.697309
            324         25.340         86.638       0.773702       0.697309
            325         32.883         77.316       0.701605       0.697309
            326         23.174         65.744       0.739373       0.697309
            327         41.830         69.719       0.625010       0.697309
            328         14.474         62.489       0.811940       0.697309
            329         22.180         60.778       0.732640       0.697309
            330         36.548         61.118       0.625789       0.697309
            331         32.768         66.099       0.668568       0.697309
            332         36.613         83.959       0.696337       0.697309
            333         29.280         92.752       0.760060       0.697309
            334         40.954         78.206       0.656312       0.697309
            335         29.983         67.469       0.692331       0.697309
            336         26.387         69.203       0.723959       0.697309
            337         33.127         32.249       0.493287       0.697309
            338         36.195         72.331       0.666490       0.697309
            339         26.428         94.895       0.782167       0.697309
            340         35.518         54.344       0.604748       0.697309
            341         30.158         55.985       0.649905       0.697309
            342         38.785         73.121       0.653415       0.697309
            343         36.702         65.996       0.642622       0.697309
            344         33.537         73.446       0.686520       0.697309
            345         36.253         55.346       0.604217       0.697309
            346         30.351         69.533       0.696134       0.697309
            347         36.655         60.424       0.622424       0.697309
            348         30.308         55.027       0.644839       0.697309
            349         37.576         69.094       0.647732       0.697309
            350         29.061         97.069       0.769595       0.697309
            351         44.319         84.836       0.656853       0.697309
            352         34.982         60.773       0.634674       0.697309
            353         37.844         80.347       0.679807       0.697309
            354         31.960         62.942       0.663233       0.697309
            355         25.450         53.704       0.678474       0.697309
            356         15.511         65.893       0.809459       0.697309
            357         24.034         73.441       0.753439       0.697309
            358         39.317         46.249       0.540510       0.697309
            359         32.925         67.283       0.671436       0.697309
            360         27.865         57.547       0.673760       0.697309
            361         30.334         83.051       0.732467       0.697309
            362         41.974         70.119       0.625547       0.697309
            363         22.560         75.333       0.769543       0.697309
            364         26.946         71.570       0.726483       0.697309
            365         29.484         51.085       0.634053       0.697309
            366         16.029         80.085       0.833225       0.697309
            367         32.917         90.224       0.732690       0.697309
            368         32.788         55.874       0.630192       0.697309
            369         40.516         56.726       0.583348       0.697309
            370         25.258         59.746       0.702861       0.697309
            371         22.125         69.491       0.758501       0.697309
            372         15.199         42.532       0.736723       0.697309
            373         28.169         69.529       0.711673       0.697309
            374         27.822         60.307       0.684306       0.697309
            375         28.018         78.501       0.736965       0.697309
            376         18.492         64.082       0.776060       0.697309
            377         17.654         95.004       0.843293       0.697309
            378         15.971         64.635       0.801865       0.697309
            379         27.222         57.185       0.677493       0.697309
            380         19.505         60.348       0.755738       0.697309
            381         35.006         62.127       0.639608       0.697309
            382         31.536         70.260       0.690207       0.697309
            383         32.109         72.426       0.692836       0.697309
            384         22.368         84.520       0.790737       0.697309
            385         34.938         67.156       0.657789       0.697309
            386         40.058         69.000       0.632694       0.697309
            387         46.251         79.535       0.632304       0.697309
            388         28.219         61.250       0.684597       0.697309
            389         23.894         53.350       0.690670       0.697309
            390         22.925         65.186       0.739815       0.697309
            391         42.074         76.340       0.644690       0.697309
            392         30.745         67.110       0.685814       0.697309
            393         22.149         60.871       0.733209       0.697309
            394         29.856         68.081       0.695147       0.697309
            395         31.442         77.040       0.710165       0.697309
            396         41.261         55.870       0.575202       0.697309
            397         35.067         77.888       0.689553       0.697309
            398         38.546        102.614       0.726935       0.697309
            399         10.145        102.247       0.909732       0.802181
            400         12.689        110.629       0.897106       0.802181
            401          8.624         91.238       0.913644       0.802181
            402         21.628         69.695       0.763174       0.802181
            403         26.020         67.719       0.722422       0.802181
            404         21.738         82.604       0.791662       0.802181
            405         22.722         93.139       0.803888       0.802181
            406         14.194         91.898       0.866212       0.802181
            407         23.360         90.643       0.795094       0.802181
            408         18.375         87.905       0.827108       0.802181
            409         25.888         91.306       0.779099       0.802181
            410         19.561         86.108       0.814884       0.802181
            411         17.298         76.736       0.816043       0.802181
            412         12.903         73.205       0.850150       0.802181
            413         23.379         80.910       0.775825       0.802181
            414         10.708         74.559       0.874419       0.802181
            415         11.722        105.431       0.899941       0.802181
            416          8.389         61.708       0.880323       0.802181
            417         15.014         78.537       0.839506       0.802181
            418         10.275         74.010       0.878095       0.802181
            419         23.515         54.915       0.700181       0.802181
            420         25.935         68.329       0.724866       0.802181
            421         17.772         77.577       0.813613       0.802181
            422         22.421         76.803       0.774034       0.802181
            423         32.111         91.303       0.739809       0.802181
            424         16.518         95.492       0.852529       0.802181
            425         14.013         81.801       0.853745       0.802181
            426         32.720         78.735       0.706428       0.802181
            427         12.109         90.641       0.882152       0.802181
            428         37.114         97.429       0.724149       0.802181
            429          7.426         84.038       0.918807       0.802181
            430         16.738         88.009       0.840205       0.802181
            431         16.152         63.877       0.798177       0.802181
            432         18.851         98.705       0.839639       0.802181
            433         30.016         67.075       0.690851       0.802181
            434         15.190         63.874       0.807877       0.802181
            435         32.707         93.395       0.740631       0.802181
            436         14.249         80.441       0.849516       0.802181
            437         24.176         94.220       0.795805       0.802181
            438          9.190         87.781       0.905228       0.802181
            439         21.322         67.393       0.759657       0.802181
            440          4.531         68.290       0.937785       0.802181
            441         29.082         72.541       0.713821       0.802181
            442         26.110         76.197       0.744786       0.802181
            443         19.486         67.761       0.776653       0.802181
            444          3.988         52.953       0.929957       0.802181
            445         24.896         85.424       0.774327       0.802181
            446         30.324         55.842       0.648078       0.802181
            447         18.779         59.543       0.760232       0.802181
            448         20.413         91.310       0.817293       0.802181
            449         13.888         66.621       0.827497       0.802181
            450         18.305         81.530       0.816644       0.802181
            451         19.099         59.578       0.757253       0.802181
            452         28.832         82.145       0.740201       0.802181
            453         25.824         85.060       0.767106       0.802181
            454         22.797         79.185       0.776464       0.802181
            455         26.023         78.755       0.751640       0.802181
            456         10.572         99.501       0.903955       0.802181
            457         18.770         88.621       0.825219       0.802181
            458         23.025         82.314       0.781422       0.802181
            459         17.838         85.976       0.828174       0.802181
            460         19.126         86.964       0.819716       0.802181
            461         20.112         99.708       0.832145       0.802181
            462         10.644         84.323       0.887922       0.802181
            463         20.516         63.503       0.755812       0.802181
            464         21.452         45.235       0.678316       0.802181
            465         14.711         83.387       0.850033       0.802181
            466         27.599         93.903       0.772852       0.802181
            467         13.438         56.913       0.808982       0.802181
            468         19.255         60.245       0.757795       0.802181
            469         15.699         54.790       0.777283       0.802181
            470         15.405         96.804       0.862711       0.802181
            471         18.917         59.537       0.758875       0.802181
            472         17.980         71.731       0.799583       0.802181
            473         27.411         77.534       0.738809       0.802181
            474          9.426         96.371       0.910907       0.802181
            475         14.648         61.567       0.807811       0.802181
            476         13.809         80.685       0.853862       0.802181
            477         19.257         85.720       0.816562       0.802181
            478         14.646         81.490       0.847651       0.802181
            479         12.412         63.907       0.837367       0.802181
            480         28.864         94.072       0.765209       0.802181
            481         30.308         91.301       0.750775       0.802181
            482         37.841         96.419       0.718150       0.802181
            483         17.811         78.885       0.815802       0.802181
            484          7.696         67.133       0.897149       0.802181
            485          2.562         73.064       0.966117       0.802181
            486         12.942         78.926       0.859128       0.802181
            487         20.899         91.627       0.814272       0.802181
            488         20.566         82.591       0.800637       0.802181
            489         16.761        100.142       0.856628       0.802181
            490         21.677         77.285       0.780953       0.802181
            491         20.734         84.611       0.803178       0.802181
            492         31.733        105.663       0.769042       0.802181
            493         19.835         69.426       0.777787       0.802181
            494         29.010         91.268       0.758809       0.802181
            495         19.942         83.700       0.807590       0.802181
            496         33.369         95.220       0.740501       0.802181
            497         31.150         91.646       0.746324       0.802181
            498         25.370         76.790       0.751663       0.802181
            499         21.187         69.438       0.766210       0.802181
            500         21.384         61.462       0.741878       0.697309
            501         36.469         43.654       0.544836       0.697309
            502         20.091         63.140       0.758607       0.697309
            503         38.880         55.119       0.586381       0.697309
            504         52.349         71.621       0.577729       0.697309
            505         39.158        102.503       0.723580       0.697309
            506         37.878         67.674       0.641143       0.697309
            507         25.309         55.415       0.686473       0.697309
            508         38.735         69.940       0.643568       0.697309
            509         40.630         70.214       0.633447       0.697309
            510         21.922         65.123       0.748150       0.697309
            511         32.712         67.011       0.671969       0.697309
            512         21.289         69.107       0.764493       0.697309
            513         29.369         41.570       0.586000       0.697309
            514         27.098         56.317       0.675142       0.697309
            515         24.556         72.472       0.746915       0.697309
            516         27.998         86.792       0.756091       0.697309
            517         34.434         75.764       0.687523       0.697309
            518         37.708         63.156       0.626148       0.697309
            519         31.522         42.208       0.572468       0.697309
            520         16.854         68.462       0.802448       0.697309
            521         22.484         91.441       0.802641       0.697309
            522         28.772         73.063       0.717461       0.697309
            523         28.315         75.086       0.726165       0.697309
            524         29.133         41.102       0.585210       0.697309
            525         27.493         61.274       0.690277       0.697309
            526         24.989         73.447       0.746141       0.697309
            527         26.121         69.472       0.726745       0.697309
            528         43.483         73.037       0.626820       0.697309
            529         36.547         66.086       0.643908       0.697309
            530         23.856         69.736       0.745107       0.697309
            531         39.726         71.710       0.643512       0.697309
            532         33.393         74.975       0.691858       0.697309
            533         38.446         76.968       0.666886       0.697309
            534         26.237         68.625       0.723417       0.697309
            535         36.342         64.822       0.640763       0.697309
            536         23.940         34.312       0.589025       0.697309
            537         40.582         70.319       0.634068       0.697309
            538         21.870         65.709       0.750284       0.697309
            539         45.669         67.941       0.598020       0.697309
            540         10.503         73.649       0.875187       0.697309
            541         22.753         76.725       0.771272       0.697309
            542         32.869         73.503       0.690998       0.697309
            543         14.813         77.041       0.838731       0.697309
            544         20.974         87.463       0.806578       0.697309
            545         24.129         79.130       0.766324       0.697309
            546         21.173         77.007       0.784348       0.697309
            547         23.213         79.195       0.773331       0.697309
            548         19.447         75.431       0.795035       0.697309
            549         24.435         66.838       0.732290       0.697309
            550         40.094         72.518       0.643964       0.697309
            551         30.863         74.075       0.705897       0.697309
            552         36.791         57.511       0.609858       0.697309
            553         28.229         54.216       0.657599       0.697309
            554         18.344         66.168       0.782942       0.697309
            555         37.218         83.322       0.691237       0.697309
            556         27.509         72.844       0.725875       0.697309
            557         26.633         71.243       0.727891       0.697309
            558         23.154         66.992       0.743152       0.697309
            559         30.374         69.377       0.695504       0.697309
            560         15.305         82.808       0.844008       0.802181
            561         19.434         82.700       0.809721       0.802181
            562         19.031         57.692       0.751951       0.802181
            563         19.595         98.140       0.833566       0.802181
            564         22.670         93.064       0.804118       0.802181
            565         12.584         91.674       0.879299       0.802181
            566         17.946         99.265       0.846890       0.802181
            567         19.857         81.687       0.804452       0.802181
            568         15.902         82.371       0.838189       0.802181
            569         26.162         68.517       0.723681       0.802181
            570         17.772         79.315       0.816946       0.802181
            571         17.313         83.808       0.828788       0.802181
            572         22.745         80.881       0.780508       0.802181
            573         13.069         80.918       0.860951       0.802181
            574         22.354         82.156       0.786109       0.802181
            575         33.437         81.821       0.709897       0.802181
            576         23.933         76.755       0.762305       0.802181
            577         12.720         77.579       0.859136       0.802181
            578         17.720         74.351       0.807536       0.802181
            579         15.949         82.899       0.838655       0.802181
            580         29.032         82.331       0.739301       0.802181
            581         14.758         83.025       0.849073       0.802181
            582         18.966         81.165       0.810589       0.802181
            583         17.539         90.901       0.838257       0.802181
            584         26.816         86.899       0.764184       0.802181
            585         22.326         81.193       0.784329       0.802181
            586         24.780         91.808       0.787458       0.802181
            587         27.432         67.805       0.711965       0.802181
            588         26.949         84.023       0.757156       0.802181
            589         10.909         78.623       0.878155       0.802181
            590         22.433         86.594       0.794241       0.802181
            591          7.373         83.275       0.918662       0.802181
            592         24.931         65.037       0.722893       0.802181
            593         21.140         85.568       0.801887       0.802181
            594         24.049        103.074       0.810822       0.802181
            595          8.539         78.548       0.901949       0.802181
            596         26.683         70.321       0.724929       0.802181
            597         24.829         95.000       0.792794       0.802181
            598         22.984         77.176       0.770523       0.802181
            599         10.884         80.591       0.881013       0.802181
            600         24.352         72.570       0.748744       0.802181
            601         15.785         95.544       0.858216       0.802181
            602         17.352         93.768       0.843841       0.802181
            603         14.787         72.299       0.830202       0.802181
            604         30.847         99.416       0.763193       0.802181
            605         18.987         87.479       0.821661       0.802181
            606         18.854         83.759       0.816261       0.802181
            607         23.141        104.668       0.818943       0.802181
            608         17.446         85.176       0.829994       0.802181
            609         20.840         93.892       0.818363       0.802181
            610         21.860         92.684       0.809157       0.802181
            611         21.772         98.338       0.818734       0.802181
            612         11.100         55.467       0.833254       0.802181
            613         15.521         97.456       0.862620       0.802181
            614         22.109         66.027       0.749148       0.802181
            615         36.051         67.410       0.651552       0.697309
            616         19.638         75.206       0.792942       0.697309
            617         33.187         74.888       0.692925       0.697309
            618         34.716         67.115       0.659083       0.697309
            619         30.896         57.939       0.652208       0.697309
            620         30.043         57.779       0.657911       0.697309
            621         38.709         59.828       0.607162       0.697309
            622         42.169         55.071       0.566343       0.697309
            623         27.654         76.896       0.735497       0.697309
            624         28.388         70.552       0.713075       0.697309
            625         20.221         60.754       0.750280       0.697309
            626         38.824         73.701       0.654978       0.697309
            627         38.065         74.850       0.662887       0.697309
            628         22.779         63.722       0.736658       0.697309
            629         27.840         83.716       0.750441       0.697309
            630         31.486         77.380       0.710783       0.697309
            631         17.926         67.080       0.789120       0.697309
            632         17.382         67.860       0.796084       0.697309
            633         32.076         62.855       0.662113       0.697309
            634         32.954         80.102       0.708514       0.697309
            635         33.696         80.004       0.703641       0.697309
            636         15.826         78.432       0.832103       0.697309
            637         35.927         70.844       0.663515       0.697309
            638         40.519         49.728       0.551022       0.697309
            639         22.676         78.536       0.775955       0.697309
            640         22.997         74.211       0.763424       0.697309
            641         41.313         69.027       0.625589       0.697309
            642         33.051         71.168       0.682868       0.697309
            643         22.554         69.282       0.754408       0.697309
            644         24.992         51.735       0.674273       0.697309
            645         27.787         77.898       0.737077       0.697309
            646         27.423         60.218       0.687100       0.697309
            647         24.364         67.622       0.735133       0.697309
            648         26.588         73.717       0.734928       0.697309
            649         22.003         56.430       0.719468       0.697309
            650         32.304         59.935       0.649780       0.697309
            651         19.270         39.801       0.673779       0.697309
            652         21.526         75.628       0.778433       0.697309
            653         31.080         69.638       0.691414       0.697309
            654         11.260         84.079       0.881893       0.697309
            655         26.953         75.435       0.736760       0.697309
            656         40.141         61.139       0.603661       0.697309
            657         29.394         75.404       0.719517       0.697309
            658         28.159         68.765       0.709476       0.697309
            659         23.492         69.174       0.746489       0.697309
            660         29.258         61.147       0.676367       0.697309
            661         36.014         57.781       0.616035       0.697309
            662         17.444         76.723       0.814759       0.697309
            663         24.999         61.457       0.710848       0.697309
            664         50.606         72.135       0.587700       0.697309
            665         28.679         68.564       0.705078       0.697309
            666         26.049         61.293       0.701760       0.697309
            667         31.675         54.077       0.630621       0.697309
            668         29.109         59.575       0.671771       0.697309
            669         28.684         73.737       0.719937       0.697309
            670         33.175         50.706       0.604504       0.697309
            671         21.429         64.965       0.751962       0.697309
            672         33.225         51.481       0.607760       0.697309
            673         23.196         63.310       0.731860       0.697309
            674         31.236         74.699       0.705140       0.697309
            675         32.069         79.552       0.712698       0.697309
            676         42.401         63.727       0.600472       0.697309
            677         31.317         55.840       0.640682       0.697309
            678         29.637         90.783       0.753886       0.697309
            679         19.327         79.322       0.804085       0.697309
            680         37.751         69.871       0.649225       0.697309
            681         12.862         93.986       0.879621       0.697309
            682         26.585         64.333       0.707597       0.697309
            683         33.965         71.062       0.676610       0.697309
            684         36.691         74.620       0.670373       0.697309
            685         30.957         82.981       0.728296       0.697309
            686         35.428         74.998       0.679168       0.697309
            687         33.119         57.527       0.634633       0.697309
            688         31.243         83.193       0.726981       0.697309
            689         28.596         71.131       0.713258       0.697309
            690         44.941         65.422       0.592793       0.697309
            691         16.161         67.973       0.807914       0.697309
            692         38.670         47.614       0.551825       0.697309
            693         24.582         46.894       0.656079       0.697309
            694         20.466         85.091       0.806113       0.697309
            695         31.600         72.837       0.697428       0.697309
            696         29.609         56.855       0.657560       0.697309
            697         30.812         91.820       0.748742       0.697309
            698         34.561         95.911       0.735109       0.697309
            699         27.810         44.958       0.617830       0.697309
            700         51.078         67.978       0.570978       0.697309
            701         34.810         53.328       0.605056       0.697309
            702         23.965         67.378       0.737636       0.697309
            703         25.715         78.527       0.753316       0.802181
            704         15.455        101.975       0.868391       0.802181
            705         23.050         93.909       0.802921       0.802181
            706         21.019        107.423       0.836356       0.802181
            707         20.387         72.772       0.781159       0.802181
            708         28.150         91.452       0.764638       0.802181
            709         17.000         79.997       0.824740       0.802181
            710         21.404         53.553       0.714449       0.802181
            711          3.801         81.803       0.955598       0.802181
            712         21.497         70.839       0.767188       0.802181
            713         13.281         84.319       0.863926       0.802181
            714         23.038         79.650       0.775650       0.802181
            715         22.660         87.511       0.794319       0.802181
            716         12.036         78.261       0.866711       0.802181
            717         31.800         88.236       0.735077       0.802181
            718         17.338         77.537       0.817256       0.802181
            719         23.637         66.889       0.738892       0.802181
            720         21.503         63.605       0.747343       0.802181
            721         10.261         81.373       0.888017       0.802181
            722         26.826         61.455       0.696129       0.802181
            723         15.582         90.526       0.853150       0.802181
            724         31.675         96.632       0.753132       0.802181
            725         21.405         82.231       0.793464       0.802181
            726         30.492        101.854       0.769602       0.802181
            727         20.794         87.613       0.808187       0.802181
            728         13.525         67.295       0.832648       0.802181
            729         30.596         96.783       0.759805       0.802181
            730         10.691         94.310       0.898185       0.802181
            731         18.940         85.443       0.818549       0.802181
            732         20.639         91.388       0.815768       0.802181
            733         22.850         61.699       0.729742       0.802181
            734         22.080         94.618       0.810792       0.802181
            735         16.299         77.979       0.827115       0.802181
            736         25.755         56.445       0.686680       0.802181
            737         28.892         65.584       0.694186       0.802181
            738         14.863         85.807       0.852361       0.802181
            739         31.723         66.076       0.675633       0.802181
            740         20.904         78.736       0.790204       0.802181
            741         12.234         66.902       0.845408       0.802181
            742          8.569         58.941       0.873065       0.802181
            743         22.503         63.226       0.737510       0.802181
            744          8.916         97.256       0.916024       0.802181
            745         12.088         87.654       0.878804       0.802181
            746         22.740         79.287       0.777114       0.802181
            747         15.848         85.239       0.843220       0.802181
            748         18.429         93.332       0.835104       0.802181
            749         32.161         86.543       0.729065       0.802181
            750         23.731         61.637       0.722019       0.802181
            751         28.862         52.276       0.644286       0.802181
            752         16.130         70.171       0.813096       0.802181
            753         20.129         95.656       0.826156       0.802181
            754         25.402         47.720       0.652604       0.802181
            755         24.837        109.054       0.814497       0.802181
            756         22.081         99.392       0.818225       0.802181
            757         17.692         90.018       0.835746       0.802181
            758         15.300         85.772       0.848621       0.802181
            759         16.679         83.997       0.834333       0.802181
            760         23.933         92.184       0.793888       0.802181
            761         13.215        105.409       0.888601       0.802181
            762         27.898         90.335       0.764044       0.802181
            763         20.580         94.431       0.821059       0.802181
            764         15.360         83.709       0.844954       0.802181
            765         14.693         73.131       0.832697       0.802181
            766         18.618         75.855       0.802930       0.802181
            767         23.661         77.212       0.765438       0.802181
            768         25.251         84.485       0.769895       0.802181
            769         27.846         77.156       0.734807       0.802181
            770         15.958         91.955       0.852122       0.802181
            771         14.930         79.230       0.841440       0.802181
            772         30.110         77.343       0.719785       0.802181
            773         19.228         82.579       0.811133       0.802181
            774         19.187         59.007       0.754625       0.802181
            775         13.239         95.201       0.877913       0.802181
            776         27.019         72.286       0.727921       0.802181
            777         21.514         86.251       0.800364       0.802181
            778         25.339         87.346       0.775133       0.802181
            779         17.617         92.904       0.840602       0.802181
            780         12.695         85.729       0.871021       0.802181
            781         19.643         89.210       0.819547       0.802181
            782         21.589         84.906       0.797274       0.802181
            783         10.644         60.341       0.850055       0.802181
            784         26.346         83.961       0.761157       0.802181
            785         20.783         72.089       0.776219       0.802181
            786         16.487         78.794       0.826969       0.802181
            787         23.622         78.207       0.768021       0.802181
            788         22.017         73.366       0.769176       0.802181
            789         25.652         74.216       0.743139       0.802181
            790         21.456         78.094       0.784473       0.802181
            791         28.200         64.529       0.695887       0.802181
            792         19.781         59.317       0.749917       0.802181
            793         27.708         91.462       0.767495       0.802181
            794         18.733         69.844       0.788510       0.802181
            795         20.952         73.951       0.779228       0.802181
            796         17.995         62.416       0.776214       0.802181
            797         18.273         79.296       0.812715       0.802181
            798          1.245         57.104       0.978656       0.802181
            799         10.258         87.264       0.894815       0.802181
            800         34.234         65.659       0.657293       0.802181
            801         21.443         92.134       0.811203       0.802181
            802         29.197         81.909       0.737218       0.802181
            803         27.606         95.140       0.775100       0.802181
            804          1.417         74.870       0.981427       0.802181
            805         30.710         54.322       0.638839       0.802181
            806         28.205         85.585       0.752128       0.802181
            807         25.186         80.138       0.760869       0.802181
            808         24.931         90.658       0.784316       0.802181
            809         20.762         90.113       0.812740       0.802181
            810         13.526         73.800       0.845113       0.802181
            811         19.500         83.070       0.809887       0.802181
            812         15.587         50.122       0.762782       0.802181
            813         20.170         95.283       0.825298       0.802181
            814         39.050         76.249       0.661316       0.697309
            815         24.783         84.525       0.773278       0.697309
            816         35.740         46.949       0.567773       0.697309
            817         17.835        107.757       0.857992       0.697309
            818         36.193         73.443       0.669881       0.697309
            819         23.160         60.570       0.723401       0.697309
            820         18.622         73.014       0.796785       0.697309
            821         38.422         76.184       0.664743       0.697309
            822         45.713         80.114       0.636696       0.697309
            823         43.697         46.965       0.518025       0.697309
            824         38.778         52.772       0.576433       0.697309
            825         24.192         80.833       0.769658       0.697309
            826         33.109         84.935       0.719518       0.697309
            827         13.646         71.799       0.840298       0.697309
            828         29.966         67.302       0.691925       0.697309
            829         23.400         57.166       0.709556       0.697309
            830         35.174         74.639       0.679691       0.697309
            831         31.889         79.245       0.713058       0.697309
            832         35.895         82.084       0.695752       0.697309
            833         35.567         74.649       0.677301       0.697309
            834         30.827         65.044       0.678454       0.697309
            835         27.036         85.942       0.760693       0.697309
            836         14.805         81.512       0.846291       0.697309
            837         47.123         72.229       0.605177       0.697309
            838         43.718         54.806       0.556271       0.697309
            839         20.269         59.653       0.746388       0.697309
            840         30.556         79.757       0.723005       0.697309
            841         34.596         69.210       0.666728       0.697309
            842         15.925        100.357       0.863050       0.697309
            843         31.233         68.361       0.686395       0.697309
            844         22.785         59.024       0.721486       0.697309
            845         34.952         70.773       0.669407       0.697309
            846         42.181         84.765       0.667725       0.697309
            847         17.239         63.636       0.786848       0.697309
            848         25.653         47.261       0.648178       0.697309
            849         16.321         87.321       0.842527       0.697309
            850         15.103         84.701       0.848673       0.697309
            851         27.620         75.242       0.731481       0.697309
            852         25.622         76.859       0.749980       0.697309
            853         17.138         77.467       0.818846       0.697309
            854         32.707         70.625       0.683480       0.697309
            855         23.404         65.641       0.737165       0.697309
            856         34.946         79.317       0.694163       0.697309
            857         35.248         80.054       0.694298       0.697309
            858         28.565         75.531       0.725589       0.697309
            859          8.257         71.120       0.895976       0.697309
            860         33.588         67.242       0.666887       0.697309
            861         26.710         84.709       0.760278       0.697309
            862         34.283         77.775       0.694060       0.697309
            863         37.734         70.233       0.650505       0.697309
            864         25.445         70.994       0.736156       0.697309
            865         28.779         71.551       0.713155       0.697309
            866         27.593         57.339       0.675118       0.697309
            867         34.056         62.906       0.648770       0.697309
            868         13.893         53.619       0.794216       0.697309
            869         37.616         50.324       0.572257       0.697309
            870         30.846         67.005       0.684765       0.697309
            871         24.235         78.129       0.763249       0.697309
            872         41.423         90.568       0.686168       0.697309
            873         29.107         67.747       0.699476       0.697309
            874         19.881         83.968       0.808555       0.802181
            875         29.324         79.281       0.729994       0.802181
            876         14.709         65.268       0.816080       0.802181
            877         23.825         90.432       0.791476       0.802181
            878         11.672         76.033       0.866916       0.802181
            879         14.479         69.610       0.827814       0.802181
            880         18.816         91.782       0.829868       0.802181
            881         11.684         90.603       0.885770       0.802181
            882         21.363         91.262       0.810321       0.802181
            883         12.323         94.907       0.885082       0.802181
            884         32.023        104.270       0.765042       0.802181
            885         25.393         85.627       0.771275       0.802181
            886         14.349         72.725       0.835209       0.802181
            887         16.076         88.018       0.845567       0.802181
            888         29.870         71.048       0.704019       0.802181
            889         28.303         93.864       0.768323       0.802181
            890         22.447         69.274       0.755271       0.802181
            891         23.826        101.366       0.809686       0.802181
            892         25.678         78.422       0.753337       0.802181
            893         22.691         90.657       0.799813       0.802181
            894         19.022         68.080       0.781614       0.802181
            895         16.406        102.710       0.862270       0.802181
            896         12.139         61.011       0.834051       0.802181
            897         20.966         88.603       0.808648       0.802181
            898         22.439         89.584       0.799692       0.802181
            899         22.575         81.812       0.783740       0.802181
            900         27.480         65.164       0.703380       0.802181
            901          7.072        102.880       0.935683       0.802181
            902         31.218         57.128       0.646636       0.802181
            903         10.764         89.531       0.892680       0.802181
            904         24.229         52.446       0.684005       0.802181
            905          7.819         87.444       0.917927       0.802181
            906         18.889         56.707       0.750135       0.802181
            907         23.253         72.205       0.756405       0.802181
            908         13.164         85.176       0.866142       0.802181
            909         22.086         73.508       0.768957       0.802181
            910         29.491         71.234       0.707217       0.802181
            911         18.556         71.808       0.794648       0.802181
            912         16.878         63.126       0.789033       0.802181
            913         23.805         86.422       0.784036       0.802181
            914         14.857         88.259       0.855923       0.802181
            915         19.841         88.215       0.816387       0.802181
            916         16.926         74.171       0.814198       0.802181
            917         15.826         72.686       0.821202       0.802181
            918         17.047         81.470       0.826961       0.802181
            919         24.978         73.675       0.746810       0.802181
            920         18.304         79.291       0.812449       0.802181
            921         23.238         59.724       0.719893       0.802181
            922         10.326        101.684       0.907807       0.802181
            923         26.725         61.270       0.696288       0.802181
            924         34.745         86.740       0.713996       0.802181
            925         11.422         92.580       0.890171       0.802181
            926         22.319        106.818       0.827166       0.802181
            927         21.941         71.917       0.766232       0.802181
            928         16.310         80.006       0.830660       0.802181
            929         42.224         56.912       0.574082       0.802181
            930         17.235         66.107       0.793198       0.802181
            931         18.218         59.713       0.766229       0.802181
            932         24.837         93.124       0.789445       0.802181
            933         17.310         94.836       0.845644       0.802181
            934         21.508         98.329       0.820520       0.802181
            935         18.692         85.366       0.820367       0.802181
            936         19.220         77.620       0.801530       0.802181
            937         13.418         95.684       0.877018       0.802181
            938         15.279         84.548       0.846946       0.802181
            939         34.704         90.242       0.722251       0.802181
            940         14.515         58.767       0.801932       0.802181
            941         15.360         65.321       0.809620       0.802181
            942         12.254         66.400       0.844201       0.802181
            943         21.014         70.619       0.770676       0.802181
            944         29.789         98.581       0.767946       0.802181
            945         26.996         91.123       0.771453       0.802181
            946         10.643         80.635       0.883405       0.802181
            947         17.920         87.884       0.830627       0.802181
            948         22.664         87.607       0.794471       0.802181
            949         27.571         79.504       0.742505       0.802181
            950         22.754         85.002       0.788837       0.802181
            951         18.153         92.185       0.835478       0.802181
            952         15.522         82.098       0.840995       0.802181
            953         15.159        108.347       0.877259       0.802181
            954         14.157         66.081       0.823558       0.802181
            955         21.120         96.421       0.820321       0.802181
            956         22.746        101.353       0.816713       0.802181
            957         27.844         74.245       0.727261       0.802181
            958         10.486        103.336       0.907872       0.802181
            959         16.880         52.177       0.755563       0.802181
            960         11.935         95.837       0.889255       0.802181
            961         23.618        100.075       0.809059       0.802181
            962         20.174         64.098       0.760605       0.802181
            963          1.484        108.198       0.986473       0.802181
            964         22.374         67.780       0.751823       0.802181
            965         19.340         81.702       0.808599       0.802181
            966         22.444         96.920       0.811968       0.802181
            967         14.396         92.492       0.865313       0.802181
            968          3.176         80.070       0.961845       0.802181
            969         26.557         84.541       0.760959       0.802181
            970         11.166         81.935       0.880063       0.802181
            971         17.509         90.391       0.837731       0.802181
            972         13.732         80.641       0.854492       0.802181
            973         20.394         72.656       0.780828       0.802181
            974         20.678         64.961       0.758544       0.802181
            975         24.158         73.437       0.752468       0.802181
            976         26.632         83.626       0.758460       0.802181
            977         14.213         71.679       0.834529       0.802181
            978         18.062         72.865       0.801356       0.802181
            979         22.693         83.536       0.786375       0.802181
            980         26.756         93.910       0.778264       0.802181
            981         13.255         84.789       0.864804       0.802181
            982         35.099         68.151       0.660055       0.802181
            983         14.043        102.361       0.879363       0.802181
            984         28.221         79.408       0.737792       0.802181
            985         26.797         83.181       0.756340       0.802181
            986         20.200         87.932       0.813194       0.802181
            987         32.223         88.359       0.732773       0.802181
            988          9.842         94.673       0.905834       0.802181
            989         10.881         96.928       0.899072       0.802181
            990         17.595         66.425       0.790586       0.802181
            991         16.561         69.567       0.807719       0.802181
            992         36.804         63.331       0.632457       0.697309
            993         33.002         83.712       0.717239       0.697309
            994         30.599         86.460       0.738603       0.697309
            995         20.440        100.367       0.830805       0.697309
            996         30.576         84.778       0.734937       0.697309
            997         37.085         82.766       0.690577       0.697309
            998         18.582         72.691       0.796411       0.697309
            999         23.861         75.256       0.759268       0.697309
           1000         24.756         48.352       0.661383       0.697309
