              1         31.350         34.000       0.520282       0.701349
              2         41.120         62.358       0.602624       0.701349
              3         28.611         71.602       0.714498       0.701349
              4         29.484         70.021       0.703696       0.701349
              5         18.276         42.567       0.699618       0.701349
              6         27.684         79.846       0.742544       0.701349
              7         31.616         83.055       0.724289       0.701349
              8         24.746         88.363       0.781220       0.701349
              9         32.588         63.051       0.659258       0.701349
             10         22.188         76.101       0.774261       0.799802
             11         12.990         96.765       0.881649       0.799802
             12         29.917         69.355       0.698633       0.799802
             13         23.716         77.854       0.766509       0.799802
             14         26.746         66.383       0.712805       0.799802
             15         28.178         84.163       0.749175       0.799802
             16         20.881         90.606       0.812701       0.799802
             17         19.822         80.426       0.802273       0.799802
             18         22.502         80.719       0.782004       0.799802
             19         15.726         94.834       0.857764       0.799802
             20         15.912        109.996       0.873625       0.799802
             21          9.672         69.567       0.877944       0.799802
             22         34.256         71.812       0.677037       0.799802
             23         23.474         76.285       0.764690       0.799802
             24          6.530         82.280       0.926473       0.799802
             25         14.684         78.003       0.841576       0.799802
             26         23.609         72.620       0.754659       0.799802
             27         12.885         59.472       0.821925       0.799802
             28         18.242         54.979       0.750866       0.799802
             29         21.595         96.386       0.816958       0.799802
             30         27.624         59.152       0.681664       0.799802
             31         17.596         62.078       0.779151       0.799802
             32         16.701         72.172       0.812079       0.799802
             33         19.335        105.221       0.844769       0.799802
             34         19.151         70.675       0.786797       0.799802
             35         21.854        108.979       0.832964       0.799802
             36         27.609         73.089       0.725824       0.799802
             37         20.676         84.741       0.803865       0.799802
             38         14.490         74.627       0.837401       0.799802
             39          8.321         60.057       0.878312       0.799802
             40         27.773         82.706       0.748612       0.799802
             41         32.400         66.005       0.670749       0.799802
             42          7.448         50.149       0.870691       0.799802
             43         15.246         80.294       0.840425       0.799802
             44         10.285         98.201       0.905192       0.799802
             45          8.968         65.391       0.879401       0.799802
             46         21.305         86.510       0.802395       0.799802
             47         30.106         75.368       0.714563       0.799802
             48         21.834         69.104       0.759906       0.799802
             49         29.835         91.776       0.754669       0.799802
             50         16.052        100.175       0.861890       0.799802
             51         13.762         96.249       0.874901       0.799802
             52         23.872         83.327       0.777313       0.799802
             53         33.022         90.403       0.732451       0.799802
             54         26.218         80.523       0.754375       0.799802
             55         18.656         96.148       0.837496       0.799802
             56          8.770         66.150       0.882936       0.799802
             57         17.997         84.301       0.824069       0.799802
             58         13.149        100.357       0.884153       0.799802
             59         21.705         93.586       0.811737       0.799802
             60          5.687         60.611       0.914226       0.799802
             61         20.867         70.292       0.771091       0.799802
             62         25.940         85.926       0.768114       0.799802
             63         18.873         80.321       0.809740       0.799802
             64         21.643         67.669       0.757667       0.799802
             65         19.061         69.683       0.785211       0.799802
             66         17.202         74.665       0.812748       0.799802
             67         19.748        102.576       0.838560       0.799802
             68         22.616         92.628       0.803752       0.799802
             69         17.893         50.013       0.736506       0.799802
             70         22.577         93.582       0.805636       0.799802
             71         21.514         93.641       0.813177       0.799802
             72         11.585         67.731       0.853939       0.799802
             73         19.834         59.855       0.751102       0.799802
             74         32.358         81.967       0.716966       0.799802
             75         20.633         86.257       0.806968       0.799802
             76         25.217         61.214       0.708244       0.799802
             77         20.882         66.510       0.761051       0.799802
             78         23.739         90.486       0.792171       0.799802
             79         20.048         82.417       0.804342       0.799802
             80         40.619         85.637       0.678282       0.799802
             81         29.451         63.582       0.683435       0.799802
             82          9.750         99.192       0.910504       0.799802
             83         15.430         76.896       0.832870       0.799802
             84         29.525         78.156       0.725811       0.799802
             85         17.217        103.592       0.857485       0.799802
             86         17.730         68.271       0.793844       0.799802
             87         15.410         69.150       0.817762       0.799802
             88         27.806         86.815       0.757410       0.799802
             89          9.431         73.405       0.886145       0.799802
             90         26.649         69.947       0.724116       0.799802
             91         10.054         67.934       0.871080       0.799802
             92         17.929         86.764       0.828747       0.799802
             93         18.857         63.334       0.770575       0.799802
             94         20.216        101.271       0.833593       0.799802
             95         27.365         78.525       0.741572       0.799802
             96         13.340         66.111       0.832099       0.799802
             97         25.818         94.717       0.785804       0.799802
             98          1.791         83.083       0.978900       0.799802
             99         33.578         75.181       0.691261       0.799802
            100         22.289         62.270       0.736410       0.799802
            101         24.371         67.972       0.736082       0.799802
            102         18.329         80.928       0.815335       0.799802
            103         27.101         85.155       0.758578       0.799802
            104         12.097         88.472       0.879713       0.799802
            105         26.322         91.222       0.776069       0.799802
            106         13.263         95.213       0.877736       0.799802
            107         21.616         92.855       0.811168       0.799802
            108         25.193         71.468       0.739370       0.799802
            109         13.959        102.726       0.880367       0.799802
            110         16.543         88.352       0.842291       0.799802
            111         20.351         75.032       0.786641       0.799802
            112         23.873         61.581       0.720634       0.799802
            113         22.068         76.741       0.776665       0.799802
            114         20.366         84.686       0.806131       0.799802
            115         20.861        100.445       0.828031       0.799802
            116         19.030         89.507       0.824671       0.799802
            117         23.890         71.511       0.749580       0.799802
            118         24.400         82.845       0.772481       0.799802
            119         28.979         80.491       0.735278       0.799802
            120         12.546         84.198       0.870322       0.799802
            121         15.825         86.809       0.845815       0.799802
            122         18.929         87.735       0.822532       0.799802
            123         30.899         88.690       0.741622       0.799802
            124         25.467         85.397       0.770288       0.799802
            125         14.785         87.891       0.856006       0.799802
            126         20.361         80.307       0.797743       0.799802
            127         21.816         76.746       0.778655       0.799802
            128         16.019         94.522       0.855085       0.799802
            129         20.080         42.988       0.681609       0.799802
            130         32.609         94.392       0.743238       0.799802
            131         36.580         86.149       0.701943       0.799802
            132         23.058         79.274       0.774674       0.799802
            133         17.669         79.501       0.818166       0.799802
            134         25.577         71.007       0.735187       0.799802
            135          7.375         66.910       0.900715       0.799802
            136         21.872         88.104       0.801123       0.799802
            137         37.656         65.916       0.636424       0.799802
            138         11.885         67.358       0.850014       0.799802
            139         32.314         80.016       0.712333       0.799802
            140         18.879         82.712       0.814165       0.799802
            141         21.444        107.074       0.833144       0.799802
            142         31.011         92.224       0.748360       0.799802
            143         17.088         57.664       0.771408       0.799802
            144         19.936         88.715       0.816516       0.799802
            145         24.716         98.376       0.799209       0.799802
            146         21.319         75.711       0.780281       0.799802
            147          5.467         87.627       0.941279       0.799802
            148         15.496         83.201       0.842994       0.799802
            149         26.521         90.132       0.772651       0.799802
            150         18.763         79.815       0.809662       0.799802
            151         16.889         96.929       0.851613       0.799802
            152         20.294        101.529       0.833415       0.799802
            153         20.159         61.527       0.753219       0.799802
            154         18.761         92.239       0.830985       0.799802
            155         26.012         97.865       0.790015       0.799802
            156         16.862         69.510       0.804777       0.799802
            157         19.460         56.010       0.742148       0.799802
            158         12.099         55.489       0.820994       0.799802
            159         18.001         75.307       0.807075       0.799802
            160         17.823         58.168       0.765461       0.799802
            161         21.881        100.640       0.821411       0.799802
            162         30.305         96.281       0.760599       0.799802
            163         24.809         95.246       0.793351       0.799802
            164         14.557         51.450       0.779463       0.799802
            165         18.971         84.817       0.817210       0.799802
            166          5.560         80.637       0.935495       0.799802
            167         10.965         93.224       0.894755       0.799802
            168         29.458         62.242       0.678761       0.799802
            169         16.095         77.634       0.828283       0.799802
            170         13.903         55.468       0.799590       0.799802
            171         17.646         53.924       0.753440       0.799802
            172         25.775         73.583       0.740582       0.799802
            173         24.993         73.976       0.747469       0.799802
            174         26.019         91.170       0.777972       0.799802
            175         21.140         53.018       0.714931       0.799802
            176          8.063         84.505       0.912896       0.799802
            177         19.215         85.209       0.815991       0.799802
            178         21.842         87.521       0.800281       0.799802
            179         20.612         75.169       0.784805       0.799802
            180         24.889         79.370       0.761280       0.799802
            181          7.286         88.163       0.923666       0.799802
            182         12.265         78.685       0.865144       0.799802
            183         23.690         51.810       0.686223       0.799802
            184         17.945         56.521       0.759012       0.799802
            185         20.567         89.870       0.813768       0.799802
            186         18.984         88.431       0.823265       0.799802
            187         14.676         86.913       0.855532       0.799802
            188         23.741        102.141       0.811401       0.799802
            189         25.552         59.231       0.698621       0.799802
            190         25.425         61.065       0.706032       0.799802
            191         21.441         75.732       0.779352       0.799802
            192         19.677         63.113       0.762323       0.799802
            193         18.025         85.872       0.826512       0.799802
            194         21.135         84.064       0.799092       0.799802
            195         17.436         82.554       0.825620       0.799802
            196         23.850         66.221       0.735207       0.799802
            197         27.524        104.998       0.792305       0.799802
            198         29.821        105.472       0.779584       0.799802
            199         12.593         72.940       0.852771       0.799802
            200         16.303         90.998       0.848067       0.799802
            201         10.988         89.999       0.891191       0.799802
            202         13.712         70.825       0.837797       0.799802
            203         28.500         72.873       0.718863       0.799802
            204         24.192         74.182       0.754077       0.799802
            205         27.568         57.662       0.676547       0.799802
            206         11.342         68.246       0.857492       0.799802
            207         16.853         69.911       0.805763       0.799802
            208         18.540         57.470       0.756084       0.799802
            209         23.203         75.361       0.764589       0.799802
            210         17.558         78.624       0.817447       0.799802
            211         11.259         86.406       0.884714       0.799802
            212         13.109         89.742       0.872542       0.799802
            213          5.305         47.600       0.899730       0.799802
            214         13.743         67.840       0.831549       0.799802
            215         26.168         75.212       0.741883       0.799802
            216         29.613         84.646       0.740825       0.799802
            217         18.960         83.820       0.815528       0.799802
            218         33.149         86.121       0.722066       0.799802
            219         30.894         97.212       0.758840       0.799802
            220         10.740         77.520       0.878314       0.799802
            221         36.761         68.406       0.650453       0.799802
            222         18.719        100.380       0.842826       0.799802
            223         14.539        102.978       0.876286       0.799802
            224         12.595         84.514       0.870303       0.799802
            225         29.687         75.596       0.718029       0.799802
            226         14.144         65.918       0.823339       0.799802
            227         33.109         68.868       0.675331       0.799802
            228          5.745         88.282       0.938901       0.799802
            229         11.215         85.268       0.883763       0.799802
            230         26.281         69.985       0.726996       0.799802
            231         17.314         69.824       0.801306       0.799802
            232         27.638         83.172       0.750580       0.799802
            233         22.170         89.390       0.801276       0.799802
            234         17.295         69.824       0.801482       0.799802
            235          9.406         80.314       0.895167       0.799802
            236         11.683         82.750       0.876283       0.799802
            237          7.544         89.759       0.922473       0.799802
            238         17.233         85.968       0.833013       0.799802
            239         18.737         71.073       0.791374       0.799802
            240         25.337         80.743       0.761151       0.799802
            241         24.554         80.573       0.766437       0.799802
            242         28.540         84.540       0.747615       0.799802
            243         19.074         58.469       0.754016       0.799802
            244         11.560         89.075       0.885125       0.799802
            245         27.524         74.628       0.730561       0.799802
            246         20.573         76.033       0.787041       0.799802
            247         19.904         83.255       0.807056       0.799802
            248         17.357         78.813       0.819520       0.799802
            249         12.873         85.023       0.868500       0.799802
            250         22.639         70.506       0.756950       0.799802
            251         24.430         60.262       0.711546       0.799802
            252         14.211         54.823       0.794145       0.799802
            253         23.033         65.393       0.739521       0.799802
            254         22.600         69.933       0.755764       0.799802
            255         16.043         74.506       0.822822       0.799802
            256         14.866         75.647       0.835760       0.799802
            257         27.075         91.821       0.772278       0.799802
            258         11.982         83.143       0.874037       0.799802
            259         12.371         55.328       0.817271       0.799802
            260         24.236         92.973       0.793222       0.799802
            261         22.743         65.850       0.743290       0.799802
            262         21.176         88.952       0.807715       0.799802
            263         12.493         84.815       0.871611       0.799802
            264         23.314         71.237       0.753421       0.799802
            265         16.433         62.521       0.791865       0.799802
            266          2.481         67.749       0.964671       0.799802
            267         31.994         96.616       0.751231       0.799802
            268         30.670         78.371       0.718732       0.799802
            269         23.858         79.909       0.770078       0.799802
            270         24.295         69.416       0.740742       0.799802
            271         14.468         96.462       0.869572       0.799802
            272         15.035         64.165       0.810163       0.799802
            273         13.882         83.826       0.857925       0.799802
            274         32.436         92.271       0.739900       0.799802
            275         -1.500         87.065       1.017527       0.799802
            276         19.035         66.022       0.776209       0.799802
            277         25.123         78.317       0.757125       0.799802
            278         20.570         60.911       0.747547       0.799802
            279         23.470         60.911       0.721860       0.799802
            280         27.036         64.804       0.705619       0.799802
            281         19.030         55.247       0.743792       0.799802
            282         17.120         87.257       0.835975       0.799802
            283         23.587         81.890       0.776379       0.799802
            284         24.931         85.631       0.774505       0.799802
            285         28.701         64.391       0.691690       0.799802
            286         19.388         98.785       0.835936       0.799802
            287         27.784         78.728       0.739145       0.799802
            288         21.414         82.769       0.794456       0.799802
            289         11.426         72.556       0.863949       0.799802
            290         22.266         65.749       0.747021       0.799802
            291         15.212         97.127       0.864589       0.799802
            292          4.565         82.948       0.947834       0.799802
            293         17.528         75.442       0.811464       0.799802
            294         24.635         57.452       0.699890       0.701349
            295         37.242         73.375       0.663322       0.701349
            296         47.243         74.671       0.612488       0.701349
            297         40.680         79.839       0.662460       0.701349
            298         33.655         62.566       0.650232       0.701349
            299         23.572         71.221       0.751334       0.701349
            300         32.440         80.608       0.713043       0.701349
            301         27.505         72.760       0.725676       0.701349
            302         10.112         96.725       0.905350       0.701349
            303         26.399         90.721       0.774595       0.701349
            304         20.380         74.432       0.785045       0.701349
            305         35.962         79.295       0.687983       0.701349
            306         14.623         69.929       0.827058       0.701349
            307         25.185         49.373       0.662209       0.701349
            308         27.610         65.771       0.704326       0.701349
            309         37.770         88.232       0.700242       0.701349
            310         35.097         75.220       0.681854       0.701349
            311         27.151         48.830       0.642664       0.701349
            312         26.066         63.840       0.710076       0.701349
            313         21.277         89.744       0.808348       0.701349
            314         45.032         90.284       0.667209       0.701349
            315         33.100         79.641       0.706408       0.701349
            316         31.862         74.028       0.699105       0.701349
            317         41.048         61.699       0.600496       0.701349
            318         28.944         67.625       0.700276       0.701349
            319         29.005         78.153       0.729323       0.701349
            320         21.060         72.976       0.776040       0.701349
            321         31.971         90.035       0.737956       0.701349
            322         20.275         77.147       0.791888       0.701349
            323         34.329         67.154       0.661727       0.701349
            324         35.306         94.602       0.728225       0.701349
            325         23.861         53.231       0.690484       0.701349
            326         44.624         78.161       0.636569       0.701349
            327         20.394         75.719       0.787811       0.701349
            328         35.679         67.568       0.654429       0.701349
            329         23.693         68.607       0.743301       0.701349
            330         21.781         64.133       0.746478       0.701349
            331         18.984         67.386       0.780203       0.701349
            332         22.245         79.184       0.780685       0.701349
            333         33.515         73.127       0.685721       0.701349
            334         16.514         66.729       0.801620       0.701349
            335         23.239         56.096       0.707075       0.701349
            336         23.696         75.812       0.761864       0.701349
            337         37.207         69.172       0.650242       0.701349
            338         37.093         66.441       0.641730       0.701349
            339         33.901         74.793       0.688109       0.701349
            340         39.874         53.278       0.571943       0.701349
            341         21.126         75.189       0.780658       0.701349
            342         24.844         90.929       0.785407       0.701349
            343         31.852         73.608       0.697973       0.701349
            344         27.906         95.883       0.774568       0.701349
            345         33.563         72.836       0.684557       0.701349
            346         24.528         68.472       0.736257       0.701349
            347         51.673         65.017       0.557178       0.701349
            348         36.550         73.338       0.667389       0.701349
            349         29.073         68.814       0.702991       0.701349
            350         21.117         52.053       0.711397       0.701349
            351         18.206         89.513       0.830983       0.701349
            352         26.913         60.514       0.692163       0.701349
            353         15.372         65.661       0.810294       0.701349
            354         31.168         60.948       0.661644       0.701349
            355         25.781         85.640       0.768617       0.701349
            356         31.269         68.518       0.686646       0.701349
            357         40.520         39.748       0.495192       0.701349
            358         28.533         71.230       0.713990       0.701349
            359         12.478         78.952       0.863519       0.701349
            360         28.116         71.037       0.716437       0.701349
            361         40.031         79.015       0.663736       0.701349
            362         34.154         62.445       0.646436       0.701349
            363         24.856         74.561       0.749982       0.701349
            364         21.346         67.804       0.760557       0.701349
            365         37.501         46.386       0.552958       0.701349
            366         28.739         79.646       0.734842       0.701349
            367         31.564         78.126       0.712244       0.701349
            368         32.225         65.362       0.669780       0.701349
            369         26.872         81.730       0.752567       0.701349
            370         31.923         82.917       0.722022       0.701349
            371         21.434         53.411       0.713624       0.701349
            372         15.621         52.470       0.770581       0.701349
            373         30.193         82.882       0.732981       0.701349
            374         36.059         75.018       0.675371       0.701349
            375         33.221         45.918       0.580225       0.701349
            376         27.344         78.908       0.742653       0.701349
            377         44.559         55.132       0.553027       0.701349
            378         32.227         83.970       0.722655       0.701349
            379         31.676         65.256       0.673214       0.701349
            380         34.369         62.557       0.645410       0.701349
            381         37.816         69.657       0.648139       0.701349
            382         34.577         69.439       0.667576       0.701349
            383         42.435         56.813       0.572436       0.701349
            384         33.742         82.937       0.710814       0.701349
            385         26.647         58.212       0.685986       0.701349
            386         30.371         82.263       0.730355       0.701349
            387         35.311         79.159       0.691527       0.701349
            388         29.563         86.585       0.745472       0.701349
            389         19.600         85.648       0.813774       0.701349
            390         35.838         77.555       0.683950       0.701349
            391         35.148         57.919       0.622338       0.701349
            392         23.506         80.242       0.773432       0.701349
            393         41.922         74.666       0.640428       0.701349
            394         21.076         55.124       0.723412       0.701349
            395         37.033         79.894       0.683281       0.701349
            396         30.047         70.541       0.701289       0.701349
            397         34.459         99.764       0.743268       0.701349
            398         18.299         82.055       0.817658       0.701349
            399         32.907         82.949       0.715964       0.701349
            400         27.865         77.200       0.734782       0.701349
            401         11.556         60.642       0.839941       0.701349
            402         29.913         76.129       0.717915       0.701349
            403         37.295        102.974       0.734118       0.701349
            404         35.717         49.118       0.578982       0.701349
            405         34.840         67.270       0.658796       0.701349
            406         24.840         74.170       0.749117       0.701349
            407         16.479         80.165       0.829483       0.701349
            408         26.009         68.723       0.725447       0.701349
            409         22.825         76.980       0.771308       0.701349
            410         30.629         68.632       0.691430       0.701349
            411         32.111         86.901       0.730185       0.701349
            412         26.321         93.039       0.779480       0.701349
            413         39.257         70.350       0.641841       0.701349
            414         19.585         85.442       0.813526       0.701349
            415         30.519         57.763       0.654300       0.701349
            416         42.859         50.907       0.542918       0.701349
            417         43.814         45.185       0.507701       0.701349
            418         28.817         78.591       0.731703       0.701349
            419         29.466         67.654       0.696604       0.701349
            420         24.846         77.094       0.756266       0.701349
            421         30.659         60.859       0.664999       0.701349
            422         18.513         59.008       0.761187       0.701349
            423         32.964         59.071       0.641832       0.701349
            424         31.013         97.898       0.759420       0.701349
            425         29.226         84.229       0.742399       0.701349
            426         32.791         68.320       0.675695       0.701349
            427         23.303         62.980       0.729927       0.701349
            428         39.722         32.673       0.451318       0.701349
            429         40.880         96.804       0.703086       0.701349
            430         44.881         64.056       0.588008       0.701349
            431         22.659         42.365       0.651531       0.701349
            432         25.236         68.850       0.731779       0.701349
            433         36.250         89.524       0.711786       0.701349
            434         16.543         53.869       0.765050       0.701349
            435         43.289         78.068       0.643295       0.701349
            436         37.047         78.845       0.680335       0.701349
            437         12.840         75.305       0.854335       0.799802
            438         23.007         67.571       0.745996       0.799802
            439         20.180         74.890       0.787733       0.799802
            440         20.195         88.129       0.813568       0.799802
            441         13.085         89.470       0.872406       0.799802
            442         21.605         60.760       0.737691       0.799802
            443         25.265         84.842       0.770541       0.799802
            444         14.349         95.849       0.869786       0.799802
            445         25.214        109.432       0.812740       0.799802
            446         22.409         67.318       0.750250       0.799802
            447         14.696         92.506       0.862914       0.799802
            448         29.985         50.583       0.627831       0.799802
            449         17.534         80.461       0.821072       0.799802
            450         16.774         67.373       0.800655       0.799802
            451         11.444         72.781       0.864130       0.799802
            452         14.501         86.738       0.856761       0.799802
            453         10.833         73.349       0.871318       0.799802
            454         19.156         74.119       0.794633       0.799802
            455         11.305         79.299       0.875231       0.799802
            456         15.226         56.566       0.787913       0.799802
            457         16.120         67.675       0.807626       0.799802
            458         25.182         73.594       0.745062       0.799802
            459         12.771         77.940       0.859213       0.799802
            460         23.218         73.662       0.760338       0.799802
            461         19.259         68.161       0.779694       0.799802
            462         17.315         96.243       0.847520       0.799802
            463         33.082         67.616       0.671473       0.799802
            464         19.008        106.398       0.848428       0.799802
            465         31.584         83.582       0.725753       0.799802
            466         11.112         90.739       0.890898       0.799802
            467         20.648         81.131       0.797130       0.799802
            468         29.555         99.054       0.770197       0.799802
            469         15.241         77.296       0.835295       0.799802
            470         31.122         57.150       0.647431       0.799802
            471         17.167         74.771       0.813275       0.799802
            472         18.687         77.888       0.806505       0.799802
            473         20.639         74.039       0.782008       0.799802
            474         23.592         81.408       0.775312       0.799802
            475         29.382         94.743       0.763287       0.799802
            476         18.818         65.559       0.776973       0.799802
            477         35.452         82.697       0.699938       0.799802
            478         26.262         87.228       0.768593       0.799802
            479         18.643         60.529       0.764528       0.799802
            480         17.674         59.892       0.772144       0.799802
            481         18.482         94.010       0.835708       0.799802
            482         21.525         68.239       0.760203       0.799802
            483         21.059         77.857       0.787098       0.799802
            484         22.354         70.520       0.759311       0.799802
            485         16.682         88.609       0.841560       0.799802
            486         31.568        105.743       0.770100       0.799802
            487         10.286         78.166       0.883707       0.799802
            488         17.537         92.236       0.840239       0.799802
            489         28.339         86.365       0.752937       0.799802
            490         20.377         84.311       0.805359       0.799802
            491         13.850         78.775       0.850471       0.799802
            492         10.631         86.999       0.891108       0.799802
            493         25.569         90.499       0.779706       0.799802
            494         27.629         80.652       0.744837       0.799802
            495         17.649         68.840       0.795940       0.799802
            496         24.547         97.505       0.798883       0.799802
            497         18.719         92.724       0.832030       0.799802
            498         12.254         60.968       0.832641       0.799802
            499         30.618         71.365       0.699775       0.799802
            500         28.528         84.783       0.748236       0.799802
            501         26.916        103.919       0.794276       0.799802
            502         18.115         69.147       0.792408       0.799802
            503         22.520         57.851       0.719795       0.799802
            504         14.051         88.785       0.863367       0.799802
            505         16.263         73.151       0.818118       0.799802
            506         17.376         87.413       0.834179       0.799802
            507         23.108         87.386       0.790869       0.799802
            508         13.800         91.827       0.869349       0.799802
            509         18.316         68.847       0.789863       0.799802
            510         15.295         95.255       0.861647       0.799802
            511         22.836         75.255       0.767199       0.799802
            512         15.822         76.780       0.829140       0.799802
            513         24.729        106.621       0.811729       0.799802
            514         23.896         96.835       0.802071       0.799802
            515         12.648         69.487       0.846011       0.799802
            516         23.048         68.231       0.747502       0.799802
            517         10.829         65.290       0.857733       0.799802
            518         11.509         84.781       0.880475       0.799802
            519          7.985         68.465       0.895558       0.799802
            520         14.468         71.583       0.831873       0.799802
            521         10.242         57.752       0.849365       0.799802
            522         25.025         79.090       0.759637       0.799802
            523         23.392         63.837       0.731834       0.799802
            524         12.300         80.026       0.866776       0.799802
            525         19.458         78.950       0.802276       0.799802
            526         10.840         53.666       0.831949       0.799802
            527         13.054         59.741       0.820671       0.799802
            528         18.208         85.074       0.823705       0.799802
            529         18.065         94.770       0.839898       0.799802
            530         17.309         98.782       0.850899       0.799802
            531         15.575         82.721       0.841553       0.799802
            532         17.176         79.360       0.822079       0.799802
            533         18.549         67.201       0.783687       0.799802
            534         15.826         90.422       0.851045       0.799802
            535         16.016         65.032       0.802390       0.799802
            536         25.972         94.868       0.785074       0.799802
            537         18.607         57.245       0.754691       0.799802
            538         24.562         83.419       0.772535       0.799802
            539         12.160         78.500       0.865874       0.799802
            540         23.211         61.131       0.724795       0.799802
            541         23.908         98.776       0.805125       0.799802
            542         16.978         58.883       0.776196       0.799802
            543         16.122         76.125       0.825233       0.799802
            544         17.689         83.560       0.825290       0.799802
            545         16.860         73.571       0.813560       0.799802
            546         19.238         81.686       0.809383       0.799802
            547         21.117        101.532       0.827829       0.799802
            548         21.220         89.004       0.807483       0.799802
            549          7.948         71.309       0.899721       0.799802
            550         28.345         64.863       0.695898       0.799802
            551          9.039        107.144       0.922203       0.799802
            552         24.004         63.971       0.727152       0.799802
            553         21.391         74.005       0.775765       0.799802
            554         23.188         89.467       0.794166       0.799802
            555         25.512         71.418       0.736801       0.799802
            556         14.990         73.553       0.830705       0.799802
            557         18.636         56.405       0.751657       0.799802
            558          3.522         88.031       0.961532       0.799802
            559         25.902         98.477       0.791753       0.799802
            560         17.484         91.773       0.839973       0.799802
            561         10.577         78.891       0.881776       0.799802
            562         19.777         80.827       0.803420       0.799802
            563         23.430         86.779       0.787407       0.799802
            564         12.920         80.901       0.862290       0.799802
            565         13.905         63.027       0.819260       0.799802
            566         12.297         85.562       0.874345       0.799802
            567          9.068         69.302       0.884293       0.799802
            568         29.198         92.232       0.759546       0.799802
            569         27.575         41.646       0.601635       0.799802
            570         19.390         69.375       0.781562       0.799802
            571         37.831         89.082       0.701913       0.799802
            572         20.440         75.926       0.787892       0.799802
            573         13.324         74.984       0.849120       0.799802
            574         16.141         68.811       0.810002       0.799802
            575         21.152         68.405       0.763816       0.799802
            576         17.803         65.522       0.786342       0.799802
            577         15.017         80.003       0.841958       0.799802
            578         23.315         76.724       0.766944       0.799802
            579         21.276         79.784       0.789468       0.799802
            580         16.489         59.574       0.783223       0.799802
            581         23.072         98.494       0.810207       0.799802
            582         14.553         84.061       0.852421       0.799802
            583         21.133         64.830       0.754158       0.799802
            584         26.281         87.041       0.768087       0.799802
            585         24.372         55.291       0.694063       0.799802
            586         16.796         85.336       0.835548       0.799802
            587         18.876         88.330       0.823927       0.799802
            588         13.345         83.140       0.861692       0.799802
            589         20.725         59.618       0.742049       0.799802
            590         16.066         76.786       0.826970       0.799802
            591         26.814         70.079       0.723262       0.799802
            592         20.569         85.458       0.806000       0.799802
            593          9.489         86.909       0.901560       0.799802
            594         16.404         93.838       0.851196       0.799802
            595         28.823         66.780       0.698512       0.799802
            596         16.974         73.515       0.812419       0.799802
            597         18.519         54.027       0.744727       0.799802
            598         13.271         56.744       0.810451       0.799802
            599         21.180         84.810       0.800166       0.799802
            600         18.434         92.861       0.834368       0.799802
            601         10.237         70.967       0.873939       0.799802
            602         16.765         90.644       0.843913       0.799802
            603         22.953         95.749       0.806631       0.799802
            604         10.818         79.800       0.880618       0.799802
            605         17.250         86.085       0.833068       0.799802
            606         19.022         78.610       0.805168       0.799802
            607         24.217         88.146       0.784478       0.799802
            608          9.914         74.358       0.882356       0.799802
            609         36.980         77.520       0.677033       0.799802
            610         22.802         90.487       0.798727       0.799802
            611         18.963         82.594       0.813281       0.799802
            612         12.376         72.505       0.854200       0.799802
            613         20.863        101.223       0.829113       0.799802
            614         11.901         78.873       0.868892       0.799802
            615         15.039         68.034       0.818963       0.799802
            616         21.062        100.579       0.826850       0.799802
            617         27.149         86.854       0.761855       0.799802
            618         24.045         78.944       0.766528       0.799802
            619         24.059         80.041       0.768885       0.799802
            620         14.677         81.754       0.847800       0.799802
            621         15.500         64.267       0.805683       0.799802
            622         32.617         73.981       0.694020       0.799802
            623          7.409         94.384       0.927216       0.799802
            624         18.288         67.213       0.786108       0.799802
            625         16.211         69.787       0.811491       0.799802
            626         23.076         82.869       0.782188       0.799802
            627         17.691         87.777       0.832259       0.799802
            628         21.729         79.321       0.784967       0.799802
            629         23.566         62.765       0.727030       0.799802
            630         22.332         63.437       0.739624       0.799802
            631         24.864         76.619       0.754996       0.799802
            632         15.896         91.056       0.851373       0.799802
            633         21.117        101.824       0.828232       0.799802
            634          8.855         96.301       0.915789       0.799802
            635         16.496         84.778       0.837111       0.799802
            636         19.982         75.198       0.790059       0.799802
            637         18.769         69.888       0.788300       0.799802
            638         30.379         73.520       0.707609       0.799802
            639         28.417         73.906       0.722278       0.799802
            640         23.266         72.624       0.757365       0.799802
            641         29.220         95.237       0.765219       0.799802
            642         19.061         82.684       0.812663       0.799802
            643         21.185         56.853       0.728528       0.799802
            644         28.519         73.817       0.721324       0.799802
            645         24.180         84.805       0.778133       0.799802
            646         20.762         62.080       0.749384       0.799802
            647          6.138         85.370       0.932922       0.799802
            648         17.831         85.844       0.828010       0.799802
            649         23.429         75.172       0.762386       0.799802
            650         19.003         85.550       0.818242       0.799802
            651         13.983         76.855       0.846068       0.799802
            652         32.393         53.956       0.624859       0.799802
            653          7.467         92.403       0.925228       0.799802
            654         23.708         81.045       0.773677       0.799802
            655         17.521         91.537       0.839346       0.799802
            656         28.497         79.586       0.736340       0.799802
            657         17.338         63.329       0.785064       0.799802
            658         22.140         59.055       0.727325       0.799802
            659         14.758         83.366       0.849601       0.799802
            660         17.763         90.961       0.836621       0.799802
            661         20.634         72.376       0.778154       0.799802
            662         14.327         71.394       0.832866       0.799802
            663         24.913         71.730       0.742217       0.799802
            664         22.949         65.651       0.740980       0.799802
            665         25.722         85.552       0.768842       0.799802
            666         18.407         79.057       0.811138       0.799802
            667         30.128         68.897       0.695754       0.799802
            668         16.770         82.165       0.830497       0.799802
            669         30.666         88.781       0.743266       0.799802
            670         30.230         99.882       0.767661       0.799802
            671         19.447        101.890       0.839726       0.799802
            672         19.266         63.041       0.765922       0.799802
            673         16.218         73.394       0.819016       0.799802
            674         16.775         97.449       0.853136       0.799802
            675         19.780         70.560       0.781045       0.799802
            676         31.396         65.975       0.677563       0.799802
            677         18.892         90.698       0.827613       0.799802
            678         14.583         87.758       0.857508       0.799802
            679         25.880         94.712       0.785393       0.799802
            680         20.166         82.065       0.802739       0.799802
            681         15.532        103.366       0.869366       0.799802
            682         28.760         90.699       0.759245       0.799802
            683         20.561        100.212       0.829758       0.799802
            684         26.387         66.704       0.716546       0.799802
            685         20.449         67.935       0.768637       0.799802
            686          7.028         92.974       0.929719       0.799802
            687         12.816         96.545       0.882807       0.799802
            688         13.652         59.146       0.812467       0.799802
            689         24.555         94.833       0.794323       0.799802
            690         27.031        102.857       0.791888       0.799802
            691         23.522         93.267       0.798596       0.799802
            692         25.700         77.922       0.751980       0.799802
            693         14.610         85.899       0.854640       0.799802
            694         28.289         62.896       0.689760       0.799802
            695         18.860         70.253       0.788361       0.799802
            696         15.361        111.321       0.878747       0.799802
            697         22.705         77.360       0.773096       0.799802
            698         21.412         64.214       0.749933       0.799802
            699         21.196        102.239       0.828281       0.799802
            700         11.511         90.548       0.887213       0.799802
            701         15.149         80.041       0.840858       0.799802
            702         17.446         92.143       0.840803       0.799802
            703         15.983         85.799       0.842965       0.799802
            704         22.433         84.891       0.790979       0.799802
            705          9.391         79.860       0.894777       0.799802
            706          8.208         75.912       0.902426       0.799802
            707         13.004         55.371       0.809810       0.799802
            708         30.043         89.223       0.748103       0.799802
            709         28.699         66.458       0.698404       0.799802
            710         21.984         69.036       0.758468       0.799802
            711         48.285         61.864       0.561641       0.799802
            712         15.027         72.935       0.829162       0.799802
            713         19.621         71.670       0.785069       0.799802
            714         32.318         89.676       0.735083       0.799802
            715         15.488         63.520       0.803966       0.799802
            716         24.609         61.535       0.714324       0.799802
            717         31.919         76.225       0.704846       0.799802
            718         16.837         56.731       0.771134       0.799802
            719         17.558         66.106       0.790137       0.799802
            720         29.387         76.891       0.723487       0.799802
            721          9.365         81.692       0.897149       0.799802
            722         13.562        101.027       0.881645       0.799802
            723         13.715         87.013       0.863839       0.799802
            724         23.478         88.065       0.789517       0.799802
            725         26.406         77.130       0.744960       0.799802
            726         20.702         83.489       0.801308       0.799802
            727         23.333         91.622       0.797021       0.799802
            728         29.681        112.785       0.791660       0.799802
            729         25.308         87.476       0.775603       0.799802
            730         20.194         80.161       0.798778       0.799802
            731         27.398         83.768       0.753542       0.799802
            732         20.362         68.922       0.771943       0.799802
            733         19.930         76.867       0.794108       0.799802
            734         10.496         93.685       0.899249       0.799802
            735         16.632         84.513       0.835564       0.799802
            736          8.084         62.399       0.885301       0.799802
            737         19.910         70.891       0.780731       0.799802
            738         29.731         83.714       0.737923       0.701349
            739         39.543         69.581       0.637629       0.701349
            740         18.086         77.721       0.811228       0.701349
            741         28.519         43.641       0.604781       0.701349
            742         30.241         65.813       0.685162       0.701349
            743         34.252         65.062       0.655114       0.701349
            744         30.397         64.488       0.679647       0.701349
            745         25.787         71.319       0.734444       0.701349
            746         38.045         68.619       0.643321       0.701349
            747         29.358         82.351       0.737190       0.701349
            748         34.180         58.092       0.629575       0.701349
            749         21.335         54.763       0.719635       0.701349
            750         13.528         73.099       0.843832       0.701349
            751         34.487         69.376       0.667958       0.701349
            752         30.945         93.224       0.750785       0.799802
            753         24.577         92.867       0.790731       0.799802
            754         18.780         59.928       0.761397       0.799802
            755         21.308         72.148       0.771996       0.799802
            756         17.076         81.253       0.826336       0.799802
            757         13.766         57.428       0.806638       0.799802
            758         16.155         90.769       0.848914       0.799802
            759         26.836         62.361       0.699141       0.799802
            760         13.021         92.609       0.876729       0.799802
            761         14.420         76.720       0.841785       0.799802
            762         22.400         94.246       0.807967       0.799802
            763         19.813         63.839       0.763152       0.799802
            764         21.382         72.522       0.772300       0.799802
            765          4.676         68.091       0.935743       0.799802
            766         34.084         66.554       0.661323       0.701349
            767         34.961         45.190       0.563811       0.701349
            768         36.402         60.906       0.625910       0.701349
            769         23.279         75.657       0.764711       0.701349
            770         31.983         41.835       0.566735       0.701349
            771         33.606         67.656       0.668132       0.701349
            772         33.663         67.273       0.666491       0.701349
            773         47.447         77.137       0.619154       0.701349
            774         37.583         80.943       0.682914       0.701349
            775         43.067         43.074       0.500044       0.701349
            776         29.656         50.569       0.630337       0.701349
            777         34.710         76.051       0.686625       0.701349
            778         33.029         79.385       0.706181       0.701349
            779         17.549         95.771       0.845138       0.799802
            780         22.874         93.902       0.804123       0.799802
            781         31.725         84.290       0.726547       0.799802
            782         19.248         95.258       0.831902       0.799802
            783         16.145         58.757       0.784451       0.799802
            784         18.971         99.755       0.840209       0.799802
            785         21.845         67.333       0.755036       0.799802
            786         26.321        102.804       0.796159       0.799802
            787         23.917         48.701       0.670642       0.799802
            788         25.216         85.451       0.772146       0.799802
            789         18.769         81.799       0.813372       0.799802
            790         23.743         95.263       0.800493       0.799802
            791         23.416        112.285       0.827444       0.799802
            792         20.454         69.886       0.773591       0.799802
            793         12.331         61.630       0.833275       0.799802
            794         25.412        104.485       0.804371       0.799802
            795         22.101         87.433       0.798230       0.799802
            796          1.841         74.657       0.975937       0.799802
            797         33.170        106.020       0.761695       0.799802
            798          9.882         63.533       0.865397       0.799802
            799         20.781         77.103       0.787702       0.799802
            800         10.543         67.528       0.864957       0.799802
            801         12.935        102.104       0.887559       0.799802
            802         24.264         85.827       0.779601       0.799802
            803         20.736         75.898       0.785419       0.799802
            804         27.800         79.391       0.740652       0.799802
            805         23.794         78.322       0.766994       0.799802
            806         26.283         95.436       0.784070       0.799802
            807         25.962         66.872       0.720338       0.799802
            808          8.924         74.866       0.893494       0.799802
            809         28.012         74.363       0.726381       0.799802
            810         25.309         87.785       0.776211       0.799802
            811         18.377         82.074       0.817058       0.799802
            812         23.802         70.184       0.746753       0.799802
            813          5.777         63.603       0.916731       0.799802
            814         23.454         62.927       0.728483       0.701349
            815         27.508         71.306       0.721620       0.701349
            816         24.507         54.540       0.689972       0.701349
            817         23.486         74.246       0.759686       0.701349
            818         30.413         56.519       0.650153       0.701349
            819         27.168         69.620       0.719307       0.701349
            820         19.993         67.627       0.771823       0.701349
            821         34.411         67.653       0.662848       0.701349
            822         44.015         83.636       0.655193       0.701349
            823         28.549         67.239       0.701956       0.701349
            824         21.466         83.038       0.794594       0.701349
            825         30.699         82.024       0.727662       0.701349
            826         36.858         75.608       0.672278       0.701349
            827         29.662         75.556       0.718092       0.701349
            828         28.178         62.510       0.689283       0.701349
            829         37.275         61.257       0.621696       0.701349
            830         25.387         70.988       0.736581       0.701349
            831         36.341         70.763       0.660692       0.701349
            832         29.888         60.794       0.670411       0.701349
            833         31.201         62.676       0.667643       0.701349
            834         26.956         65.778       0.709315       0.701349
            835         26.866         66.801       0.713174       0.701349
            836         24.694         73.567       0.748690       0.701349
            837         24.092         82.773       0.774560       0.701349
            838         40.030         65.937       0.622240       0.701349
            839         47.764         68.446       0.588984       0.701349
            840         35.788         74.246       0.674755       0.701349
            841         21.231         64.952       0.753648       0.701349
            842         29.326         69.826       0.704233       0.701349
            843         16.560         80.315       0.829056       0.701349
            844         34.776         77.379       0.689930       0.701349
            845         28.941         66.540       0.696892       0.701349
            846         35.759         80.465       0.692327       0.701349
            847         15.061         77.539       0.837352       0.701349
            848         28.039         73.990       0.725182       0.701349
            849         20.908         60.853       0.744280       0.701349
            850         37.173         94.574       0.717847       0.701349
            851         16.383         79.360       0.828884       0.701349
            852         24.021         59.121       0.711086       0.701349
            853         35.118         85.525       0.708912       0.701349
            854         31.570         52.398       0.624024       0.701349
            855         27.362         96.762       0.779561       0.701349
            856         39.329         67.949       0.633394       0.701349
            857         30.172         76.808       0.717970       0.701349
            858         24.232         64.101       0.725673       0.701349
            859         26.941         63.655       0.702627       0.701349
            860         41.842         85.865       0.672362       0.701349
            861         11.194         83.283       0.881515       0.701349
            862         22.127         40.459       0.646452       0.701349
            863         22.937         75.354       0.766644       0.701349
            864         35.351         79.361       0.691827       0.701349
            865         39.011         72.690       0.650754       0.701349
            866         26.836         71.866       0.728109       0.701349
            867         29.274         70.312       0.706045       0.701349
            868         25.106         82.477       0.766638       0.701349
            869         36.484         35.978       0.496511       0.701349
            870         39.560         83.547       0.678652       0.701349
            871         37.843         58.352       0.606602       0.701349
            872         34.389         65.360       0.655241       0.701349
            873         33.705         67.055       0.665497       0.701349
            874         29.121         70.201       0.706800       0.701349
            875         20.344         80.437       0.798133       0.701349
            876         35.697         89.996       0.715998       0.701349
            877         28.044         70.942       0.716685       0.701349
            878         15.864         42.538       0.728361       0.701349
            879         32.923         58.862       0.641303       0.701349
            880         25.453         67.852       0.727204       0.701349
            881         27.521         71.833       0.722999       0.701349
            882         44.122         60.017       0.576312       0.701349
            883         24.826         71.147       0.741324       0.701349
            884         40.399         59.214       0.594443       0.701349
            885         26.635         87.763       0.767171       0.701349
            886         29.170         47.223       0.618163       0.701349
            887         31.726         75.428       0.703923       0.701349
            888         34.515         70.711       0.671994       0.701349
            889         24.148         74.600       0.755457       0.701349
            890         29.107         63.925       0.687128       0.701349
            891         34.018         82.394       0.707781       0.701349
            892         26.485         85.281       0.763034       0.701349
            893         27.622         74.592       0.729760       0.701349
            894         36.762         83.726       0.694892       0.701349
            895         22.301         58.076       0.722540       0.701349
            896         33.151         64.742       0.661356       0.701349
            897         32.587         66.379       0.670724       0.701349
            898         22.614         68.822       0.752680       0.701349
            899         38.572         81.016       0.677462       0.701349
            900         36.149         90.005       0.713456       0.701349
            901         47.252         78.897       0.625428       0.701349
            902         23.722         65.259       0.733400       0.701349
            903         27.318         81.199       0.748259       0.701349
            904         28.886         79.610       0.733762       0.701349
            905         35.336         63.276       0.641662       0.701349
            906         37.426         83.446       0.690369       0.701349
            907         12.557         88.481       0.875717       0.799802
            908         21.924         92.917       0.809095       0.799802
            909         14.509         94.952       0.867450       0.799802
            910         19.198         77.099       0.800642       0.799802
            911         24.627         76.422       0.756288       0.799802
            912         26.059         93.520       0.782075       0.799802
            913         17.906         83.626       0.823641       0.799802
            914         32.989         82.848       0.715212       0.799802
            915         11.069         95.699       0.896326       0.799802
            916         18.374         97.447       0.841356       0.799802
            917         21.456         93.873       0.813957       0.799802
            918         21.201         66.013       0.756910       0.799802
            919         13.512         73.556       0.844815       0.799802
            920         22.850         85.978       0.790037       0.799802
            921         21.182         70.840       0.769811       0.799802
            922         21.080        108.684       0.837549       0.799802
            923         24.687         99.462       0.801147       0.799802
            924         20.085         79.226       0.797758       0.799802
            925         19.763         83.573       0.808753       0.799802
            926         19.869         72.884       0.785790       0.799802
            927         23.407         84.083       0.782238       0.799802
            928         18.621         63.825       0.774142       0.799802
            929         20.418        125.033       0.859621       0.799802
            930         25.486         87.444       0.774323       0.799802
            931         19.061        107.021       0.848822       0.799802
            932         21.614         71.096       0.766866       0.799802
            933         16.251         62.283       0.793067       0.799802
            934         18.873         81.152       0.811315       0.799802
            935         15.309         62.520       0.803296       0.799802
            936         32.081         83.990       0.723610       0.799802
            937         17.183        102.257       0.856136       0.799802
            938         31.473         68.779       0.686060       0.799802
            939         26.355         84.980       0.763285       0.799802
            940         19.254         66.776       0.776192       0.799802
            941         20.250         84.570       0.806809       0.799802
            942         15.483         88.039       0.850441       0.799802
            943         25.727         83.740       0.764976       0.799802
            944         12.985         54.297       0.807009       0.799802
            945         33.171         76.142       0.696550       0.799802
            946         14.790         70.491       0.826573       0.799802
            947         24.220         89.105       0.786281       0.799802
            948         24.316         70.175       0.742661       0.701349
            949         38.161         47.590       0.554979       0.701349
            950         40.141         80.143       0.666283       0.701349
            951         22.583         75.455       0.769651       0.701349
            952         26.975         58.278       0.683590       0.701349
            953         44.990         68.156       0.602373       0.701349
            954         31.257         77.938       0.713749       0.701349
            955         21.950         93.834       0.810425       0.701349
            956         17.012         74.534       0.814170       0.701349
            957         14.751         51.676       0.777936       0.701349
            958         38.302         52.216       0.576859       0.701349
            959         37.347         91.202       0.709469       0.701349
            960         30.450         65.906       0.683985       0.701349
            961         32.495         76.198       0.701037       0.701349
            962         28.172         69.510       0.711595       0.701349
            963         30.035         75.820       0.716264       0.701349
            964         40.239         56.454       0.583851       0.701349
            965         35.487         72.435       0.671176       0.701349
            966         26.457         87.400       0.767631       0.701349
            967         31.166         47.722       0.604928       0.701349
            968         38.950         56.442       0.591681       0.701349
            969         37.829         61.417       0.618836       0.701349
            970         32.541         64.273       0.663881       0.701349
            971         28.743         71.511       0.713296       0.701349
            972         41.544         72.400       0.635401       0.701349
            973         38.671         70.652       0.646266       0.701349
            974         32.308         74.711       0.698108       0.701349
            975         53.883         48.556       0.474001       0.701349
            976         37.783         71.075       0.652914       0.701349
            977         24.963         89.378       0.781678       0.701349
            978         24.123         68.073       0.738348       0.701349
            979         33.758         68.596       0.670184       0.701349
            980         33.584         78.027       0.699097       0.701349
            981         35.292         81.052       0.696659       0.701349
            982         30.052         78.009       0.721899       0.701349
            983         29.154         81.247       0.735924       0.701349
            984         19.767         83.236       0.808090       0.701349
            985         36.105         59.561       0.622596       0.701349
            986         26.185         67.905       0.721704       0.701349
            987         28.950         78.231       0.729897       0.701349
            988         17.594         62.081       0.779181       0.701349
            989         15.160         68.187       0.818109       0.701349
            990         30.212         66.346       0.687108       0.701349
            991         43.846         66.486       0.602601       0.701349
            992         26.602         69.298       0.722611       0.701349
            993         17.447         60.117       0.775065       0.701349
            994         42.719         45.598       0.516300       0.701349
            995         29.120         59.743       0.672302       0.701349
            996         15.387         81.543       0.841259       0.701349
            997         33.493         57.924       0.633623       0.701349
            998         29.457         43.566       0.596611       0.701349
            999         24.409         51.546       0.678638       0.701349
           1000         15.205         76.896       0.834911       0.701349
