              1         11.344         69.701       0.860032       0.731340
              2         27.817         91.081       0.766045       0.731340
              3         19.364         96.779       0.833273       0.731340
              4         17.039         59.361       0.776976       0.731340
              5         33.598         47.477       0.585589       0.731340
              6         31.255         95.589       0.753592       0.731340
              7         22.063         87.202       0.798080       0.731340
              8         33.557        104.158       0.756332       0.731340
              9          9.109         99.145       0.915852       0.731340
             10          3.619         94.890       0.963265       0.731340
             11         35.706         89.450       0.714709       0.731340
             12         31.228         38.214       0.550296       0.731340
             13         31.373         79.462       0.716941       0.731340
             14         29.497         65.808       0.690498       0.731340
             15         27.500         97.314       0.779671       0.731340
             16         30.829         93.347       0.751732       0.731340
             17         38.051         36.656       0.490660       0.731340
             18         14.939        104.020       0.874423       0.731340
             19         20.269         96.673       0.826675       0.731340
             20         20.106        143.459       0.877074       0.731340
             21         12.043         72.815       0.858081       0.731340
             22         21.907         88.237       0.801104       0.731340
             23          3.672        105.446       0.966352       0.731340
             24          2.844         87.036       0.968362       0.731340
             25          9.969         91.114       0.901379       0.731340
             26         30.749        133.200       0.812447       0.731340
             27         26.034         56.973       0.686360       0.731340
             28         54.303         78.119       0.589922       0.731340
             29         19.879         78.736       0.798420       0.731340
             30         31.468         67.526       0.682119       0.731340
             31         14.474         56.963       0.797385       0.731340
             32         22.493         72.702       0.763716       0.731340
             33         27.011        100.089       0.787481       0.731340
             34         12.682         75.409       0.856036       0.731340
             35         23.052         56.659       0.710807       0.731340
             36         42.582         82.209       0.658775       0.731340
             37          6.846         95.257       0.932950       0.731340
             38         25.624         77.932       0.752560       0.731340
             39         13.639         77.037       0.849587       0.731340
             40         43.962         61.135       0.581697       0.731340
             41         39.197         57.139       0.593124       0.731340
             42         28.817         30.602       0.515013       0.731340
             43         41.234         52.747       0.561253       0.731340
             44         21.654         80.680       0.788401       0.731340
             45         36.246         68.875       0.655194       0.731340
             46         43.044         59.443       0.580002       0.731340
             47         36.124         57.119       0.612584       0.731340
             48         41.477         41.675       0.501193       0.731340
             49         24.715         81.097       0.766427       0.731340
             50         19.125         67.840       0.780086       0.731340
             51         16.057         65.482       0.803079       0.731340
             52         25.578         48.419       0.654340       0.731340
             53         27.078         77.058       0.739974       0.731340
             54         55.558        110.786       0.666005       0.731340
             55         27.830         50.588       0.645106       0.731340
             56         33.375         60.655       0.645063       0.731340
             57         45.081         36.615       0.448188       0.731340
             58         34.473         96.677       0.737149       0.731340
             59         23.341         80.809       0.775886       0.731340
             60         31.439        107.975       0.774495       0.731340
             61         50.749         71.445       0.584682       0.731340
             62         21.708         52.623       0.707957       0.731340
             63         23.790         42.287       0.639960       0.731340
             64         32.967         59.298       0.642692       0.731340
             65         17.050         85.351       0.833500       0.731340
             66         44.941         78.696       0.636508       0.731340
             67         48.371         98.668       0.671030       0.731340
             68         30.797         93.544       0.752319       0.731340
             69         40.929         78.423       0.657072       0.731340
             70         37.300         25.669       0.407647       0.731340
             71         19.849         52.627       0.726131       0.731340
             72         17.294         72.610       0.807639       0.731340
             73         16.623         71.674       0.811737       0.731340
             74         29.833         50.459       0.628445       0.731340
             75         39.252         81.331       0.674481       0.731340
             76         48.001         62.926       0.567274       0.731340
             77         13.411         70.770       0.840693       0.731340
             78         26.639         78.141       0.745763       0.731340
             79         40.988         42.955       0.511714       0.731340
             80         38.973         28.971       0.426396       0.731340
             81         56.412         70.757       0.556399       0.731340
             82          0.338         73.906       0.995449       0.731340
             83         25.726         93.294       0.783854       0.731340
             84         20.479         60.179       0.746097       0.731340
             85          9.696         58.643       0.858117       0.731340
             86         56.527         75.571       0.572083       0.731340
             87          6.667         67.878       0.910567       0.731340
             88         11.250         64.132       0.850764       0.731340
             89         63.787        110.265       0.633517       0.731340
             90         11.880         95.979       0.889856       0.731340
             91         35.664         83.853       0.701599       0.731340
             92         19.914         54.351       0.731849       0.731340
             93         20.115         99.768       0.832213       0.731340
             94         17.565        104.310       0.855874       0.731340
             95         13.526         68.536       0.835177       0.731340
             96         23.412         78.334       0.769895       0.731340
             97         19.814        105.257       0.841581       0.731340
             98         49.936         72.700       0.592810       0.731340
             99         22.977         85.055       0.787314       0.731340
            100          4.648         64.794       0.933062       0.731340
            101          9.990         76.563       0.884578       0.731340
            102         35.330         62.421       0.638569       0.731340
            103         32.324         42.231       0.566438       0.731340
            104         25.575         73.183       0.741033       0.731340
            105         11.945        130.492       0.916140       0.731340
            106         18.550         25.676       0.580573       0.731340
            107          3.236         79.051       0.960675       0.731340
            108         36.270         63.919       0.637987       0.731340
            109         43.887        103.276       0.701779       0.731340
            110         26.098        125.560       0.827913       0.731340
            111         29.509         83.670       0.739271       0.731340
            112         31.985        100.579       0.758721       0.731340
            113          8.917         61.350       0.873092       0.731340
            114         37.235         55.728       0.599466       0.731340
            115         27.906         74.642       0.727873       0.731340
            116         15.174         86.673       0.851008       0.731340
            117         15.015         66.394       0.815563       0.731340
            118          6.160         88.437       0.934885       0.731340
            119         25.373        107.710       0.809345       0.731340
            120         34.397         56.353       0.620973       0.731340
            121         25.679         56.598       0.687895       0.731340
            122         28.398         62.393       0.687217       0.731340
            123         16.670        113.892       0.872322       0.731340
            124         10.479         73.899       0.875814       0.731340
            125         32.409         75.317       0.699152       0.731340
            126         40.801         66.465       0.619629       0.731340
            127         14.843        111.761       0.882760       0.731340
            128          6.621        106.329       0.941377       0.731340
            129         27.310        107.027       0.796704       0.731340
            130          2.563         64.899       0.962002       0.731340
            131         24.450         66.608       0.731493       0.731340
            132         34.231         84.654       0.712065       0.731340
            133         21.876         93.372       0.810180       0.731340
            134         35.059         22.963       0.395767       0.731340
            135         21.019        123.694       0.854756       0.731340
            136          6.756         70.713       0.912795       0.731340
            137         13.307         96.143       0.878417       0.731340
            138         28.610         64.884       0.693990       0.731340
            139         33.832         68.332       0.668850       0.731340
            140         24.798         82.599       0.769100       0.731340
            141         22.269         53.607       0.706502       0.731340
            142         27.727         78.413       0.738769       0.731340
            143        -11.779         67.857       1.210051       0.731340
            144         21.762         96.112       0.815382       0.731340
            145         29.841        107.367       0.782513       0.731340
            146         28.439         77.463       0.731458       0.731340
            147         20.519        128.581       0.862382       0.731340
            148         40.876        122.529       0.749848       0.731340
            149         48.156         53.956       0.528400       0.731340
            150         21.641         69.877       0.763534       0.731340
            151         11.384         59.905       0.840317       0.731340
            152         22.584         74.731       0.767927       0.731340
            153          4.160         23.389       0.849010       0.731340
            154         44.574         82.737       0.649879       0.731340
            155          9.725        124.879       0.927754       0.731340
            156         30.650        102.790       0.770311       0.731340
            157         14.711         76.611       0.838910       0.731340
            158         31.540         53.044       0.627112       0.731340
            159         44.507        130.390       0.745523       0.731340
            160         14.114         64.261       0.819918       0.731340
            161         33.106         81.278       0.710574       0.731340
            162         25.408         46.979       0.649001       0.731340
            163         25.490         91.410       0.781948       0.731340
            164         32.586        120.295       0.786855       0.731340
            165          7.414         54.853       0.880938       0.731340
            166         19.534        127.381       0.867037       0.731340
            167         18.610         69.030       0.787653       0.731340
            168         28.804         97.972       0.772795       0.731340
            169         37.151         61.340       0.622799       0.731340
            170          2.327         88.916       0.974501       0.731340
            171         -2.700         76.063       1.036808       0.731340
            172         14.371         58.159       0.801868       0.731340
            173         18.866         91.731       0.829420       0.731340
            174         28.344        103.168       0.784474       0.731340
            175         33.690        102.871       0.753297       0.731340
            176         23.138         94.834       0.803869       0.731340
            177          6.866        113.287       0.942855       0.731340
            178         15.090         87.450       0.852838       0.731340
            179          9.665         66.199       0.872597       0.731340
            180         41.415         76.279       0.648109       0.731340
            181         48.037         60.150       0.555984       0.731340
            182         65.713        104.760       0.614527       0.731340
            183         16.600         57.845       0.777021       0.731340
            184         15.589         69.754       0.817338       0.731340
            185         29.369         65.629       0.690847       0.731340
            186         39.777         65.583       0.622469       0.731340
            187         43.892         59.310       0.574700       0.731340
            188         22.457         51.436       0.696091       0.731340
            189         28.763         56.649       0.663244       0.731340
            190         39.466         57.859       0.594491       0.731340
            191         42.786         69.473       0.618861       0.731340
            192         -1.174         27.534       1.044535       0.731340
            193         41.863         82.901       0.664461       0.731340
            194         35.516        104.875       0.747022       0.731340
            195         32.521         72.388       0.690006       0.731340
            196         37.536         64.185       0.630992       0.731340
            197         46.157         47.733       0.508393       0.731340
            198         35.007        121.214       0.775913       0.731340
            199         46.900         69.149       0.595862       0.731340
            200         20.239         83.981       0.805804       0.731340
            201          0.148          8.971       0.983816       0.731340
            202         31.457         55.938       0.640064       0.731340
            203         35.908         48.031       0.572212       0.731340
            204         13.800         83.170       0.857685       0.731340
            205         29.483         62.949       0.681029       0.731340
            206         15.778         47.510       0.750693       0.731340
            207         19.377         43.257       0.690631       0.731340
            208         20.105         74.431       0.787331       0.731340
            209         27.295         78.858       0.742872       0.731340
            210         73.331         51.535       0.412723       0.731340
            211          3.970         49.225       0.925369       0.731340
            212         -7.509         62.778       1.135869       0.731340
            213         44.834         55.121       0.551461       0.731340
            214         16.297         89.201       0.845522       0.731340
            215         13.696         94.946       0.873931       0.731340
            216         36.832         32.282       0.467078       0.731340
            217         22.822        104.958       0.821397       0.731340
            218         22.801         88.120       0.794437       0.731340
            219         21.147         26.710       0.558130       0.731340
            220         15.356         68.154       0.816120       0.731340
            221         48.218         82.472       0.631048       0.731340
            222         21.693         82.911       0.792617       0.731340
            223         12.382         82.594       0.869630       0.731340
            224         26.824         64.680       0.706851       0.731340
            225         14.668         90.005       0.859870       0.731340
            226         40.441         57.112       0.585448       0.731340
            227         21.069        101.172       0.827646       0.731340
            228         22.915         36.555       0.614673       0.731340
            229         33.282         78.017       0.700966       0.731340
            230         48.237        115.629       0.705630       0.731340
            231         22.590         48.696       0.683107       0.731340
            232         43.327         51.565       0.543407       0.731340
            233         37.217         69.928       0.652649       0.731340
            234         14.717         78.493       0.842108       0.731340
            235         20.370         53.267       0.723367       0.731340
            236         24.971         73.783       0.747137       0.731340
            237         56.110         87.469       0.609205       0.731340
            238         26.730         71.500       0.727880       0.731340
            239          8.960         94.832       0.913672       0.731340
            240         29.906         29.285       0.494751       0.731340
            241         15.731         46.028       0.745292       0.731340
            242         16.417        110.673       0.870821       0.731340
            243         -4.886         62.038       1.085488       0.731340
            244         41.339        101.437       0.710461       0.731340
            245         36.922         92.738       0.715239       0.731340
            246         15.675         84.653       0.843764       0.731340
            247         24.316         95.061       0.796312       0.731340
            248         22.966         58.124       0.716788       0.731340
            249         -1.134        102.139       1.011230       0.731340
            250         17.462         92.693       0.841480       0.731340
            251         28.949         94.184       0.764896       0.731340
            252         28.590         72.026       0.715850       0.731340
            253         28.676         58.332       0.670419       0.731340
            254         33.114         92.836       0.737089       0.731340
            255         16.092         69.299       0.811553       0.731340
            256         -2.563         77.170       1.034348       0.731340
            257         26.344         82.796       0.758619       0.731340
            258         21.936        114.278       0.838960       0.731340
            259          4.192         71.247       0.944433       0.731340
            260        -16.598         90.241       1.225380       0.731340
            261         24.832         92.639       0.788612       0.731340
            262         14.606         88.969       0.858980       0.731340
            263          8.018         70.325       0.897656       0.731340
            264         22.184         61.572       0.735137       0.731340
            265         32.823        104.697       0.761322       0.731340
            266         32.478         84.484       0.722319       0.731340
            267         17.979        110.907       0.860502       0.731340
            268         21.634        113.763       0.840218       0.731340
            269         29.902         33.351       0.527263       0.731340
            270         25.338         81.090       0.761922       0.731340
            271         20.774         84.190       0.802088       0.731340
            272          9.177         74.817       0.890738       0.731340
            273          3.650        121.529       0.970840       0.731340
            274         16.596         97.061       0.853983       0.731340
            275         31.905         34.986       0.523033       0.731340
            276         11.138         89.839       0.889701       0.731340
            277         34.508        103.147       0.749317       0.731340
            278         21.865         89.295       0.803301       0.731340
            279         16.794         87.036       0.838251       0.731340
            280         15.851         69.145       0.813504       0.731340
            281         35.966         72.572       0.668628       0.731340
            282         19.703        109.816       0.847874       0.731340
            283         19.909         85.084       0.810380       0.731340
            284         27.634         68.236       0.711757       0.731340
            285         31.701         86.471       0.731740       0.731340
            286         29.858         32.197       0.518847       0.731340
            287         32.872         91.394       0.735471       0.731340
            288         27.797         95.020       0.773672       0.731340
            289         25.625         54.323       0.679481       0.731340
            290         51.139         85.338       0.625293       0.731340
            291         13.700         51.676       0.790446       0.731340
            292         26.944         85.150       0.759630       0.731340
            293         28.899         51.726       0.641568       0.731340
            294         26.310         92.823       0.779156       0.731340
            295         21.568         41.897       0.660164       0.731340
            296         37.618         79.952       0.680041       0.731340
            297         42.117        107.560       0.718613       0.731340
            298         37.873         91.368       0.706956       0.731340
            299         30.998         93.982       0.751976       0.731340
            300         28.688         79.541       0.734933       0.731340
            301         17.095         93.278       0.845114       0.731340
            302         44.333         39.968       0.474112       0.731340
            303         54.552         84.355       0.607276       0.731340
            304         23.855         75.523       0.759957       0.731340
            305         17.004         63.494       0.788765       0.731340
            306         29.960         71.311       0.704159       0.731340
            307         11.996         45.690       0.792043       0.731340
            308         36.427         78.445       0.682893       0.731340
            309         36.068         68.507       0.655100       0.731340
            310         54.410         88.731       0.619886       0.731340
            311         27.000         96.695       0.781724       0.731340
            312         22.496         47.339       0.677874       0.731340
            313         10.416         64.084       0.860194       0.731340
            314         18.553         95.527       0.837367       0.731340
            315         13.063         67.600       0.838051       0.731340
            316         15.995         86.532       0.843994       0.731340
            317         46.042         79.086       0.632041       0.731340
            318         10.261        120.250       0.921376       0.731340
            319         27.819         81.613       0.745787       0.731340
            320         40.064         95.269       0.703961       0.731340
            321         24.364        103.611       0.809620       0.731340
            322         10.873        117.010       0.914980       0.731340
            323         31.923         93.599       0.745677       0.731340
            324         18.821         44.923       0.704740       0.731340
            325         24.188         82.244       0.772741       0.731340
            326         28.484        110.700       0.795353       0.731340
            327          7.078         76.851       0.915672       0.731340
            328         12.400         69.087       0.847833       0.731340
            329         19.087         67.315       0.779092       0.731340
            330         17.321        123.715       0.877189       0.731340
            331         26.990         93.883       0.776706       0.731340
            332          1.371         95.830       0.985897       0.731340
            333         51.202         30.486       0.373201       0.731340
            334         27.921         79.428       0.739907       0.731340
            335         23.604         74.193       0.758641       0.731340
            336         18.176         92.963       0.836458       0.731340
            337         38.112        112.611       0.747138       0.731340
            338         -4.086        101.633       1.041888       0.731340
            339         24.079        105.868       0.814703       0.731340
            340          5.993         37.288       0.861539       0.731340
            341          6.172         96.811       0.940070       0.731340
            342         36.025         78.298       0.684884       0.731340
            343         28.456         74.010       0.722291       0.731340
            344         35.409         92.498       0.723164       0.731340
            345         11.848        115.125       0.906692       0.731340
            346         23.374        102.466       0.814254       0.731340
            347         12.580         76.603       0.858946       0.731340
            348          9.361        112.063       0.922909       0.731340
            349         15.802        137.176       0.896707       0.731340
            350         28.971        123.581       0.810088       0.731340
            351          3.303         93.463       0.965864       0.731340
            352         30.212         91.524       0.751823       0.731340
            353         10.922         66.817       0.859501       0.731340
            354         16.254         70.814       0.813321       0.731340
            355         13.927         72.768       0.839357       0.731340
            356          3.778        105.248       0.965345       0.731340
            357         29.034         78.634       0.730339       0.731340
            358          4.386        101.311       0.958502       0.731340
            359         26.181         70.466       0.729109       0.731340
            360         35.209         39.482       0.528600       0.731340
            361         17.018         68.903       0.801936       0.731340
            362         11.541         59.513       0.837571       0.731340
            363         19.104         55.182       0.742836       0.731340
            364          8.527         71.908       0.893992       0.731340
            365         33.362         86.677       0.722072       0.731340
            366         46.494         66.995       0.590323       0.731340
            367          6.197         69.828       0.918486       0.731340
            368         18.090         80.422       0.816368       0.731340
            369          3.612         79.849       0.956719       0.731340
            370         11.077         91.918       0.892450       0.731340
            371         39.798         68.276       0.631750       0.731340
            372         23.465         79.856       0.772892       0.731340
            373          5.127         46.804       0.901277       0.731340
            374         20.586         91.221       0.815881       0.731340
            375         24.185         87.556       0.783562       0.731340
            376         18.767         60.638       0.763651       0.731340
            377         27.322         88.178       0.763448       0.731340
            378         21.911         47.786       0.685627       0.731340
            379         14.845         90.584       0.859196       0.731340
            380         23.961         77.272       0.763308       0.731340
            381         19.169        125.172       0.867197       0.731340
            382         -1.920        115.045       1.016971       0.731340
            383          3.069         98.694       0.969839       0.731340
            384         17.686         88.192       0.832961       0.731340
            385          7.875         73.532       0.903261       0.731340
            386         26.755         64.361       0.706366       0.731340
            387         -1.117         50.235       1.022749       0.731340
            388         38.066         54.391       0.588288       0.731340
            389          5.390         56.268       0.912584       0.731340
            390         24.083         80.463       0.769646       0.731340
            391         24.988        104.628       0.807212       0.731340
            392         22.289         69.675       0.757630       0.731340
            393         -8.877         48.037       1.226697       0.731340
            394         23.096         86.315       0.788903       0.731340
            395         18.752         64.691       0.775273       0.731340
            396         23.674         61.887       0.723304       0.731340
            397          7.872         92.952       0.921919       0.731340
            398         10.092        129.096       0.927494       0.731340
            399         -5.685        114.304       1.052339       0.731340
            400          9.037         85.737       0.904650       0.731340
            401         30.328         57.600       0.655084       0.731340
            402         20.623         63.864       0.755907       0.731340
            403         15.531         93.897       0.858070       0.731340
            404          1.714         77.318       0.978316       0.731340
            405         37.728         55.922       0.597140       0.731340
            406         26.027         74.232       0.740406       0.731340
            407          7.168         57.005       0.888308       0.731340
            408         28.971         83.126       0.741552       0.731340
            409         25.303         77.432       0.753703       0.731340
            410         29.975         68.473       0.695526       0.731340
            411         25.301        104.471       0.805037       0.731340
            412         34.227         62.202       0.645056       0.731340
            413         21.090         76.135       0.783084       0.731340
            414         21.396         51.586       0.706829       0.731340
            415         38.398         72.779       0.654622       0.731340
            416         41.533         62.875       0.602203       0.731340
            417         48.195         61.091       0.558999       0.731340
            418         13.699         21.816       0.614271       0.731340
            419         28.332         77.244       0.731641       0.731340
            420         27.385         92.529       0.771628       0.731340
            421         19.149         85.624       0.817234       0.731340
            422         16.300         50.569       0.756243       0.731340
            423         41.283         49.232       0.543906       0.731340
            424         29.409         81.267       0.734277       0.731340
            425         42.083         50.780       0.546825       0.731340
            426         18.332         47.724       0.722478       0.731340
            427         13.389         73.751       0.846347       0.731340
            428         22.251         63.954       0.741883       0.731340
            429         43.400         87.477       0.668391       0.731340
            430         25.126         21.988       0.466705       0.731340
            431         34.678         73.119       0.678301       0.731340
            432         28.382         62.053       0.686158       0.731340
            433         23.257         47.294       0.670351       0.731340
            434         45.792         57.454       0.556476       0.731340
            435         21.451         80.708       0.790026       0.731340
            436         27.169         54.583       0.667669       0.731340
            437         33.198         76.653       0.697787       0.731340
            438         13.676         51.682       0.790753       0.731340
            439         27.270         27.624       0.503218       0.731340
            440         25.557         61.078       0.705003       0.731340
            441         31.179         80.618       0.721107       0.731340
            442         71.369         43.553       0.378980       0.731340
            443         46.467         34.345       0.424997       0.731340
            444         48.300         80.159       0.624004       0.731340
            445         21.085         75.694       0.782133       0.731340
            446         29.904        100.648       0.770944       0.731340
            447         27.606         87.647       0.760474       0.731340
            448         24.590        101.021       0.804234       0.731340
            449         47.465         83.863       0.638578       0.731340
            450         39.629         72.771       0.647430       0.731340
            451         31.086         59.121       0.655393       0.731340
            452         29.080         61.258       0.678097       0.731340
            453         48.977         66.115       0.574452       0.731340
            454         27.795         80.775       0.743991       0.731340
            455         53.360         55.807       0.511210       0.731340
            456         16.985         56.996       0.770411       0.731340
            457         22.851         47.918       0.677106       0.731340
            458         35.250         40.497       0.534634       0.731340
            459         12.647         83.958       0.869082       0.731340
            460         19.615         71.313       0.784277       0.731340
            461         40.601         30.896       0.432126       0.731340
            462         48.171         95.478       0.664660       0.731340
            463         43.286         80.171       0.649387       0.731340
            464          8.950         92.224       0.911541       0.731340
            465         44.573         81.884       0.647526       0.731340
            466         18.399         95.322       0.838211       0.731340
            467         46.663         88.233       0.654083       0.731340
            468         32.674         83.274       0.718197       0.731340
            469         35.259         92.041       0.723025       0.731340
            470         31.681         65.034       0.672430       0.731340
            471         46.575         48.269       0.508929       0.731340
            472          9.555         89.671       0.903701       0.731340
            473         43.717         72.445       0.623653       0.731340
            474         39.795         60.785       0.604341       0.731340
            475         60.343         87.741       0.592510       0.731340
            476         35.906         93.207       0.721903       0.731340
            477         42.978         91.847       0.681232       0.731340
            478         22.174         79.831       0.782622       0.731340
            479         49.103         62.326       0.559335       0.731340
            480         23.903         64.049       0.728229       0.731340
            481         28.182         75.124       0.727199       0.731340
            482         52.902         46.812       0.469460       0.731340
            483         17.444         93.533       0.842815       0.731340
            484          4.498         76.298       0.944329       0.731340
            485         51.143         93.492       0.646399       0.731340
            486         40.084         77.393       0.658790       0.731340
            487         16.621         73.647       0.815872       0.731340
            488         44.768         40.321       0.473868       0.731340
            489         36.577         80.790       0.688352       0.731340
            490         38.805         63.875       0.622079       0.731340
            491         33.769         67.631       0.666974       0.731340
            492         43.433         67.935       0.610005       0.731340
            493         20.427         63.818       0.757531       0.731340
            494         38.522         93.568       0.708363       0.731340
            495         12.350         95.322       0.885302       0.731340
            496         27.796         21.070       0.431184       0.731340
            497         12.563         84.487       0.870556       0.731340
            498         22.712         87.029       0.793042       0.731340
            499         40.755         70.586       0.633959       0.731340
            500         23.530         85.391       0.783970       0.731340
            501         25.255         38.607       0.604535       0.731340
            502         26.319         74.898       0.739977       0.731340
            503         20.707         85.158       0.804399       0.731340
            504         34.409         39.353       0.533515       0.731340
            505         11.871         85.363       0.877916       0.731340
            506         39.912         87.953       0.687857       0.731340
            507         31.589         44.271       0.583587       0.731340
            508         27.069         45.377       0.626353       0.731340
            509         36.127         52.669       0.593145       0.731340
            510         16.637         79.424       0.826809       0.731340
            511         65.548         54.779       0.455251       0.731340
            512          7.171         80.598       0.918301       0.731340
            513         29.159         80.882       0.735015       0.731340
            514         37.221         52.282       0.584134       0.731340
            515         56.978         75.025       0.568359       0.731340
            516         27.928         53.905       0.658720       0.731340
            517         60.739         53.478       0.468214       0.731340
            518         44.550         81.211       0.645758       0.731340
            519         42.510         89.058       0.676896       0.731340
            520         30.706         88.926       0.743328       0.731340
            521         25.780         94.343       0.785391       0.731340
            522         55.534         88.633       0.614794       0.731340
            523         24.245         87.071       0.782196       0.731340
            524         24.908         44.513       0.641207       0.731340
            525         41.099         81.011       0.663426       0.731340
            526         31.011         62.247       0.667471       0.731340
            527         37.040         81.429       0.687345       0.731340
            528         18.643         67.416       0.783372       0.731340
            529         21.154        126.619       0.856847       0.731340
            530         15.689         43.595       0.735356       0.731340
            531         46.466         81.416       0.636649       0.731340
            532         12.348         45.646       0.787085       0.731340
            533         16.351         61.770       0.790697       0.731340
            534         22.916         55.033       0.706014       0.731340
            535         39.150        119.605       0.753392       0.731340
            536         21.584         68.070       0.759256       0.731340
            537         33.838        118.786       0.778292       0.731340
            538         44.714         37.156       0.453844       0.731340
            539         16.673         87.757       0.840344       0.731340
            540         22.074         67.019       0.752235       0.731340
            541          8.339         77.641       0.903017       0.731340
            542         39.607         85.124       0.682463       0.731340
            543          6.945         66.948       0.906016       0.731340
            544         25.627         34.640       0.574771       0.731340
            545         39.415         78.363       0.665347       0.731340
            546         24.090         91.668       0.791893       0.731340
            547         22.015         68.208       0.755998       0.731340
            548         47.509         47.088       0.497776       0.731340
            549         31.260         71.653       0.696247       0.731340
            550         26.708         97.628       0.785195       0.731340
            551         21.400         75.363       0.778841       0.731340
            552         20.020         76.604       0.792805       0.731340
            553         18.656         63.025       0.771595       0.731340
            554         31.804         60.271       0.654583       0.731340
            555         31.377        108.913       0.776341       0.731340
            556         24.717         63.507       0.719838       0.731340
            557         41.187         83.887       0.670700       0.731340
            558         33.812         80.028       0.702987       0.731340
            559         11.328         82.341       0.879063       0.731340
            560         31.055         73.441       0.702813       0.731340
            561         44.282         72.033       0.619293       0.731340
            562         23.731         86.531       0.784776       0.731340
            563         20.953        102.626       0.830446       0.731340
            564          2.278         72.400       0.969492       0.731340
            565         21.759         70.420       0.763945       0.731340
            566         31.251         94.024       0.750541       0.731340
            567         -5.944        103.955       1.060641       0.731340
            568         17.347         93.721       0.843815       0.731340
            569         20.523         98.652       0.827789       0.731340
            570         16.384         70.984       0.812474       0.731340
            571          5.134         83.578       0.942132       0.731340
            572         29.910        104.938       0.778193       0.731340
            573         34.621         76.844       0.689401       0.731340
            574         42.170         78.380       0.650186       0.731340
            575         31.604         66.200       0.676860       0.731340
            576         21.937         44.229       0.668458       0.731340
            577         26.768         60.904       0.694677       0.731340
            578         40.887         62.212       0.603422       0.731340
            579         14.328         95.069       0.869029       0.731340
            580         17.790         69.128       0.795322       0.731340
            581         25.774         74.010       0.741706       0.731340
            582         12.994         42.342       0.765188       0.731340
            583         39.575         66.246       0.626019       0.731340
            584         24.621         71.305       0.743334       0.731340
            585         19.659         69.251       0.778890       0.731340
            586          6.554         42.663       0.866829       0.731340
            587         23.036         69.694       0.751581       0.731340
            588         13.286        109.362       0.891672       0.731340
            589         21.462        101.524       0.825492       0.731340
            590         51.392         73.851       0.589661       0.731340
            591         15.492        100.645       0.866608       0.731340
            592         17.096         46.438       0.730915       0.731340
            593         41.753         60.289       0.590825       0.731340
            594         -5.592         90.767       1.065649       0.731340
            595          7.329         99.376       0.931313       0.731340
            596         25.728         62.894       0.709684       0.731340
            597         28.254         49.006       0.634299       0.731340
            598          4.339         91.039       0.954507       0.731340
            599         26.538         35.015       0.568859       0.731340
            600         36.370         69.639       0.656914       0.731340
            601         23.951         79.948       0.769479       0.731340
            602         15.440         75.066       0.829399       0.731340
            603         25.316         53.176       0.677469       0.731340
            604         25.222         80.355       0.761099       0.731340
            605         23.710         73.884       0.757056       0.731340
            606         48.837         66.505       0.576591       0.731340
            607         51.477         50.346       0.494445       0.731340
            608         23.165         49.463       0.681046       0.731340
            609         33.863         36.661       0.519842       0.731340
            610         23.689        110.482       0.823438       0.731340
            611         42.432         60.254       0.586779       0.731340
            612         38.823         72.440       0.651067       0.731340
            613         31.159         64.528       0.674365       0.731340
            614         28.855         81.394       0.738276       0.731340
            615         50.408         45.733       0.475683       0.731340
            616         20.922         85.704       0.803785       0.731340
            617         37.176         48.022       0.563654       0.731340
            618         47.096         43.398       0.479567       0.731340
            619         38.854         40.784       0.512118       0.731340
            620          2.530         62.205       0.960925       0.731340
            621          7.386        103.281       0.933262       0.731340
            622         33.316         92.318       0.734816       0.731340
            623         30.356         77.464       0.718460       0.731340
            624         20.589         60.561       0.746284       0.731340
            625         30.522         43.036       0.585066       0.731340
            626         34.918         59.767       0.631223       0.731340
            627         28.542         96.526       0.771785       0.731340
            628         14.410         87.169       0.858139       0.731340
            629         42.239         79.794       0.653872       0.731340
            630         33.774         86.701       0.719659       0.731340
            631         47.251        110.787       0.701014       0.731340
            632         25.696         64.658       0.715606       0.731340
            633         36.450         73.828       0.669476       0.731340
            634         21.413         43.485       0.670054       0.731340
            635         37.309         47.783       0.561543       0.731340
            636         21.336         49.266       0.697801       0.731340
            637         22.904         78.653       0.774474       0.731340
            638         25.879         24.500       0.486307       0.731340
            639         37.983         71.906       0.654354       0.731340
            640         46.261         45.138       0.493853       0.731340
            641         33.584         63.409       0.653748       0.731340
            642         18.261        107.384       0.854664       0.731340
            643          7.438         94.724       0.927191       0.731340
            644         13.428         83.701       0.861748       0.731340
            645          8.154         67.445       0.892143       0.731340
            646          7.853         74.640       0.904800       0.731340
            647         22.065         83.434       0.790850       0.731340
            648         45.825         52.489       0.533890       0.731340
            649         39.439        124.725       0.759759       0.731340
            650         49.612        120.333       0.708070       0.731340
            651         38.805        113.611       0.745403       0.731340
            652         47.241         87.569       0.649574       0.731340
            653         25.101         77.837       0.756154       0.731340
            654         13.023        103.280       0.888026       0.731340
            655         50.054         44.835       0.472495       0.731340
            656         40.522         41.605       0.506589       0.731340
            657         25.081         64.287       0.719347       0.731340
            658         22.508         98.517       0.814025       0.731340
            659         24.278         68.656       0.738759       0.731340
            660         40.124         67.460       0.627041       0.731340
            661         47.669         66.416       0.582164       0.731340
            662         16.530         79.946       0.828667       0.731340
            663         39.236         52.966       0.574457       0.731340
            664         21.200         48.359       0.695221       0.731340
            665         14.091         87.051       0.860680       0.731340
            666         50.334         96.046       0.656140       0.731340
            667         33.118         47.256       0.587952       0.731340
            668         33.919         98.422       0.743698       0.731340
            669         37.277         90.839       0.709038       0.731340
            670         11.810        100.533       0.894877       0.731340
            671         22.177        100.274       0.818893       0.731340
            672         43.838         68.993       0.611473       0.731340
            673         31.644         60.167       0.655336       0.731340
            674         30.571         77.477       0.717063       0.731340
            675         27.923         58.499       0.676900       0.731340
            676         35.348         68.219       0.658693       0.731340
            677         34.626        113.639       0.766457       0.731340
            678         18.558         51.531       0.735221       0.731340
            679         51.314         59.532       0.537067       0.731340
            680         29.770         33.933       0.532679       0.731340
            681         40.965         88.710       0.684096       0.731340
            682         42.503         59.845       0.584720       0.731340
            683         19.178         69.033       0.782589       0.731340
            684         28.042         77.594       0.734539       0.731340
            685         19.215         49.147       0.718920       0.731340
            686         29.750         87.286       0.745807       0.731340
            687         40.456         50.078       0.553140       0.731340
            688         31.968         45.084       0.585112       0.731340
            689         42.535         69.433       0.620112       0.731340
            690         35.206         82.613       0.701185       0.731340
            691         37.492         26.714       0.416066       0.731340
            692         11.325         61.732       0.844981       0.731340
            693         56.403         55.264       0.494898       0.731340
            694         23.239         88.169       0.791406       0.731340
            695         30.163         86.432       0.741302       0.731340
            696         23.067         55.927       0.707985       0.731340
            697         52.591         58.009       0.524491       0.731340
            698         45.106         52.995       0.540209       0.731340
            699         -1.049        100.442       1.010552       0.731340
            700         46.956         47.279       0.501715       0.731340
            701         39.112        104.021       0.726742       0.731340
            702         57.988         90.500       0.609478       0.731340
            703         23.551         44.423       0.653523       0.731340
            704         14.475         69.607       0.827848       0.731340
            705         56.385         41.880       0.426197       0.731340
            706         32.948         62.150       0.653538       0.731340
            707         34.991         92.554       0.725659       0.731340
            708          9.563         83.293       0.897011       0.731340
            709         31.743        108.517       0.773685       0.731340
            710         29.629         74.389       0.715153       0.731340
            711         -1.288        104.913       1.012434       0.731340
            712         35.460         52.457       0.596663       0.731340
            713         55.522        104.993       0.654103       0.731340
            714         15.928         24.229       0.603358       0.731340
            715         22.448         92.582       0.804854       0.731340
            716         22.455         96.241       0.810819       0.731340
            717         57.627         75.845       0.568245       0.731340
            718        -10.086         60.976       1.198184       0.731340
            719         35.810         53.824       0.600487       0.731340
            720         46.126         41.073       0.471025       0.731340
            721         25.297         46.276       0.646552       0.731340
            722         17.325         31.105       0.642263       0.731340
            723         24.768         85.948       0.776294       0.731340
            724         35.932         14.374       0.285727       0.731340
            725         30.109         87.208       0.743352       0.731340
            726         32.682         87.959       0.729097       0.731340
            727         35.461         32.379       0.477287       0.731340
            728         36.373         95.076       0.723291       0.731340
            729         51.527         73.079       0.586479       0.731340
            730         17.778         92.110       0.838220       0.731340
            731         23.710         83.953       0.779777       0.731340
            732         45.322         57.377       0.558692       0.731340
            733         39.447         45.703       0.536731       0.731340
            734         24.468         32.209       0.568290       0.731340
            735         26.883         74.976       0.736076       0.731340
            736         41.895         48.105       0.534501       0.731340
            737         40.711         63.371       0.608856       0.731340
            738         14.463        101.321       0.875087       0.731340
            739         63.381         73.641       0.537436       0.731340
            740         35.155         80.043       0.694829       0.731340
            741         36.449         89.795       0.711282       0.731340
            742         40.290         31.998       0.442644       0.731340
            743         45.024         42.462       0.485359       0.731340
            744         29.075         58.728       0.668859       0.731340
            745         30.141         10.993       0.267244       0.731340
            746         29.375         38.568       0.567653       0.731340
            747          4.752         48.758       0.911194       0.731340
            748         21.704         75.982       0.777821       0.731340
            749         30.280         81.547       0.729223       0.731340
            750         27.589         64.252       0.699600       0.731340
            751         16.600        131.974       0.888272       0.731340
            752         26.480        101.272       0.792722       0.731340
            753         18.308         90.790       0.832186       0.731340
            754          5.411         74.461       0.932255       0.731340
            755         32.708        106.638       0.765273       0.731340
            756         27.485         91.359       0.768730       0.731340
            757         -1.378         59.602       1.023673       0.731340
            758         17.596         64.133       0.784700       0.731340
            759         32.853         75.712       0.697388       0.731340
            760         31.809         90.704       0.740360       0.731340
            761         -2.339         66.342       1.036548       0.731340
            762         13.208         95.551       0.878559       0.731340
            763          8.770        108.411       0.925155       0.731340
            764         32.590         71.179       0.685937       0.731340
            765         15.097        104.678       0.873955       0.731340
            766         33.563         43.354       0.563647       0.731340
            767         12.128         79.664       0.867871       0.731340
            768          9.455         70.464       0.881695       0.731340
            769          1.168         99.294       0.988372       0.731340
            770         35.637         40.038       0.529078       0.731340
            771         51.664         79.172       0.605126       0.731340
            772         40.770         99.250       0.708830       0.731340
            773         37.885         47.841       0.558070       0.731340
            774         36.847         59.620       0.618034       0.731340
            775         32.841         82.048       0.714152       0.731340
            776         35.239         91.215       0.721332       0.731340
            777         35.783         78.341       0.686454       0.731340
            778         40.710         61.339       0.601076       0.731340
            779         49.973         45.806       0.478245       0.731340
            780         21.867         82.445       0.790369       0.731340
            781         59.913         85.754       0.588698       0.731340
            782         37.557         64.214       0.630964       0.731340
            783         33.350         71.907       0.683154       0.731340
            784         54.645         68.895       0.557673       0.731340
            785         17.393         69.596       0.800056       0.731340
            786         66.362         52.341       0.440937       0.731340
            787          8.059         77.967       0.906315       0.731340
            788         18.000         62.162       0.775456       0.731340
            789         36.488         39.071       0.517097       0.731340
            790         29.225         69.194       0.703057       0.731340
            791         16.127         28.832       0.641298       0.731340
            792          9.802         69.616       0.876580       0.731340
            793         54.831         46.805       0.460520       0.731340
            794         21.849         46.055       0.678235       0.731340
            795         16.769         58.007       0.775739       0.731340
            796         27.780         82.973       0.749172       0.731340
            797         29.728         79.045       0.726699       0.731340
            798         28.145        105.813       0.789894       0.731340
            799         13.284        100.970       0.883734       0.731340
            800         38.052         87.467       0.696844       0.731340
            801         22.177         64.817       0.745078       0.731340
            802         33.566         60.226       0.642122       0.731340
            803         26.092         48.086       0.648249       0.731340
            804          8.826         47.059       0.842068       0.731340
            805         43.625         64.844       0.597812       0.731340
            806         15.253         36.490       0.705215       0.731340
            807         36.370         55.365       0.603531       0.731340
            808         35.450         55.916       0.612002       0.731340
            809         13.206         41.882       0.760278       0.731340
            810         38.615        103.376       0.728043       0.731340
            811         47.186         56.291       0.543995       0.731340
            812         16.595         96.540       0.853320       0.731340
            813         19.338        103.398       0.842440       0.731340
            814         39.302         83.465       0.679866       0.731340
            815         11.781         56.416       0.827246       0.731340
            816         14.230        105.236       0.880890       0.731340
            817         48.242         63.338       0.567650       0.731340
            818         35.845         63.006       0.637388       0.731340
            819         27.672         40.673       0.595117       0.731340
            820         31.138         61.124       0.662506       0.731340
            821         37.747         35.819       0.486898       0.731340
            822         14.782         64.180       0.812799       0.731340
            823         43.437         70.618       0.619155       0.731340
            824         33.487         57.582       0.632290       0.731340
            825         18.966         76.114       0.800525       0.731340
            826         46.234         61.296       0.570033       0.731340
            827         29.199         74.070       0.717251       0.731340
            828          2.905         66.496       0.958139       0.731340
            829         34.409         82.056       0.704553       0.731340
            830         24.187          6.712       0.217226       0.731340
            831         26.591         36.642       0.579471       0.731340
            832         -3.502         86.815       1.042034       0.731340
            833         36.250         74.289       0.672062       0.731340
            834         27.800         96.278       0.775945       0.731340
            835         28.623         65.207       0.694946       0.731340
            836         45.907         80.927       0.638053       0.731340
            837         12.329         86.084       0.874719       0.731340
            838         23.103         64.178       0.735306       0.731340
            839          4.300         93.413       0.955994       0.731340
            840         18.891         39.944       0.678913       0.731340
            841         40.515         38.418       0.486718       0.731340
            842         17.203         52.720       0.753974       0.731340
            843         17.078         61.974       0.783964       0.731340
            844         28.688        100.121       0.777285       0.731340
            845         11.730         96.437       0.891559       0.731340
            846         15.457         72.626       0.824516       0.731340
            847         43.026         86.643       0.668185       0.731340
            848         19.048         61.141       0.762465       0.731340
            849         35.445         85.004       0.705725       0.731340
            850         41.433         38.896       0.484206       0.731340
            851         31.321         93.490       0.749055       0.731340
            852         18.055         95.954       0.841633       0.731340
            853         31.208         84.207       0.729599       0.731340
            854         33.633         88.582       0.724804       0.731340
            855         43.258        106.982       0.712075       0.731340
            856          7.803         58.267       0.881896       0.731340
            857         29.537         57.424       0.660339       0.731340
            858         39.552         41.303       0.510825       0.731340
            859         40.854         60.392       0.596489       0.731340
            860         23.190         53.802       0.698802       0.731340
            861         51.826         26.718       0.340166       0.731340
            862         19.023         53.986       0.739447       0.731340
            863         45.022         85.772       0.655779       0.731340
            864         34.461         69.870       0.669696       0.731340
            865         33.196         63.454       0.656535       0.731340
            866         34.515         70.475       0.671258       0.731340
            867         30.513         47.887       0.610803       0.731340
            868         13.087         36.568       0.736442       0.731340
            869         35.822         94.615       0.725372       0.731340
            870         35.978        102.609       0.740393       0.731340
            871         36.921         30.768       0.454550       0.731340
            872         35.247         96.679       0.732825       0.731340
            873         24.020         89.365       0.788153       0.731340
            874         49.469         83.087       0.626807       0.731340
            875         14.654         96.581       0.868263       0.731340
            876         36.436         53.967       0.596964       0.731340
            877         33.338         97.457       0.745112       0.731340
            878          9.518         67.645       0.876650       0.731340
            879         56.727        109.470       0.658677       0.731340
            880         61.168         78.823       0.563055       0.731340
            881         53.372         69.068       0.564098       0.731340
            882         23.949         99.842       0.806538       0.731340
            883         38.391        111.080       0.743157       0.731340
            884         56.978         27.367       0.324463       0.731340
            885         30.496         39.902       0.566807       0.731340
            886         33.018         44.789       0.575640       0.731340
            887         61.292         46.316       0.430414       0.731340
            888         66.786         57.500       0.462643       0.731340
            889         18.988         74.726       0.797385       0.731340
            890         54.864         72.888       0.570542       0.731340
            891         25.673         90.095       0.778238       0.731340
            892         34.676         55.600       0.615889       0.731340
            893         32.116         65.088       0.669602       0.731340
            894         33.592         73.314       0.685782       0.731340
            895         36.058         41.198       0.533268       0.731340
            896         46.517         99.652       0.681759       0.731340
            897         33.433         56.867       0.629755       0.731340
            898         41.151         70.747       0.632246       0.731340
            899         29.283         74.129       0.716832       0.731340
            900         42.132         57.452       0.576917       0.731340
            901         33.131         97.459       0.746296       0.731340
            902         13.110         92.796       0.876209       0.731340
            903         32.917         58.664       0.640569       0.731340
            904         29.727         83.838       0.738235       0.731340
            905         15.629         65.572       0.807529       0.731340
            906         21.376         83.856       0.796868       0.731340
            907         50.857         61.751       0.548372       0.731340
            908         25.879        125.747       0.829326       0.731340
            909         21.013         74.953       0.781032       0.731340
            910         34.681        104.938       0.751601       0.731340
            911         37.445         92.842       0.712598       0.731340
            912         38.834         55.730       0.589336       0.731340
            913          8.837         53.359       0.857912       0.731340
            914         21.143         74.576       0.779110       0.731340
            915         32.060         64.766       0.668890       0.731340
            916         50.866         40.584       0.443787       0.731340
            917         19.288         61.399       0.760952       0.731340
            918         32.674         72.096       0.688134       0.731340
            919         29.817         27.268       0.477674       0.731340
            920         19.336         77.251       0.799808       0.731340
            921         22.851         44.183       0.659117       0.731340
            922         32.353         70.432       0.685238       0.731340
            923         27.962         89.286       0.761515       0.731340
            924         26.720         80.886       0.751685       0.731340
            925         20.994         90.725       0.812080       0.731340
            926         17.971         49.849       0.735015       0.731340
            927         18.690         90.593       0.828973       0.731340
            928         30.753         70.966       0.697670       0.731340
            929         34.252         50.682       0.596721       0.731340
            930         31.779         75.309       0.703242       0.731340
            931         43.099         95.494       0.689023       0.731340
            932         13.503         83.655       0.861022       0.731340
            933         39.876         62.508       0.610523       0.731340
            934         44.793         75.107       0.626413       0.731340
            935         -4.285         65.998       1.069427       0.731340
            936         38.907         30.825       0.442051       0.731340
            937         25.403         76.807       0.751462       0.731340
            938         51.837         93.576       0.643520       0.731340
            939         43.658         77.058       0.638341       0.731340
            940         15.496         73.812       0.826493       0.731340
            941         27.614         53.149       0.658086       0.731340
            942         33.340         93.449       0.737044       0.731340
            943         15.792         95.155       0.857659       0.731340
            944         38.355         81.280       0.679398       0.731340
            945         26.165         82.061       0.758235       0.731340
            946         13.068         69.843       0.842389       0.731340
            947          1.706         72.647       0.977049       0.731340
            948         43.769         64.960       0.597449       0.731340
            949         29.445        103.226       0.778058       0.731340
            950          3.908         76.169       0.951196       0.731340
            951         38.300         62.702       0.620797       0.731340
            952         39.635         79.630       0.667676       0.731340
            953         42.464         70.690       0.624723       0.731340
            954         26.487          8.667       0.246552       0.731340
            955         45.893         32.280       0.412931       0.731340
            956         28.828         54.681       0.654790       0.731340
            957         33.465         73.540       0.687260       0.731340
            958         41.684         79.606       0.656325       0.731340
            959         13.775         42.900       0.756943       0.731340
            960         21.059         55.823       0.726090       0.731340
            961         27.404         62.457       0.695040       0.731340
            962         12.339         56.726       0.821339       0.731340
            963         -0.141        122.410       1.001156       0.731340
            964          6.404         61.685       0.905942       0.731340
            965         18.229         87.186       0.827070       0.731340
            966         -2.181        145.804       1.015182       0.731340
            967         41.049         73.959       0.643077       0.731340
            968         24.451         69.254       0.739061       0.731340
            969         36.771         66.972       0.645557       0.731340
            970          8.169        107.693       0.929493       0.731340
            971          9.302        102.683       0.916932       0.731340
            972         28.704         62.555       0.685468       0.731340
            973         42.604         49.895       0.539412       0.731340
            974         11.597         84.448       0.879251       0.731340
            975          9.779         74.203       0.883554       0.731340
            976         27.583         29.698       0.518463       0.731340
            977         -0.238         78.666       1.003032       0.731340
            978         32.370         98.933       0.753472       0.731340
            979         13.177         47.451       0.782660       0.731340
            980         19.612         90.954       0.822625       0.731340
            981         12.883        106.200       0.891816       0.731340
            982         12.779        106.493       0.892860       0.731340
            983         25.776         97.198       0.790396       0.731340
            984         15.592        100.312       0.865471       0.731340
            985         16.738         67.762       0.801915       0.731340
            986         37.201         96.151       0.721031       0.731340
            987         17.232         71.884       0.806636       0.731340
            988         19.386         85.033       0.814345       0.731340
            989         12.212        101.557       0.892662       0.731340
            990          8.854         62.038       0.875108       0.731340
            991         20.876         84.146       0.801222       0.731340
            992         26.702         60.028       0.692126       0.731340
            993         34.631         69.936       0.668820       0.731340
            994         37.054         95.032       0.719471       0.731340
            995         24.360         68.253       0.736972       0.731340
            996          2.748         68.541       0.961457       0.731340
            997         10.832        103.484       0.905244       0.731340
            998         32.578         47.203       0.591656       0.731340
            999         31.678         87.164       0.733445       0.731340
           1000         22.219         84.779       0.792339       0.731340
