              1         37.207         71.308       0.657129       0.708690
              2         46.888         63.588       0.575581       0.708690
              3         31.052         90.723       0.745007       0.708690
              4         41.812         36.867       0.468574       0.708690
              5         18.161         86.300       0.826143       0.708690
              6         34.587         68.224       0.663590       0.708690
              7         28.347         67.649       0.704707       0.708690
              8         44.620         42.818       0.489697       0.708690
              9         24.513         72.933       0.748446       0.708690
             10         12.305         85.569       0.874273       0.708690
             11         36.970         48.976       0.569847       0.708690
             12         24.044         69.942       0.744178       0.708690
             13         24.214         87.776       0.783786       0.708690
             14         12.520         79.590       0.864072       0.708690
             15          0.699         68.193       0.989857       0.708690
             16         38.139         50.035       0.567458       0.708690
             17         28.728         42.038       0.594042       0.708690
             18         30.795         35.583       0.536068       0.708690
             19         38.976         68.178       0.636263       0.708690
             20         19.023         32.882       0.633500       0.708690
             21         29.397         82.713       0.737787       0.708690
             22         13.034         56.953       0.813768       0.708690
             23         37.481         46.556       0.553992       0.708690
             24         33.654         64.331       0.656536       0.708690
             25         20.020         86.506       0.812063       0.708690
             26         13.861        110.433       0.888483       0.708690
             27         41.953         76.932       0.647114       0.708690
             28         12.779         58.086       0.819666       0.708690
             29         42.612        101.067       0.703422       0.708690
             30          0.979         40.326       0.976297       0.708690
             31         13.581         63.978       0.824896       0.708690
             32         32.689         83.654       0.719029       0.708690
             33         30.824         59.078       0.657136       0.708690
             34         29.777         62.749       0.678177       0.708690
             35         39.765         68.796       0.633710       0.708690
             36         20.441         73.301       0.781943       0.708690
             37         29.749         70.662       0.703725       0.708690
             38         65.197         88.214       0.575017       0.708690
             39         24.313         48.223       0.664814       0.708690
             40         35.020         81.728       0.700035       0.708690
             41         34.371        101.437       0.746916       0.708690
             42          7.765         97.348       0.926132       0.708690
             43         32.853         49.477       0.600960       0.708690
             44         35.370         93.999       0.726596       0.708690
             45         33.549         43.795       0.566233       0.708690
             46         45.877         87.487       0.656000       0.708690
             47         26.892         60.291       0.691543       0.708690
             48         24.210          9.351       0.278632       0.708690
             49         21.999        100.898       0.820996       0.708690
             50         23.659         99.457       0.807831       0.708690
             51         11.787         80.347       0.872066       0.708690
             52         17.970         54.199       0.750997       0.708690
             53         22.477         66.137       0.746349       0.708690
             54         10.349         67.289       0.866702       0.708690
             55         37.764         72.566       0.657716       0.708690
             56         46.550         58.188       0.555556       0.708690
             57         18.347         83.913       0.820582       0.817429
             58         12.752        103.014       0.889849       0.817429
             59         21.733         41.972       0.658844       0.817429
             60         18.902        117.902       0.861833       0.817429
             61         19.317        109.596       0.850153       0.817429
             62         32.901         93.668       0.740057       0.817429
             63         18.218         74.584       0.803686       0.817429
             64          1.917         68.665       0.972838       0.817429
             65         16.225         94.778       0.853835       0.817429
             66         35.349         66.572       0.653173       0.817429
             67         21.985         95.668       0.813140       0.817429
             68         15.219         58.907       0.794684       0.817429
             69         25.096         74.872       0.748962       0.817429
             70          9.764         84.255       0.896147       0.817429
             71         13.094         87.489       0.869819       0.817429
             72          2.582         73.361       0.966000       0.817429
             73          8.336        109.504       0.929259       0.817429
             74         11.404         81.190       0.876838       0.817429
             75         37.395        106.519       0.740156       0.817429
             76         42.027         66.299       0.612034       0.817429
             77         15.072         86.942       0.852258       0.817429
             78         27.864        103.815       0.788393       0.817429
             79         44.557         83.190       0.651208       0.817429
             80         20.856        107.229       0.837172       0.817429
             81         30.069         60.889       0.669418       0.817429
             82          9.207         39.472       0.810867       0.817429
             83         21.129         81.806       0.794737       0.817429
             84         35.753         74.078       0.674471       0.817429
             85         23.687         61.015       0.720348       0.817429
             86         13.699         77.571       0.849908       0.817429
             87         28.730         92.842       0.763681       0.817429
             88          6.354        108.565       0.944711       0.817429
             89         -1.726         78.648       1.022445       0.817429
             90         -0.612        101.761       1.006055       0.817429
             91         11.441         91.034       0.888356       0.817429
             92         26.733         71.807       0.728710       0.817429
             93         16.167        103.647       0.865064       0.817429
             94         34.202         65.294       0.656246       0.817429
             95         29.059         56.567       0.660630       0.817429
             96         12.200        102.148       0.893306       0.817429
             97         13.838         60.893       0.814831       0.817429
             98         25.587         76.202       0.748627       0.817429
             99         20.547        103.239       0.834011       0.817429
            100          2.584        155.437       0.983646       0.817429
            101         43.051         90.669       0.678051       0.817429
            102         42.387         95.482       0.692559       0.817429
            103         13.437        105.284       0.886817       0.817429
            104         39.881         43.253       0.520282       0.817429
            105         32.220         42.504       0.568817       0.817429
            106         20.461         51.137       0.714227       0.817429
            107         18.073         40.124       0.689448       0.817429
            108          3.066         93.496       0.968253       0.817429
            109         13.874         68.537       0.831649       0.817429
            110         40.369        110.004       0.731541       0.817429
            111         17.082         76.130       0.816743       0.817429
            112         18.926         84.697       0.817356       0.817429
            113         32.745         96.754       0.747142       0.817429
            114         17.220         76.108       0.815487       0.817429
            115         17.083         67.018       0.796874       0.817429
            116         13.894         56.659       0.803072       0.817429
            117          6.335         77.237       0.924196       0.817429
            118         19.104        101.570       0.841690       0.817429
            119         11.185         72.290       0.866006       0.817429
            120          3.848         97.154       0.961899       0.817429
            121         34.228        109.659       0.762117       0.817429
            122         -0.872         64.095       1.013790       0.817429
            123          8.719         87.229       0.909131       0.817429
            124         20.886         60.210       0.742451       0.817429
            125         32.959         83.711       0.717499       0.817429
            126          2.790         91.988       0.970563       0.817429
            127         27.096        113.130       0.806766       0.817429
            128         15.980         76.655       0.827494       0.817429
            129         35.431         89.706       0.716861       0.817429
            130         13.227         90.219       0.872136       0.817429
            131         22.520         86.581       0.793582       0.817429
            132         25.761         85.932       0.769358       0.817429
            133         12.794         67.694       0.841044       0.817429
            134          0.938         52.861       0.982570       0.817429
            135         37.359         96.353       0.720600       0.817429
            136         20.787         90.618       0.813407       0.817429
            137         26.787        111.018       0.805619       0.817429
            138         26.771         87.846       0.766431       0.817429
            139         31.228         60.496       0.659544       0.817429
            140          8.347         79.251       0.904712       0.817429
            141         38.269        103.449       0.729964       0.817429
            142         19.119         61.610       0.763168       0.817429
            143          7.190         90.958       0.926746       0.817429
            144         23.722         92.292       0.795523       0.817429
            145          4.222        132.807       0.969189       0.817429
            146         -1.508         50.624       1.030711       0.817429
            147         12.138         90.995       0.882303       0.817429
            148          2.396         52.565       0.956401       0.817429
            149         25.492         63.056       0.712108       0.817429
            150         17.448         81.543       0.823742       0.817429
            151         21.315         60.760       0.740293       0.817429
            152         25.045        107.617       0.811214       0.817429
            153          6.001         75.258       0.926153       0.817429
            154         22.815         62.565       0.732786       0.817429
            155         10.228        130.394       0.927268       0.817429
            156         17.315         81.998       0.825649       0.817429
            157         19.042         77.900       0.803573       0.817429
            158         27.786         57.876       0.675631       0.708690
            159         21.491         73.764       0.774380       0.708690
            160         32.809         65.903       0.667631       0.708690
            161         50.402         87.095       0.633434       0.708690
            162         18.566         73.182       0.797641       0.708690
            163         66.696        132.682       0.665479       0.708690
            164         48.397         73.856       0.604125       0.708690
            165         17.726         30.686       0.633856       0.708690
            166         39.109        112.888       0.742699       0.708690
            167         31.448        101.342       0.763177       0.708690
            168         29.445         94.018       0.761506       0.708690
            169         28.066         79.617       0.739367       0.708690
            170         43.997         59.109       0.573280       0.708690
            171          9.662         71.636       0.881152       0.708690
            172         38.822         45.883       0.541680       0.708690
            173         32.800         64.814       0.663984       0.708690
            174         36.353         30.900       0.459460       0.708690
            175         39.409         84.492       0.681933       0.708690
            176         22.483         75.871       0.771406       0.708690
            177         28.678         49.530       0.633314       0.708690
            178         34.001        106.320       0.757690       0.708690
            179         30.469         88.364       0.743598       0.708690
            180         17.798         97.087       0.845082       0.708690
            181         42.404        105.787       0.713857       0.708690
            182         37.842         55.713       0.595512       0.708690
            183         24.170         74.900       0.756033       0.708690
            184         14.799         63.292       0.810493       0.708690
            185         13.788        103.621       0.882563       0.708690
            186         20.404         82.558       0.801826       0.708690
            187        -12.772        111.365       1.129544       0.708690
            188         42.274         74.387       0.637633       0.708690
            189         21.673         82.763       0.792475       0.708690
            190         23.227         82.905       0.781148       0.708690
            191         40.722         51.275       0.557357       0.708690
            192         53.005         99.820       0.653163       0.708690
            193         31.101         83.161       0.727807       0.708690
            194         37.112         79.648       0.682152       0.708690
            195         20.513         53.419       0.722545       0.708690
            196         28.663         70.527       0.711030       0.708690
            197         21.793         74.591       0.773895       0.708690
            198         16.771         51.596       0.754690       0.708690
            199         35.125         33.959       0.491560       0.708690
            200         22.303         31.794       0.587722       0.708690
            201         13.810        118.028       0.895249       0.708690
            202         41.881         87.691       0.676777       0.708690
            203         58.332         50.949       0.466219       0.708690
            204         26.165         92.850       0.780152       0.708690
            205         41.382         90.271       0.685676       0.708690
            206         22.051         51.875       0.701711       0.708690
            207         46.228         79.498       0.632314       0.708690
            208         14.948         59.905       0.800307       0.708690
            209         27.164         79.666       0.745725       0.708690
            210         42.143         64.659       0.605406       0.708690
            211         34.221         53.513       0.609947       0.708690
            212         34.964         59.196       0.628674       0.708690
            213         13.423         63.886       0.826369       0.708690
            214         12.817         60.557       0.825316       0.708690
            215         23.354         64.800       0.735078       0.708690
            216         14.795         10.283       0.410038       0.708690
            217         11.722         76.283       0.866806       0.708690
            218         32.191         43.657       0.575586       0.708690
            219          5.908         90.364       0.938633       0.708690
            220         16.169         68.740       0.809575       0.708690
            221         62.057         92.082       0.597398       0.708690
            222         44.371         68.718       0.607642       0.708690
            223          7.445         66.994       0.899982       0.708690
            224         -1.552         47.698       1.033643       0.708690
            225         32.072         88.286       0.733530       0.708690
            226         31.216         57.752       0.649130       0.708690
            227         36.151         80.318       0.689611       0.708690
            228         21.788         93.326       0.810729       0.708690
            229         41.421         41.624       0.501227       0.708690
            230         27.624         46.437       0.627012       0.708690
            231         19.547        110.689       0.849912       0.708690
            232          6.291        104.498       0.943214       0.708690
            233         11.586         64.024       0.846766       0.708690
            234         14.283         95.101       0.869420       0.708690
            235         32.554         72.794       0.690985       0.708690
            236         54.272         60.465       0.526990       0.708690
            237         47.886         64.656       0.574503       0.708690
            238         34.725         97.687       0.737753       0.708690
            239         27.520         79.509       0.742873       0.708690
            240         32.072         53.861       0.626780       0.708690
            241         32.735         68.552       0.676810       0.708690
            242         46.822         57.110       0.549492       0.708690
            243         27.114         75.131       0.734816       0.708690
            244         31.632         45.505       0.589926       0.708690
            245         37.880         43.410       0.534016       0.708690
            246         19.562         82.285       0.807930       0.708690
            247         35.243         61.572       0.635976       0.708690
            248         26.234         54.271       0.674129       0.708690
            249         24.614         78.972       0.762380       0.708690
            250         18.877         92.357       0.830292       0.708690
            251         14.971         47.613       0.760789       0.708690
            252         29.141         66.578       0.695561       0.708690
            253         -1.396         83.438       1.017013       0.708690
            254         15.927         76.683       0.828022       0.708690
            255         32.658         71.294       0.685836       0.708690
            256         34.559         57.848       0.626016       0.708690
            257         25.647         85.166       0.768557       0.708690
            258         37.070         65.732       0.639403       0.708690
            259         49.436         79.672       0.617095       0.708690
            260         44.818         58.455       0.566020       0.708690
            261         19.439         44.815       0.697467       0.708690
            262         38.583         66.326       0.632221       0.708690
            263         25.483         88.436       0.776302       0.708690
            264         23.868         35.986       0.601236       0.708690
            265         19.819         91.110       0.821333       0.708690
            266         41.058         61.198       0.598478       0.708690
            267          5.889         70.341       0.922746       0.708690
            268         34.320         79.880       0.699478       0.708690
            269         33.017         59.204       0.641983       0.708690
            270         20.905         41.901       0.667153       0.708690
            271         18.391         87.147       0.825740       0.708690
            272         18.929         99.411       0.840046       0.708690
            273         35.902         95.661       0.727111       0.708690
            274         55.231         57.615       0.510562       0.708690
            275         34.505         62.007       0.642480       0.708690
            276         12.432        106.476       0.895451       0.708690
            277         48.299         64.447       0.571610       0.708690
            278         34.886         96.726       0.734933       0.708690
            279         19.635         96.784       0.831346       0.708690
            280         38.535         69.629       0.643737       0.708690
            281         37.252         48.955       0.567879       0.708690
            282         22.521         55.080       0.709787       0.708690
            283         39.422         85.388       0.684147       0.708690
            284         -6.062         90.840       1.071510       0.708690
            285         30.440         76.932       0.716496       0.708690
            286         31.153         40.016       0.562272       0.708690
            287          5.892         75.263       0.927399       0.708690
            288         39.995        107.409       0.728669       0.708690
            289         30.272         73.136       0.707257       0.708690
            290         37.485         90.695       0.707561       0.708690
            291         25.739         21.460       0.454674       0.708690
            292         47.053         49.491       0.512628       0.708690
            293         18.403         57.189       0.756550       0.708690
            294         40.984         67.853       0.623438       0.708690
            295         20.574         87.521       0.809670       0.708690
            296         41.413         45.697       0.524589       0.708690
            297         38.622         74.599       0.658879       0.708690
            298         34.356         65.597       0.656277       0.708690
            299         32.959         82.623       0.714841       0.708690
            300         29.674         63.373       0.681090       0.708690
            301         59.587         64.460       0.519643       0.708690
            302         18.100         33.264       0.647619       0.708690
            303         30.435        109.816       0.782997       0.708690
            304         28.967         46.735       0.617356       0.708690
            305         16.512         63.496       0.793617       0.708690
            306         15.407         81.144       0.840428       0.708690
            307         21.101         57.582       0.731822       0.708690
            308         26.255         78.554       0.749496       0.708690
            309         12.391         17.797       0.589545       0.708690
            310         26.906        108.761       0.801674       0.817429
            311         17.380        122.618       0.875858       0.817429
            312          8.462        130.738       0.939206       0.817429
            313         13.472         91.226       0.871324       0.817429
            314         15.887         56.240       0.779735       0.817429
            315          2.357         68.085       0.966539       0.817429
            316         -1.224         60.101       1.020796       0.817429
            317         17.207         68.003       0.798060       0.817429
            318         18.213         90.286       0.832139       0.817429
            319         19.704         99.287       0.834411       0.817429
            320         14.419         98.704       0.872533       0.817429
            321         29.963         79.550       0.726395       0.817429
            322          5.593         66.597       0.922520       0.817429
            323         25.621         82.951       0.764020       0.817429
            324         22.835         70.059       0.754179       0.817429
            325         24.473         76.674       0.758045       0.817429
            326          9.755         44.175       0.819121       0.817429
            327         36.570         84.402       0.697699       0.708690
            328         32.158         38.500       0.544879       0.708690
            329         32.553         67.216       0.673719       0.708690
            330         38.941         96.706       0.712923       0.708690
            331         14.069        104.724       0.881566       0.708690
            332         21.294         37.342       0.636839       0.708690
            333         37.760         61.780       0.620653       0.708690
            334         44.298         43.762       0.496957       0.708690
            335         33.590        108.985       0.764405       0.708690
            336         54.704         76.942       0.584460       0.708690
            337         18.519         56.355       0.752669       0.708690
            338         30.709         53.389       0.634847       0.708690
            339         28.327         42.066       0.597589       0.708690
            340         51.060         50.354       0.496521       0.708690
            341         27.236         60.055       0.687988       0.708690
            342         33.557         39.906       0.543214       0.708690
            343         15.371         74.456       0.828882       0.708690
            344         29.583         61.288       0.674450       0.708690
            345         24.520         88.883       0.783780       0.708690
            346         46.299         82.925       0.641713       0.708690
            347          4.418         82.760       0.949321       0.708690
            348         31.222        103.946       0.769012       0.708690
            349          0.564         56.944       0.990200       0.708690
            350         27.327         97.647       0.781341       0.708690
            351         44.597         43.892       0.496014       0.708690
            352         15.750         65.686       0.806601       0.708690
            353         45.465         40.481       0.471004       0.708690
            354         29.939         80.354       0.728549       0.708690
            355         31.991         77.854       0.708767       0.708690
            356         29.139         78.262       0.728690       0.708690
            357         56.648         80.861       0.588041       0.708690
            358         41.454         70.575       0.629970       0.708690
            359         22.577         53.892       0.704756       0.708690
            360         37.629         48.308       0.562131       0.708690
            361         39.176         71.461       0.645905       0.708690
            362         37.839         78.479       0.674694       0.708690
            363         21.402         69.326       0.764110       0.708690
            364         35.804         66.192       0.648965       0.708690
            365         35.196         55.775       0.613108       0.708690
            366         28.431         47.894       0.627498       0.708690
            367         10.379         48.985       0.825159       0.708690
            368         39.736         87.500       0.687700       0.708690
            369         10.416         91.452       0.897748       0.708690
            370         43.440         32.831       0.430449       0.708690
            371         49.940         60.384       0.547332       0.708690
            372         14.495         85.965       0.855713       0.708690
            373         29.965         68.486       0.695633       0.708690
            374         23.395         63.394       0.730440       0.708690
            375          3.785         45.296       0.922888       0.708690
            376         19.034        104.980       0.846518       0.708690
            377         75.103        102.341       0.576750       0.708690
            378         54.819         27.315       0.332564       0.708690
            379         41.883         80.158       0.656815       0.708690
            380          0.059         97.455       0.999397       0.708690
            381         49.444         69.078       0.582828       0.708690
            382         49.554         56.138       0.531149       0.708690
            383         42.874        102.822       0.705728       0.708690
            384         35.480         47.610       0.572993       0.708690
            385         19.631         52.766       0.728844       0.708690
            386         25.903         74.050       0.740848       0.708690
            387         10.817         39.283       0.784088       0.708690
            388         42.961         75.277       0.636655       0.708690
            389         51.417         60.398       0.540158       0.708690
            390         20.909         77.694       0.787945       0.708690
            391         25.973         68.936       0.726337       0.708690
            392         16.935         69.163       0.803305       0.708690
            393         30.582         66.616       0.685362       0.708690
            394         15.325         91.448       0.856473       0.708690
            395         40.021        106.412       0.726696       0.708690
            396         13.979         58.426       0.806930       0.708690
            397         26.993         80.993       0.750029       0.708690
            398         26.129         54.649       0.676534       0.708690
            399         48.501         67.687       0.582567       0.708690
            400         41.041         99.091       0.707125       0.708690
            401         15.179         93.645       0.860521       0.708690
            402         25.210         66.072       0.723824       0.708690
            403         34.771         53.249       0.604962       0.708690
            404         22.410        129.290       0.852273       0.708690
            405         24.114         32.075       0.570844       0.708690
            406         30.215         58.452       0.659229       0.708690
            407         25.180         69.817       0.734937       0.708690
            408         57.598         85.078       0.596304       0.708690
            409         43.146         98.488       0.695371       0.708690
            410         52.148         64.949       0.554658       0.708690
            411          0.914         67.834       0.986705       0.708690
            412         23.583         73.837       0.757924       0.708690
            413         40.021         67.844       0.628971       0.708690
            414         17.685         49.738       0.737703       0.708690
            415         41.290         75.276       0.645781       0.708690
            416         19.438         94.025       0.828687       0.708690
            417         13.700         55.481       0.801967       0.708690
            418         13.165         68.332       0.838462       0.708690
            419         48.786         66.378       0.576380       0.708690
            420         14.900         99.882       0.870186       0.708690
            421         25.820         88.641       0.774420       0.708690
            422         33.350         68.977       0.674085       0.708690
            423         20.073         94.498       0.824799       0.708690
            424         45.763         64.826       0.586189       0.708690
            425         13.912         40.382       0.743761       0.708690
            426         13.473        100.059       0.881329       0.708690
            427         -5.322         55.123       1.106864       0.708690
            428         38.227         90.120       0.702157       0.708690
            429         15.566         86.065       0.846835       0.708690
            430         36.517         45.775       0.556256       0.708690
            431         11.751         84.862       0.878371       0.708690
            432         13.014         58.789       0.818758       0.708690
            433         12.270         97.561       0.888282       0.708690
            434         43.612         67.998       0.609247       0.708690
            435         14.614         96.709       0.868724       0.708690
            436         38.010         48.362       0.559927       0.708690
            437         32.794        100.529       0.754026       0.708690
            438         30.691         66.380       0.683828       0.708690
            439          4.461         83.235       0.949129       0.817429
            440         21.806        100.150       0.821196       0.817429
            441         14.486         97.000       0.870062       0.817429
            442         25.474         69.697       0.732337       0.817429
            443         17.561         76.988       0.814265       0.817429
            444         -4.111        115.139       1.037028       0.817429
            445         19.802         71.497       0.783109       0.817429
            446         18.491        103.891       0.848909       0.817429
            447         16.566         79.541       0.827633       0.817429
            448          3.259         81.644       0.961620       0.817429
            449         12.220        103.273       0.894196       0.817429
            450         37.255         67.186       0.643293       0.708690
            451         12.317         53.004       0.811435       0.708690
            452         50.138         80.702       0.616799       0.708690
            453         25.281         92.578       0.785497       0.708690
            454         34.437         86.078       0.714251       0.708690
            455         53.829         76.774       0.587844       0.708690
            456         19.827         61.184       0.755252       0.708690
            457         30.001         77.980       0.722162       0.708690
            458         28.241         59.545       0.678299       0.708690
            459         33.548         79.429       0.703053       0.708690
            460         35.924         62.188       0.633848       0.708690
            461         64.056         61.444       0.489591       0.708690
            462         30.159         90.143       0.749308       0.708690
            463         37.671        118.212       0.758339       0.708690
            464         15.496         62.277       0.800758       0.708690
            465         17.513         40.923       0.700309       0.708690
            466         37.495         66.607       0.639826       0.708690
            467         23.095         89.587       0.795041       0.708690
            468         14.996         78.584       0.839751       0.708690
            469         36.745        104.216       0.739326       0.708690
            470         36.162        121.242       0.770258       0.708690
            471         48.030         56.884       0.542197       0.708690
            472         33.753         53.112       0.611430       0.708690
            473         18.836         96.302       0.836403       0.708690
            474         42.947         58.182       0.575327       0.708690
            475         15.142         86.291       0.850716       0.708690
            476         29.563         89.542       0.751792       0.708690
            477         24.817         53.280       0.682231       0.708690
            478         30.366         58.852       0.659640       0.708690
            479         40.476         76.772       0.654782       0.708690
            480         29.034         92.717       0.761532       0.708690
            481         29.192         55.831       0.656656       0.708690
            482         11.423         73.345       0.865246       0.708690
            483         44.055         86.635       0.662905       0.708690
            484          9.346         54.036       0.852545       0.708690
            485         27.898         68.194       0.709672       0.708690
            486         24.015         83.516       0.776666       0.708690
            487         16.595         79.568       0.827431       0.708690
            488         27.256         97.557       0.781625       0.708690
            489         24.841         82.613       0.768819       0.708690
            490         24.579         64.241       0.723275       0.708690
            491         24.161         77.518       0.762377       0.708690
            492         45.881         79.484       0.634021       0.708690
            493         38.434         76.317       0.665066       0.708690
            494         40.307         79.748       0.664262       0.708690
            495         64.021         49.578       0.436430       0.708690
            496         19.050         42.280       0.689387       0.708690
            497         44.581         96.453       0.683897       0.708690
            498         30.796         73.963       0.706029       0.708690
            499         23.417        117.094       0.833342       0.708690
            500         22.535         62.980       0.736483       0.708690
            501         33.497         67.252       0.667518       0.708690
            502         41.685         73.449       0.637942       0.708690
            503         23.508         71.291       0.752024       0.708690
            504         11.114        109.625       0.907949       0.708690
            505         52.843         50.432       0.488327       0.708690
            506         20.946         80.824       0.794186       0.708690
            507         45.859         54.210       0.541726       0.708690
            508         14.294         56.482       0.798043       0.708690
            509         67.684         91.505       0.574822       0.708690
            510         42.579         43.968       0.508029       0.708690
            511         39.459         37.409       0.486661       0.708690
            512         37.897         83.676       0.688280       0.708690
            513         32.340         67.991       0.677669       0.708690
            514         43.118         50.987       0.541809       0.708690
            515         13.480         81.310       0.857796       0.708690
            516         32.366         56.728       0.636720       0.708690
            517         33.816         99.484       0.746314       0.708690
            518         45.636         63.749       0.582796       0.708690
            519         51.018        107.854       0.678874       0.708690
            520         18.300         73.118       0.799816       0.708690
            521         37.833         95.394       0.716024       0.708690
            522         35.730         95.301       0.727317       0.708690
            523         17.066         63.575       0.788376       0.708690
            524         45.871         83.366       0.645060       0.708690
            525         -0.353        102.081       1.003471       0.708690
            526         11.104         91.946       0.892245       0.708690
            527         38.448         43.181       0.528988       0.708690
            528         42.561         67.116       0.611944       0.708690
            529         13.413         42.656       0.760775       0.708690
            530         38.340         57.329       0.599244       0.708690
            531         44.379         70.329       0.613113       0.708690
            532         26.821         64.430       0.706075       0.708690
            533         31.039         76.946       0.712559       0.708690
            534         49.617         63.404       0.560994       0.708690
            535         45.823         58.937       0.562591       0.708690
            536         37.451        105.531       0.738071       0.708690
            537         54.745         66.483       0.548415       0.708690
            538         41.300         97.839       0.703175       0.708690
            539         36.698         68.706       0.651834       0.708690
            540         38.199         98.920       0.721420       0.708690
            541         43.969         74.304       0.628241       0.708690
            542         24.359         37.674       0.607327       0.708690
            543         16.660         54.740       0.766665       0.708690
            544         34.333         77.149       0.692030       0.708690
            545         35.826         77.999       0.685256       0.708690
            546          0.225         74.638       0.996998       0.708690
            547         35.411         65.341       0.648529       0.708690
            548         21.390         63.434       0.747834       0.708690
            549         40.446         70.533       0.635551       0.708690
            550         21.294         58.475       0.733058       0.708690
            551         48.485         67.760       0.582907       0.708690
            552         41.437         87.999       0.679863       0.708690
            553         27.155         97.366       0.781928       0.708690
            554         23.883        110.785       0.822652       0.708690
            555         30.498        123.237       0.801618       0.708690
            556         16.428         60.781       0.787232       0.708690
            557         15.342         85.013       0.847119       0.708690
            558         36.828         69.451       0.653477       0.708690
            559         27.597         65.725       0.704286       0.708690
            560         32.195         37.969       0.541145       0.708690
            561         24.383         58.177       0.704663       0.708690
            562         34.477         89.658       0.722265       0.708690
            563         43.170         31.904       0.424970       0.708690
            564         23.673         85.832       0.783818       0.708690
            565         33.464         64.269       0.657596       0.708690
            566         -7.061         38.784       1.222580       0.708690
            567         36.429        104.994       0.742409       0.708690
            568         33.538         71.650       0.681159       0.708690
            569         44.066         84.851       0.658185       0.708690
            570         29.463         77.459       0.724445       0.708690
            571         34.741         90.142       0.721810       0.708690
            572         -4.493         58.042       1.083906       0.708690
            573         39.958         65.005       0.619311       0.708690
            574         38.838         54.029       0.581793       0.708690
            575         43.367         84.001       0.659514       0.708690
            576          6.782         50.196       0.880967       0.708690
            577         48.223         58.840       0.549582       0.708690
            578         24.365         66.156       0.730841       0.708690
            579         17.924         68.216       0.791922       0.817429
            580         -6.211         42.867       1.169451       0.817429
            581         31.671        107.298       0.772100       0.817429
            582          5.520         78.424       0.934246       0.817429
            583         17.131         46.465       0.730630       0.817429
            584         24.577        108.325       0.815075       0.817429
            585         42.483         51.462       0.547784       0.817429
            586          9.042         55.025       0.858868       0.817429
            587         19.603         60.236       0.754470       0.817429
            588         -3.269         74.609       1.045823       0.817429
            589         30.763         80.920       0.724549       0.817429
            590         27.774         82.767       0.748747       0.817429
            591          6.076         63.176       0.912264       0.817429
            592          5.904        115.621       0.951419       0.817429
            593         23.478        110.692       0.825013       0.817429
            594         24.228         52.848       0.685661       0.817429
            595         22.446         87.261       0.795404       0.817429
            596         18.573         89.715       0.828487       0.817429
            597          8.476         48.985       0.852495       0.817429
            598         22.904         75.739       0.767807       0.817429
            599          2.425         98.838       0.976053       0.817429
            600         26.615         93.015       0.777523       0.817429
            601         21.191         50.019       0.702419       0.817429
            602         -0.455        117.527       1.003886       0.817429
            603         25.380        101.253       0.799579       0.817429
            604         28.915         68.101       0.701958       0.817429
            605         25.201        101.449       0.801019       0.817429
            606          8.811         93.148       0.913586       0.817429
            607         36.850         36.148       0.495190       0.817429
            608         25.793         65.026       0.715998       0.817429
            609         34.846         60.117       0.633055       0.817429
            610         12.131         54.084       0.816796       0.817429
            611         30.572         88.608       0.743479       0.817429
            612         28.051         91.866       0.766079       0.817429
            613         26.860         61.844       0.697196       0.817429
            614         24.476         53.444       0.685886       0.817429
            615         38.083        104.213       0.732368       0.817429
            616         23.548        152.240       0.866044       0.817429
            617         11.310         53.843       0.826409       0.817429
            618         32.796         86.503       0.725097       0.817429
            619         17.062         87.898       0.837446       0.817429
            620         23.044         99.352       0.811725       0.817429
            621         19.187         99.403       0.838205       0.817429
            622         -1.895         93.877       1.020597       0.817429
            623          7.843         54.583       0.874366       0.817429
            624          7.277         52.741       0.878747       0.817429
            625          4.633         68.325       0.936495       0.817429
            626         24.161         73.346       0.752215       0.817429
            627         20.077         46.937       0.700408       0.817429
            628          6.405         73.191       0.919531       0.817429
            629         17.493        108.435       0.861084       0.817429
            630         14.031         86.585       0.860549       0.817429
            631         28.536         89.217       0.757659       0.817429
            632         12.992         93.578       0.878087       0.817429
            633          1.591         94.339       0.983419       0.817429
            634         11.697         67.199       0.851737       0.817429
            635          4.571         75.855       0.943170       0.817429
            636         27.291        106.741       0.796385       0.817429
            637         19.949         69.812       0.777753       0.817429
            638         25.128        104.069       0.805504       0.817429
            639         10.369         86.297       0.892730       0.817429
            640         16.913         47.733       0.738375       0.817429
            641         15.550         58.114       0.788905       0.817429
            642          0.410         98.215       0.995840       0.817429
            643         21.014         73.794       0.778355       0.817429
            644          9.817         82.232       0.893348       0.817429
            645         12.544         70.936       0.849732       0.817429
            646          8.850         62.994       0.876812       0.817429
            647         15.871         74.555       0.824484       0.817429
            648         11.738        117.880       0.909442       0.817429
            649         18.331         62.859       0.774225       0.817429
            650         55.947         62.278       0.526775       0.708690
            651         29.902         57.022       0.655994       0.708690
            652         21.755         62.462       0.741684       0.708690
            653         13.944         70.197       0.834273       0.708690
            654         31.161         80.536       0.721023       0.708690
            655          6.665         31.991       0.827587       0.708690
            656         36.657         38.042       0.509267       0.708690
            657         46.429         75.421       0.618968       0.708690
            658         28.355        101.655       0.781904       0.708690
            659         32.744         73.516       0.691852       0.708690
            660         41.831         70.951       0.629100       0.708690
            661         20.809         78.363       0.790171       0.708690
            662          9.067         45.812       0.834778       0.708690
            663         14.410         69.612       0.828493       0.708690
            664         46.205         85.234       0.648470       0.708690
            665          8.946         23.019       0.720137       0.708690
            666         26.503         96.210       0.784023       0.708690
            667         26.927         94.784       0.778763       0.708690
            668         24.432         63.087       0.720840       0.708690
            669         32.847        103.052       0.758300       0.708690
            670         34.329         68.808       0.667149       0.708690
            671         15.587         44.913       0.742359       0.708690
            672         23.928        101.479       0.809195       0.708690
            673         40.229         65.730       0.620334       0.708690
            674         10.888         16.004       0.595135       0.708690
            675         56.418         80.161       0.586921       0.708690
            676         56.033         56.673       0.502839       0.708690
            677         17.765         50.087       0.738180       0.708690
            678         45.747        100.445       0.687075       0.708690
            679         18.413        104.722       0.850464       0.708690
            680         27.206         91.115       0.770064       0.708690
            681         10.852         76.898       0.876333       0.708690
            682         34.262         75.707       0.688436       0.708690
            683         28.871         47.755       0.623220       0.708690
            684         37.597         52.796       0.584072       0.708690
            685         12.122         73.655       0.858678       0.708690
            686         26.309         99.317       0.790574       0.708690
            687         26.069         44.025       0.628083       0.708690
            688         23.530         61.911       0.724604       0.708690
            689         13.761        106.594       0.885667       0.708690
            690         22.364         89.014       0.799203       0.708690
            691         23.737         49.892       0.677613       0.708690
            692         17.019         24.670       0.591761       0.708690
            693         29.601        101.310       0.773886       0.708690
            694         23.005         84.890       0.786781       0.708690
            695         14.030         63.026       0.817925       0.708690
            696          7.316         79.649       0.915874       0.708690
            697         18.486         60.210       0.765100       0.708690
            698         21.111         96.221       0.820074       0.708690
            699          3.891         82.739       0.955086       0.708690
            700         23.067         83.987       0.784532       0.708690
            701         35.307        104.526       0.747504       0.708690
            702         11.917         64.802       0.844665       0.708690
            703         37.511         56.696       0.601823       0.708690
            704         46.490         88.899       0.656618       0.708690
            705         26.849         84.561       0.759008       0.708690
            706         40.934         63.685       0.608735       0.708690
            707         36.381         82.747       0.694604       0.708690
            708         39.036         71.071       0.645473       0.708690
            709         22.946         86.606       0.790547       0.708690
            710         13.868         67.981       0.830563       0.708690
            711         16.542         59.642       0.782872       0.708690
            712         44.738         59.960       0.572696       0.708690
            713         31.230         90.722       0.743917       0.708690
            714         49.634         53.126       0.516990       0.708690
            715         35.620         82.936       0.699550       0.708690
            716         37.595         72.377       0.658142       0.708690
            717         25.283         52.716       0.675853       0.708690
            718         32.309         85.420       0.725564       0.708690
            719         39.925         93.302       0.700325       0.708690
            720         28.949         47.440       0.621033       0.708690
            721         37.008         63.969       0.633498       0.708690
            722         16.406         67.387       0.804211       0.708690
            723         43.395         51.601       0.543190       0.708690
            724         21.410         77.145       0.782764       0.708690
            725         21.553         56.581       0.724153       0.708690
            726         30.422         42.298       0.581655       0.708690
            727          5.613         83.395       0.936935       0.708690
            728         47.791         39.149       0.450299       0.708690
            729         24.258        104.298       0.811301       0.708690
            730         45.239         54.935       0.548397       0.708690
            731         13.279         83.690       0.863060       0.708690
            732         49.583         93.113       0.652525       0.708690
            733         30.693         86.216       0.737464       0.708690
            734         44.687         63.242       0.585960       0.708690
            735         23.423         66.215       0.738691       0.708690
            736         34.448         74.223       0.683009       0.708690
            737         21.180         55.529       0.723891       0.708690
            738         11.776         75.021       0.864330       0.708690
            739         37.392         91.039       0.708855       0.708690
            740         30.702        124.587       0.802290       0.708690
            741         31.570         42.069       0.571293       0.708690
            742          5.404         72.969       0.931052       0.708690
            743         23.796         97.528       0.803867       0.708690
            744          6.777         58.005       0.895388       0.708690
            745          8.407         78.856       0.903657       0.708690
            746         25.984         73.510       0.738839       0.708690
            747         39.608         93.714       0.702913       0.708690
            748         40.760         51.719       0.559255       0.708690
            749         21.127         46.591       0.688019       0.708690
            750         34.390         17.658       0.339263       0.708690
            751         25.312         81.399       0.762801       0.708690
            752         36.959         67.478       0.646111       0.708690
            753         27.366         72.306       0.725436       0.708690
            754         41.082         34.415       0.455844       0.708690
            755         18.258         69.853       0.792784       0.708690
            756         35.727        109.124       0.753352       0.708690
            757         24.185         68.118       0.737982       0.708690
            758         26.615         84.610       0.760709       0.708690
            759         11.948         22.811       0.656265       0.708690
            760         46.346         51.462       0.526154       0.708690
            761         36.256         50.224       0.580758       0.708690
            762         22.281         65.663       0.746649       0.708690
            763         41.998         88.404       0.677933       0.708690
            764         53.884         42.921       0.443376       0.708690
            765         17.562         73.044       0.806170       0.708690
            766         27.441         69.893       0.718077       0.708690
            767         17.303         89.339       0.837745       0.708690
            768         22.281         83.191       0.788751       0.708690
            769         49.379         57.017       0.535892       0.708690
            770         26.575         52.060       0.662048       0.708690
            771         25.648         73.554       0.741456       0.708690
            772         42.408        118.501       0.736448       0.708690
            773         31.609         44.262       0.583384       0.708690
            774         27.899        101.496       0.784388       0.708690
            775         12.116        121.682       0.909448       0.708690
            776          4.091         63.549       0.939516       0.708690
            777         65.600         64.198       0.494602       0.708690
            778         27.639         55.111       0.665994       0.708690
            779          3.952        103.229       0.963126       0.708690
            780         49.380         86.078       0.635460       0.708690
            781         51.839        125.589       0.707830       0.708690
            782         13.952         76.619       0.845955       0.708690
            783         24.293         45.553       0.652190       0.708690
            784         25.909         71.242       0.733313       0.708690
            785         36.192         75.302       0.675392       0.708690
            786         44.507         70.073       0.611563       0.708690
            787         56.306         81.222       0.590587       0.708690
            788         19.579         85.464       0.813608       0.708690
            789         39.905         70.698       0.639206       0.708690
            790         39.150        102.872       0.724338       0.708690
            791         39.329         55.259       0.584206       0.708690
            792         49.802        103.258       0.674624       0.708690
            793         24.614         72.890       0.747556       0.708690
            794         16.099         78.616       0.830029       0.708690
            795         20.678         55.427       0.728299       0.708690
            796         36.791         88.388       0.706091       0.708690
            797         35.851         47.474       0.569748       0.708690
            798         12.829         89.444       0.874560       0.817429
            799         11.645         47.907       0.804451       0.817429
            800         47.426         81.792       0.632977       0.817429
            801         12.410         73.270       0.855156       0.817429
            802         14.208         67.245       0.825571       0.817429
            803          4.691         48.510       0.911833       0.817429
            804         30.885         61.012       0.663918       0.817429
            805          4.504         92.301       0.953472       0.817429
            806          7.018         84.278       0.923126       0.817429
            807         25.478         78.283       0.754453       0.817429
            808         16.689         94.689       0.850159       0.817429
            809         19.638         85.985       0.814076       0.817429
            810         30.474         91.818       0.750809       0.817429
            811         26.564         79.992       0.750706       0.817429
            812         31.088         64.826       0.675878       0.817429
            813         17.110         91.940       0.843102       0.817429
            814          2.768        104.663       0.974232       0.817429
            815         26.818         62.674       0.700332       0.817429
            816         18.310         76.992       0.807875       0.817429
            817          9.244         72.021       0.886245       0.817429
            818         18.027         83.947       0.823219       0.817429
            819          1.592         52.948       0.970819       0.817429
            820          9.329         44.981       0.828226       0.817429
            821         19.001        108.331       0.850773       0.817429
            822          7.934         33.519       0.808603       0.817429
            823         33.829         85.735       0.717063       0.817429
            824         16.121         95.324       0.855343       0.817429
            825         11.114         99.903       0.899893       0.817429
            826         20.855         72.046       0.775518       0.817429
            827         21.351         74.401       0.777017       0.817429
            828         31.330         86.342       0.733751       0.817429
            829         28.640         77.050       0.729016       0.817429
            830         24.294        107.391       0.815516       0.817429
            831         22.811         66.907       0.745746       0.817429
            832          5.990         76.684       0.927546       0.817429
            833         14.815         31.413       0.679526       0.708690
            834         29.856         78.616       0.724760       0.708690
            835         33.719         65.028       0.658530       0.708690
            836         27.086         53.166       0.662484       0.708690
            837         31.814        102.602       0.763319       0.708690
            838         11.797         53.037       0.818040       0.708690
            839         18.253         63.689       0.777249       0.708690
            840         31.170         81.957       0.724468       0.708690
            841         10.951         46.601       0.809713       0.708690
            842         11.983         98.848       0.891877       0.708690
            843         26.042        116.370       0.817138       0.708690
            844         24.273         28.359       0.538819       0.708690
            845         44.508         28.378       0.389349       0.708690
            846         39.882         80.643       0.669099       0.708690
            847         19.983         68.617       0.774461       0.817429
            848          9.766         79.324       0.890383       0.817429
            849         27.832         71.723       0.720436       0.817429
            850         32.320         89.010       0.733621       0.817429
            851         15.202        103.533       0.871969       0.817429
            852         30.069        124.634       0.805631       0.817429
            853         16.700        119.829       0.877684       0.817429
            854          7.942         69.509       0.897458       0.817429
            855         11.441         93.590       0.891073       0.817429
            856         48.037         97.139       0.669113       0.817429
            857         10.583         69.441       0.867747       0.817429
            858         14.312         66.591       0.823100       0.817429
            859         18.823         66.683       0.779867       0.817429
            860          6.826         71.980       0.913384       0.817429
            861         39.460         52.988       0.573163       0.817429
            862          8.807        102.409       0.920815       0.817429
            863         12.823         83.295       0.866587       0.817429
            864         34.147         98.718       0.742995       0.817429
            865         17.541         90.851       0.838171       0.817429
            866         34.726         87.370       0.715585       0.817429
            867         22.670         79.392       0.777878       0.817429
            868         23.121        114.801       0.832363       0.817429
            869         37.182         93.170       0.714756       0.817429
            870         35.306        127.273       0.782838       0.817429
            871          9.934        100.381       0.909949       0.817429
            872          6.406        106.821       0.943426       0.817429
            873         18.965         53.520       0.738360       0.817429
            874         34.109         78.662       0.697541       0.817429
            875         21.977         92.963       0.808797       0.817429
            876         22.313         49.256       0.688234       0.817429
            877         21.997         78.524       0.781173       0.817429
            878         21.539         83.904       0.795726       0.817429
            879         30.980        119.812       0.794550       0.817429
            880          5.149        102.878       0.952333       0.817429
            881         25.080         99.225       0.798237       0.817429
            882         14.050         96.328       0.872708       0.817429
            883          9.439         71.647       0.883592       0.817429
            884         12.467         42.601       0.773610       0.817429
            885         13.941         54.990       0.797755       0.817429
            886         12.239         74.880       0.859517       0.817429
            887          8.958         38.830       0.812543       0.817429
            888         -5.226        112.946       1.048514       0.817429
            889         18.962        101.138       0.842112       0.817429
            890          8.524         83.475       0.907343       0.817429
            891          2.704         76.875       0.966018       0.817429
            892         40.506         96.899       0.705209       0.817429
            893         34.203         99.898       0.744947       0.817429
            894         17.447         85.454       0.830449       0.817429
            895         28.946         64.396       0.689890       0.817429
            896         13.206         77.344       0.854158       0.817429
            897         23.671         42.519       0.642382       0.817429
            898         40.569         90.408       0.690260       0.817429
            899         16.532        104.624       0.863546       0.817429
            900         35.908         78.697       0.686679       0.817429
            901         25.676         51.973       0.669335       0.817429
            902         26.661         71.337       0.727944       0.817429
            903         11.547         92.307       0.888819       0.817429
            904         34.335         56.410       0.621633       0.817429
            905          3.271         65.238       0.952257       0.817429
            906         25.494         80.388       0.759222       0.817429
            907         27.158         53.520       0.663378       0.817429
            908          9.197         78.600       0.895244       0.817429
            909         14.090         71.348       0.835086       0.817429
            910         35.551         60.096       0.628310       0.817429
            911         21.658        106.427       0.830910       0.817429
            912         15.358         71.072       0.822307       0.817429
            913         39.607         60.255       0.603383       0.817429
            914         17.834         66.788       0.789254       0.817429
            915         30.424         89.773       0.746881       0.817429
            916         23.889         72.209       0.751409       0.817429
            917          9.742        106.479       0.916178       0.817429
            918          3.332         62.782       0.949598       0.817429
            919         29.226        118.200       0.801756       0.817429
            920          7.928         30.146       0.791780       0.817429
            921         16.422         35.203       0.681897       0.817429
            922         19.192         72.056       0.789676       0.817429
            923         16.454         93.569       0.850452       0.817429
            924         11.462         50.798       0.815898       0.817429
            925         40.987         74.090       0.643833       0.708690
            926         34.458         57.419       0.624957       0.708690
            927         54.065         72.041       0.571272       0.708690
            928         26.433         52.009       0.663023       0.708690
            929         23.874         91.300       0.792715       0.708690
            930         28.754         14.839       0.340398       0.708690
            931         33.756         65.062       0.658403       0.708690
            932         24.746         78.138       0.759473       0.708690
            933         10.477         70.568       0.870730       0.708690
            934         28.562         59.543       0.675817       0.708690
            935         31.472        115.719       0.786182       0.708690
            936         25.351         99.108       0.796312       0.708690
            937         65.147         95.214       0.593746       0.708690
            938         21.817         64.357       0.746826       0.708690
            939         31.502         53.952       0.631360       0.708690
            940         27.436         86.293       0.758756       0.708690
            941         27.702         74.025       0.727682       0.708690
            942         23.289         77.136       0.768096       0.708690
            943         44.202         90.492       0.671832       0.708690
            944         12.944         88.953       0.872972       0.817429
            945         15.392         56.684       0.786445       0.817429
            946         25.770         77.597       0.750692       0.817429
            947         18.027         89.461       0.832285       0.817429
            948         21.649         66.242       0.753680       0.817429
            949         31.008        105.212       0.772371       0.817429
            950         20.839         71.176       0.773527       0.817429
            951         28.602         41.959       0.594643       0.817429
            952          7.417        130.727       0.946313       0.817429
            953         15.829        147.128       0.902865       0.817429
            954         21.147         69.461       0.766612       0.817429
            955         12.638         81.337       0.865518       0.817429
            956         31.111         98.773       0.760468       0.817429
            957         37.011         91.892       0.712878       0.817429
            958         36.986         77.577       0.677153       0.817429
            959         -0.364         84.984       1.004302       0.817429
            960         22.128        118.076       0.842174       0.817429
            961          8.236        101.765       0.925131       0.817429
            962         19.024        132.093       0.874112       0.817429
            963         32.297        125.443       0.795250       0.817429
            964         12.273         82.233       0.870132       0.817429
            965         16.612         75.977       0.820587       0.817429
            966         10.839        107.223       0.908196       0.817429
            967         23.450         96.128       0.803897       0.817429
            968         32.978         94.350       0.741002       0.817429
            969         16.824         71.525       0.809569       0.817429
            970          4.324        124.710       0.966493       0.817429
            971         25.724         62.332       0.707870       0.817429
            972         19.927         46.246       0.698860       0.817429
            973         10.658         93.295       0.897471       0.817429
            974         22.328         97.462       0.813609       0.817429
            975         15.299         86.159       0.849206       0.817429
            976         19.108         61.262       0.762249       0.817429
            977         17.703         73.135       0.805113       0.817429
            978          3.375         86.914       0.962619       0.817429
            979         36.248         70.339       0.659920       0.817429
            980         -6.458         73.586       1.096205       0.817429
            981         15.677         82.333       0.840049       0.817429
            982         46.540         75.473       0.618563       0.708690
            983         45.267         73.536       0.618975       0.708690
            984         36.585         53.275       0.592868       0.708690
            985         23.645         86.630       0.785579       0.708690
            986         33.853         82.295       0.708536       0.708690
            987         27.369         53.391       0.661110       0.708690
            988         35.912         44.330       0.552459       0.708690
            989         37.286         49.995       0.572806       0.708690
            990         23.597         50.867       0.683111       0.708690
            991         39.004        105.103       0.729340       0.708690
            992         47.318        103.449       0.686150       0.708690
            993         32.445         66.503       0.672102       0.708690
            994         23.312         84.528       0.783828       0.708690
            995         41.634         77.599       0.650815       0.708690
            996         30.954         68.353       0.688299       0.708690
            997         46.965         88.199       0.652534       0.708690
            998         24.499         94.940       0.794885       0.708690
            999         14.399         62.810       0.813509       0.708690
           1000         38.791        104.962       0.730152       0.708690
