              1         36.749        110.956       0.751200       0.801890
              2         23.441         41.901       0.641255       0.801890
              3         19.021         92.442       0.829350       0.801890
              4         36.608         35.844       0.494729       0.801890
              5          3.982        108.526       0.964608       0.801890
              6         23.396         71.928       0.754559       0.801890
              7         34.552         75.534       0.686137       0.801890
              8         15.710         69.958       0.816615       0.801890
              9         22.975         75.397       0.766449       0.801890
             10         10.175         89.968       0.898392       0.801890
             11         10.767         56.705       0.840419       0.801890
             12         22.823        112.908       0.831849       0.801890
             13          2.553         77.062       0.967937       0.801890
             14          9.276        106.339       0.919769       0.801890
             15         18.289         46.608       0.718185       0.801890
             16          9.912         63.508       0.864997       0.801890
             17          6.046         92.747       0.938803       0.801890
             18          4.688         81.597       0.945667       0.801890
             19         16.986        109.985       0.866224       0.801890
             20         12.157         86.251       0.876467       0.801890
             21         23.585         54.901       0.699503       0.801890
             22          4.911         50.767       0.911804       0.801890
             23         28.400         98.631       0.776429       0.801890
             24         31.499         46.304       0.595143       0.801890
             25         29.951        108.079       0.783012       0.801890
             26         22.717         60.966       0.728534       0.801890
             27         18.228         65.791       0.783044       0.801890
             28         23.938         63.695       0.726839       0.801890
             29         26.426         49.175       0.650450       0.801890
             30         29.331         80.143       0.732071       0.801890
             31         11.872         70.434       0.855761       0.801890
             32         28.992         84.401       0.744326       0.801890
             33          7.836         87.331       0.917665       0.801890
             34         22.651         97.580       0.811607       0.801890
             35         25.182         75.010       0.748659       0.801890
             36         34.794         59.512       0.631049       0.801890
             37         12.517         80.386       0.865268       0.801890
             38         15.117         74.847       0.831970       0.801890
             39         33.536         73.391       0.686367       0.801890
             40         35.687         51.575       0.591038       0.801890
             41         23.655         83.695       0.779649       0.801890
             42         23.718        106.340       0.817632       0.801890
             43         16.230        108.290       0.869662       0.801890
             44         33.734         84.057       0.713611       0.801890
             45         11.208         86.553       0.885352       0.801890
             46         -8.329         70.888       1.133148       0.801890
             47         16.550         95.586       0.852410       0.801890
             48         10.732        133.704       0.925697       0.801890
             49          1.323         64.979       0.980052       0.801890
             50         13.439         82.664       0.860160       0.801890
             51         23.065         82.885       0.782303       0.801890
             52         24.252         76.850       0.760123       0.801890
             53         20.462         59.179       0.743073       0.801890
             54         26.741         79.272       0.747759       0.801890
             55         15.552         50.603       0.764917       0.801890
             56         22.636         75.043       0.768262       0.801890
             57         38.615         50.574       0.567041       0.801890
             58         17.802         92.335       0.838369       0.801890
             59         44.005        106.944       0.708479       0.801890
             60         26.538         60.457       0.694948       0.801890
             61         44.911        103.952       0.698305       0.801890
             62         21.994         76.937       0.777685       0.801890
             63         32.699         70.273       0.682445       0.801890
             64         27.008         58.677       0.684798       0.801890
             65         10.551         84.141       0.888576       0.801890
             66         21.128        102.336       0.828871       0.801890
             67          9.195        110.926       0.923451       0.801890
             68         19.384         58.358       0.750660       0.801890
             69         25.408         67.654       0.726981       0.801890
             70         34.614         62.471       0.643467       0.801890
             71         20.972         60.946       0.743990       0.801890
             72         12.853         75.577       0.854654       0.801890
             73          4.141         71.253       0.945074       0.801890
             74         36.683         40.212       0.522942       0.801890
             75         17.850         94.898       0.841683       0.801890
             76         19.578         93.433       0.826763       0.801890
             77         14.480         69.241       0.827048       0.801890
             78         22.708        127.721       0.849048       0.801890
             79         14.035        111.384       0.888094       0.801890
             80         26.936         67.580       0.715015       0.801890
             81          5.290         81.196       0.938836       0.801890
             82         -5.625         60.881       1.101800       0.801890
             83         32.302         65.987       0.671358       0.801890
             84         37.512         25.868       0.408141       0.801890
             85          9.100         89.303       0.907526       0.801890
             86         21.215         68.721       0.764113       0.801890
             87         22.770        108.196       0.826140       0.801890
             88         11.575         92.398       0.888676       0.801890
             89         28.350         99.716       0.778629       0.801890
             90         28.188        104.012       0.786779       0.801890
             91         32.953         76.912       0.700060       0.801890
             92         18.297         56.819       0.756414       0.801890
             93         11.963        110.639       0.902425       0.801890
             94         28.480         75.099       0.725041       0.801890
             95         24.195         46.834       0.659366       0.801890
             96         -0.784         83.414       1.009486       0.801890
             97         -1.262         72.843       1.017629       0.801890
             98         30.642         18.501       0.376470       0.801890
             99         19.858        133.797       0.870763       0.801890
            100         17.738         67.598       0.792145       0.801890
            101         19.291         93.591       0.829102       0.801890
            102         29.747         98.921       0.768809       0.801890
            103         19.021         96.699       0.835627       0.801890
            104         12.118         58.222       0.827721       0.801890
            105         12.964         72.930       0.849070       0.801890
            106         16.125         56.924       0.779254       0.801890
            107         11.005         78.856       0.877537       0.801890
            108         -0.155         81.800       1.001898       0.801890
            109         53.318         64.394       0.547046       0.695705
            110         58.886         54.903       0.482499       0.695705
            111         22.237         73.317       0.767281       0.695705
            112          9.969         59.022       0.855506       0.695705
            113         22.632         48.329       0.681067       0.695705
            114         26.248         46.754       0.640449       0.695705
            115         13.701         46.535       0.772545       0.695705
            116         47.473         59.856       0.557685       0.695705
            117         17.662         49.403       0.736640       0.695705
            118         61.116         60.932       0.499247       0.695705
            119         33.166         43.176       0.565562       0.695705
            120         39.301         66.559       0.628743       0.695705
            121         37.077         74.681       0.668240       0.695705
            122         30.827         85.777       0.735624       0.695705
            123         39.847         57.866       0.592206       0.695705
            124         45.051         54.757       0.548622       0.695705
            125         21.163         88.327       0.806712       0.695705
            126         16.596         66.925       0.801292       0.695705
            127         46.428         66.821       0.590038       0.695705
            128         30.694         79.612       0.721739       0.695705
            129         26.695        131.748       0.831517       0.695705
            130         33.139         70.351       0.679783       0.695705
            131         14.088         56.681       0.800926       0.695705
            132         30.956         63.492       0.672243       0.695705
            133         23.579         74.182       0.758806       0.695705
            134         39.703        100.882       0.717586       0.695705
            135         24.343         68.436       0.737624       0.695705
            136         32.801         62.895       0.657240       0.695705
            137         32.582         49.792       0.604464       0.695705
            138         43.732         92.713       0.679489       0.695705
            139          3.502         67.364       0.950587       0.695705
            140         45.827         76.053       0.623998       0.695705
            141         23.745         92.146       0.795110       0.695705
            142         25.045         87.177       0.776827       0.695705
            143         17.462         87.169       0.833105       0.695705
            144         34.974         92.143       0.724866       0.695705
            145         23.820         96.874       0.802644       0.695705
            146         42.905         44.320       0.508112       0.695705
            147         41.982         63.272       0.601135       0.695705
            148         44.783         51.077       0.532827       0.695705
            149         33.872         55.469       0.620867       0.695705
            150         22.054         55.719       0.716434       0.695705
            151         27.930         43.337       0.608093       0.695705
            152         14.116         80.816       0.851306       0.695705
            153         44.926         75.781       0.627810       0.695705
            154         52.320         60.651       0.536875       0.695705
            155         34.725         60.565       0.635587       0.695705
            156         28.137         66.231       0.701837       0.695705
            157         26.135         91.784       0.778366       0.695705
            158         29.330         74.282       0.716928       0.695705
            159         17.718         96.417       0.844767       0.695705
            160          6.259        100.818       0.941549       0.695705
            161         35.398         71.529       0.668952       0.695705
            162         31.882         78.093       0.710098       0.695705
            163         -3.998         37.268       1.120151       0.850846
            164          8.315         23.065       0.735035       0.801890
            165         24.439         94.093       0.793817       0.801890
            166         29.607         51.449       0.634735       0.801890
            167         33.877         94.653       0.736427       0.801890
            168         26.333         77.552       0.746521       0.801890
            169         11.694         46.188       0.797973       0.801890
            170         16.618         48.126       0.743323       0.801890
            171         28.748        105.423       0.785736       0.801890
            172         15.799         78.527       0.832508       0.801890
            173         22.751        109.434       0.827886       0.801890
            174         18.275         99.613       0.844979       0.801890
            175         17.661         84.725       0.827504       0.801890
            176         15.316         76.779       0.833694       0.801890
            177          8.929        120.668       0.931099       0.801890
            178         30.761         54.313       0.638423       0.801890
            179          8.432         91.522       0.915644       0.801890
            180          5.937         67.269       0.918903       0.801890
            181         28.278        104.272       0.786664       0.801890
            182          6.761         94.101       0.932963       0.801890
            183         15.950         32.319       0.669560       0.801890
            184         14.184         52.245       0.786480       0.801890
            185         19.191         92.877       0.828753       0.801890
            186         11.775         47.003       0.799663       0.801890
            187         19.721         32.720       0.623941       0.801890
            188         -1.884         51.415       1.038038       0.801890
            189          3.200         72.099       0.957500       0.801890
            190         31.253         61.213       0.662008       0.801890
            191         26.613         85.734       0.763115       0.801890
            192         17.837         88.089       0.831608       0.801890
            193         28.288         36.761       0.565124       0.695705
            194         25.574         89.015       0.776818       0.695705
            195         29.396         92.366       0.758578       0.695705
            196         29.183         91.987       0.759157       0.695705
            197         17.488         65.264       0.788669       0.695705
            198         42.294         81.187       0.657485       0.695705
            199         48.267         29.755       0.381367       0.695705
            200         41.213         57.329       0.581769       0.695705
            201         32.673         36.843       0.529988       0.695705
            202          3.313        107.839       0.970197       0.695705
            203         19.215         58.541       0.752884       0.695705
            204         41.421         68.265       0.622368       0.695705
            205         25.462         65.016       0.718581       0.695705
            206         35.635         79.888       0.691532       0.695705
            207         14.586        119.828       0.891482       0.695705
            208         37.942         57.567       0.602738       0.695705
            209         26.650         48.037       0.643184       0.695705
            210         30.314         77.496       0.718823       0.695705
            211          6.242         55.939       0.899613       0.695705
            212         53.586         47.592       0.470379       0.695705
            213         20.845         65.426       0.758374       0.695705
            214         13.072         34.281       0.723944       0.695705
            215         12.737         70.136       0.846310       0.695705
            216         51.659         76.354       0.596452       0.695705
            217         48.636         34.944       0.418089       0.695705
            218         35.372         37.559       0.514995       0.695705
            219         30.251         56.578       0.651604       0.695705
            220         10.584         92.586       0.897416       0.695705
            221         13.274         89.003       0.870214       0.695705
            222         37.231         91.078       0.709830       0.695705
            223         26.371         27.341       0.509030       0.695705
            224         41.043         31.368       0.433192       0.695705
            225         12.400         73.181       0.855111       0.695705
            226         38.490         86.995       0.693271       0.695705
            227         16.115         64.383       0.799808       0.695705
            228         38.577         92.696       0.706131       0.695705
            229         36.667         67.642       0.648480       0.695705
            230         38.359         64.327       0.626445       0.695705
            231         17.985         79.746       0.815976       0.695705
            232         31.331         50.483       0.617045       0.695705
            233         22.256         62.213       0.736520       0.695705
            234         29.480         85.595       0.743821       0.695705
            235         21.026         96.740       0.821459       0.695705
            236         23.903         93.992       0.797254       0.695705
            237         36.033         70.504       0.661782       0.695705
            238         34.010         97.329       0.741054       0.695705
            239         44.645         85.385       0.656655       0.695705
            240         27.485         93.627       0.773060       0.695705
            241         26.269         67.645       0.720286       0.695705
            242         55.026         82.254       0.599171       0.695705
            243         23.397         91.023       0.795518       0.695705
            244         40.280         71.694       0.640274       0.695705
            245         42.873         71.920       0.626520       0.695705
            246         33.043         66.064       0.666593       0.695705
            247        -12.344         78.902       1.185457       0.850846
            248         37.452         76.179       0.670410       0.695705
            249         33.035         67.356       0.670933       0.695705
            250         26.737         53.985       0.668775       0.695705
            251         37.178         74.622       0.667460       0.695705
            252          1.356         90.798       0.985283       0.695705
            253          5.579         19.998       0.781874       0.695705
            254         44.240         87.607       0.664457       0.695705
            255         26.753         76.770       0.741577       0.695705
            256         44.825         54.396       0.548231       0.695705
            257         -1.484         95.707       1.015755       0.695705
            258         26.495         43.303       0.620402       0.695705
            259        -23.619         80.369       1.416193       0.850846
            260          4.224         39.755       0.903955       0.695705
            261         28.062         76.510       0.731646       0.695705
            262         33.810         93.133       0.733661       0.695705
            263         26.215         81.176       0.755891       0.695705
            264         68.616         66.970       0.493930       0.695705
            265         27.749         73.907       0.727027       0.695705
            266         35.726         34.601       0.492003       0.695705
            267         50.278        107.615       0.681568       0.695705
            268         27.220         91.306       0.770346       0.695705
            269          4.850         23.857       0.831047       0.695705
            270         28.936         87.071       0.750570       0.695705
            271         41.080         70.519       0.631898       0.695705
            272         34.762         67.069       0.658628       0.695705
            273         28.458         91.513       0.762790       0.695705
            274         42.098         78.410       0.650662       0.695705
            275         37.883         69.048       0.645726       0.695705
            276         35.318         85.006       0.706475       0.695705
            277          3.946         78.345       0.952048       0.695705
            278         31.665         60.721       0.657254       0.695705
            279          6.263         37.652       0.857388       0.695705
            280         44.644         81.034       0.644776       0.695705
            281         25.166         82.252       0.765719       0.695705
            282         37.539         21.288       0.361874       0.695705
            283         23.170        104.304       0.818235       0.695705
            284         36.974         57.816       0.609937       0.695705
            285         20.097         49.611       0.711696       0.695705
            286         12.402         67.033       0.843868       0.695705
            287         33.993         50.599       0.598153       0.695705
            288         40.669         89.568       0.687731       0.695705
            289         18.967         67.028       0.779443       0.695705
            290         46.763         64.689       0.580419       0.695705
            291         45.066         32.030       0.415455       0.695705
            292         19.495         75.585       0.794960       0.695705
            293         37.032         73.502       0.664969       0.695705
            294         44.782         67.595       0.601502       0.695705
            295         42.730         61.653       0.590643       0.695705
            296         41.128         95.163       0.698233       0.695705
            297         29.330         21.482       0.422780       0.695705
            298         41.836         52.451       0.556290       0.695705
            299         10.011         49.777       0.832562       0.695705
            300         48.761         73.281       0.600459       0.695705
            301         36.668         86.303       0.701813       0.695705
            302         32.252         48.821       0.602187       0.695705
            303         15.795         72.953       0.822022       0.695705
            304         32.365         54.733       0.628409       0.695705
            305         18.816        133.664       0.876601       0.695705
            306          9.513         20.960       0.687822       0.695705
            307         44.240         52.547       0.542910       0.695705
            308         36.843         65.242       0.639090       0.695705
            309         23.866         92.154       0.794295       0.695705
            310         18.379         61.403       0.769639       0.695705
            311         31.677         24.796       0.439072       0.695705
            312         19.782         54.735       0.734533       0.695705
            313         38.412         48.936       0.560242       0.695705
            314         41.678         55.335       0.570386       0.695705
            315         24.192         46.845       0.659444       0.695705
            316         20.431         54.931       0.728900       0.695705
            317         21.340         49.893       0.700421       0.695705
            318         33.779         41.138       0.549120       0.695705
            319          7.167         90.881       0.926904       0.695705
            320          9.531         81.048       0.894774       0.695705
            321         12.911         73.850       0.851190       0.695705
            322         16.133        117.865       0.879601       0.695705
            323         -9.613         36.694       1.354985       0.850846
            324         18.864         97.397       0.837742       0.695705
            325         52.215         78.065       0.599210       0.695705
            326         19.587         91.760       0.824094       0.695705
            327         36.909         92.578       0.714962       0.695705
            328         32.443         72.406       0.690570       0.695705
            329         11.449         44.510       0.795404       0.695705
            330         34.366         95.975       0.736336       0.695705
            331         14.051         68.607       0.830008       0.695705
            332         26.668         64.639       0.707930       0.695705
            333         28.161         86.167       0.753681       0.695705
            334         23.717         43.663       0.648011       0.695705
            335         44.545         73.327       0.622088       0.695705
            336         20.269         82.034       0.801874       0.695705
            337         37.270         90.742       0.708856       0.695705
            338         30.901        110.525       0.781502       0.695705
            339         39.188         17.531       0.309092       0.695705
            340         24.084         49.752       0.673822       0.695705
            341         31.840        106.757       0.770267       0.695705
            342         23.222         57.076       0.710801       0.695705
            343         39.582         26.788       0.403613       0.695705
            344         37.696         40.507       0.517973       0.695705
            345         41.380         62.918       0.603254       0.695705
            346          9.414         71.985       0.884352       0.695705
            347         26.637         89.474       0.770587       0.695705
            348         19.774         69.717       0.779034       0.695705
            349         38.782         63.340       0.620240       0.695705
            350          1.675         84.800       0.980635       0.695705
            351         43.486         71.588       0.622103       0.695705
            352         53.577         98.597       0.647921       0.695705
            353         45.331         77.624       0.631319       0.695705
            354         46.135         43.025       0.482561       0.695705
            355         36.354         55.639       0.604820       0.695705
            356         16.761         60.652       0.783484       0.695705
            357         24.775         52.274       0.678449       0.695705
            358         35.366         67.592       0.656499       0.695705
            359         16.171         80.904       0.833422       0.695705
            360         24.954         56.717       0.694454       0.695705
            361         39.337         77.729       0.663975       0.695705
            362         42.071         37.997       0.474556       0.695705
            363         25.191         95.387       0.791079       0.695705
            364         38.945         53.546       0.578932       0.695705
            365         44.377         38.576       0.465040       0.695705
            366         39.723         56.987       0.589259       0.695705
            367         40.064          5.712       0.124778       0.850846
            368         53.509         69.342       0.564437       0.695705
            369         31.497         43.556       0.580331       0.695705
            370         32.714         64.920       0.664931       0.695705
            371         51.352         77.857       0.602565       0.695705
            372         16.758         60.696       0.783638       0.695705
            373         15.393         46.496       0.751286       0.695705
            374         12.125         43.094       0.780424       0.695705
            375         26.396         44.734       0.628904       0.695705
            376         19.028         85.835       0.818545       0.695705
            377         56.601        106.035       0.651977       0.695705
            378         28.070         98.447       0.778132       0.695705
            379         35.200         61.805       0.637130       0.695705
            380         30.823         43.888       0.587431       0.695705
            381         29.975         78.275       0.723095       0.695705
            382         32.848         59.259       0.643370       0.695705
            383         38.688         94.657       0.709863       0.695705
            384         26.585         68.639       0.720818       0.695705
            385         34.501         59.564       0.633220       0.695705
            386          1.131        107.273       0.989564       0.695705
            387         30.077         82.585       0.733031       0.695705
            388         50.760         57.869       0.532721       0.695705
            389         16.460         32.755       0.665553       0.695705
            390         27.829         97.921       0.778694       0.695705
            391         27.302         78.311       0.741490       0.695705
            392         41.786         99.070       0.703343       0.695705
            393         42.851         80.402       0.652337       0.695705
            394         34.475         80.855       0.701075       0.695705
            395          1.836         94.483       0.980939       0.695705
            396         32.346         62.131       0.657632       0.695705
            397          8.284        100.033       0.923522       0.695705
            398          6.208         85.517       0.932320       0.695705
            399         36.216         35.135       0.492421       0.695705
            400         19.611         47.310       0.706950       0.695705
            401         18.035        103.908       0.852100       0.695705
            402         42.387         61.384       0.591533       0.695705
            403         39.423         42.524       0.518921       0.695705
            404         40.571         57.546       0.586506       0.695705
            405         52.373         68.306       0.566014       0.695705
            406         15.779         90.440       0.851449       0.695705
            407         60.035        101.988       0.629465       0.695705
            408         31.165        110.351       0.779779       0.695705
            409         32.571         71.798       0.687928       0.695705
            410         36.030         81.713       0.693993       0.695705
            411          9.558         35.296       0.786911       0.695705
            412         -8.932         81.944       1.122343       0.850846
            413         22.278         80.316       0.782853       0.695705
            414         15.865         69.193       0.813477       0.695705
            415         28.360        103.180       0.784401       0.695705
            416         34.245         97.859       0.740774       0.695705
            417         11.561         75.066       0.866544       0.695705
            418         18.986         52.408       0.734072       0.695705
            419         19.548         79.474       0.802588       0.695705
            420         37.861         56.900       0.600456       0.695705
            421         26.436        101.929       0.794056       0.695705
            422         21.144         58.333       0.733960       0.695705
            423          6.870         69.413       0.909936       0.695705
            424         40.043         86.804       0.684319       0.695705
            425         42.069         66.185       0.611387       0.695705
            426         27.209         59.148       0.684924       0.695705
            427         30.288         79.773       0.724808       0.695705
            428         49.882         51.508       0.508019       0.695705
            429         19.559         83.010       0.809312       0.695705
            430         27.987         78.590       0.737404       0.695705
            431         37.207         72.244       0.660060       0.695705
            432         39.497         63.398       0.616145       0.695705
            433         23.722         65.148       0.733067       0.695705
            434          8.266         34.211       0.805394       0.695705
            435          9.406         89.162       0.904574       0.695705
            436         19.394         95.368       0.831008       0.695705
            437         37.971         91.732       0.707245       0.695705
            438         48.919         44.501       0.476353       0.695705
            439         14.721         73.069       0.832319       0.695705
            440         13.882         88.249       0.864081       0.695705
            441         28.848         67.964       0.702018       0.695705
            442          3.562         58.764       0.942849       0.695705
            443         28.742         54.678       0.655457       0.695705
            444         54.338         78.429       0.590726       0.695705
            445         35.172         59.780       0.629579       0.695705
            446         35.607         83.196       0.700286       0.695705
            447         37.383         97.441       0.722725       0.695705
            448         10.286         96.635       0.903799       0.695705
            449         19.531         69.191       0.779868       0.695705
            450         48.513         61.378       0.558535       0.695705
            451         35.884         92.927       0.721423       0.695705
            452         12.972         55.937       0.811752       0.695705
            453         38.600         85.578       0.689156       0.695705
            454         38.457         89.345       0.699090       0.695705
            455         17.683         86.973       0.831034       0.695705
            456         32.664         59.974       0.647400       0.695705
            457         25.617         33.038       0.563257       0.695705
            458         10.979         58.024       0.840886       0.695705
            459         24.924         76.336       0.753861       0.695705
            460         46.123         81.603       0.638894       0.695705
            461         33.857         49.986       0.596182       0.695705
            462         37.082         70.840       0.656403       0.695705
            463         42.784         59.484       0.581649       0.695705
            464          4.102         44.270       0.915199       0.695705
            465          6.316         63.004       0.908882       0.695705
            466         20.579         49.191       0.705047       0.695705
            467         42.611         71.650       0.627071       0.695705
            468          9.040         71.173       0.887300       0.695705
            469         35.323         80.704       0.695566       0.695705
            470         35.735         82.612       0.698047       0.695705
            471         27.024         66.401       0.710738       0.695705
            472         24.528         96.393       0.797156       0.695705
            473         35.480         62.454       0.637713       0.695705
            474         18.313         41.315       0.692873       0.695705
            475         64.321         63.847       0.498149       0.695705
            476         38.339         75.747       0.663949       0.695705
            477         24.849         35.383       0.587444       0.695705
            478         18.046         80.559       0.816989       0.695705
            479         26.156         56.437       0.683311       0.695705
            480         37.015         60.641       0.620962       0.695705
            481          9.204         39.888       0.812509       0.695705
            482         17.681         70.154       0.798700       0.695705
            483         20.265        104.908       0.838105       0.695705
            484         29.252         59.667       0.671029       0.695705
            485         44.921         72.903       0.618742       0.695705
            486         52.235         71.990       0.579510       0.695705
            487         29.135         58.892       0.669024       0.695705
            488         36.564        100.052       0.732358       0.695705
            489          4.145         34.907       0.893869       0.695705
            490         31.759         77.812       0.710151       0.695705
            491         20.657         91.928       0.816522       0.695705
            492         35.304         77.829       0.687943       0.695705
            493         24.783         77.631       0.758013       0.695705
            494         30.375         63.339       0.675877       0.695705
            495         63.321         62.853       0.498143       0.695705
            496         36.801         23.937       0.394099       0.695705
            497         18.846         83.964       0.816694       0.695705
            498         18.897         55.747       0.746835       0.695705
            499         46.042         34.368       0.427412       0.695705
            500         31.898         55.153       0.633573       0.695705
            501         42.666         32.266       0.430604       0.695705
            502         55.014         83.813       0.603722       0.695705
            503         39.650         68.544       0.633529       0.695705
            504         28.044         37.818       0.574202       0.695705
            505         13.461         71.694       0.841924       0.695705
            506         41.959         76.292       0.645173       0.695705
            507         21.771         61.398       0.738229       0.695705
            508         39.121         47.950       0.550700       0.695705
            509         -2.856         79.271       1.037370       0.695705
            510         41.471         32.451       0.438988       0.695705
            511         38.726         66.583       0.632262       0.695705
            512         17.444         85.225       0.830096       0.695705
            513         28.123         80.549       0.741214       0.695705
            514         21.672         63.643       0.745976       0.695705
            515         23.851         83.962       0.778771       0.695705
            516         44.086         82.420       0.651510       0.695705
            517          1.384         78.512       0.982680       0.695705
            518         33.265         66.827       0.667658       0.695705
            519         17.522         60.267       0.774745       0.695705
            520         50.757         65.670       0.564041       0.695705
            521         28.760         68.063       0.702960       0.695705
            522         35.328         60.835       0.632622       0.695705
            523         57.670         70.902       0.551458       0.695705
            524         26.598         78.560       0.747066       0.695705
            525         24.278         83.342       0.774413       0.695705
            526         28.092         75.659       0.729235       0.695705
            527         64.700         55.575       0.462066       0.695705
            528         18.398         82.906       0.818386       0.695705
            529         17.804         13.449       0.430325       0.695705
            530         25.177         72.690       0.742738       0.695705
            531         40.486        114.185       0.738245       0.695705
            532         33.589         62.044       0.648776       0.695705
            533         29.232         59.557       0.670773       0.695705
            534         50.356         58.747       0.538458       0.695705
            535         32.488         41.484       0.560805       0.695705
            536         35.747         45.455       0.559776       0.695705
            537         -3.296         82.936       1.041392       0.695705
            538         30.806        106.399       0.775476       0.695705
            539          6.413         60.757       0.904521       0.695705
            540         44.310         77.919       0.637482       0.695705
            541         41.130         72.757       0.638853       0.695705
            542         30.150         93.478       0.756120       0.695705
            543         45.330         69.732       0.606041       0.695705
            544         16.036         70.392       0.814460       0.695705
            545         40.501         61.525       0.603032       0.695705
            546         32.135         34.475       0.517563       0.695705
            547         42.200         81.594       0.659111       0.695705
            548         26.194        111.122       0.809246       0.695705
            549         51.764         82.919       0.615661       0.695705
            550         24.664         96.058       0.795697       0.695705
            551         26.049         53.155       0.671113       0.695705
            552         35.337         54.561       0.606921       0.695705
            553         44.490         56.361       0.558853       0.695705
            554         29.338         63.519       0.684049       0.695705
            555         31.806         43.235       0.576149       0.695705
            556         19.231        111.218       0.852577       0.695705
            557         38.138         61.566       0.617488       0.695705
            558         37.543         68.319       0.645360       0.695705
            559         22.773         46.002       0.668879       0.695705
            560         38.966        118.069       0.751866       0.695705
            561         11.211         63.336       0.849609       0.695705
            562         40.821        108.589       0.726786       0.695705
            563         52.759         38.638       0.422748       0.695705
            564         41.310         63.918       0.607422       0.695705
            565         19.605         45.241       0.697671       0.695705
            566         35.313        104.364       0.747183       0.695705
            567         37.708         68.446       0.644779       0.695705
            568         37.459         72.596       0.659632       0.695705
            569         35.448         46.416       0.566993       0.695705
            570         48.443         82.635       0.630428       0.695705
            571         14.891         89.347       0.857146       0.695705
            572         43.973         94.148       0.681634       0.695705
            573         21.795         90.034       0.805102       0.695705
            574         41.103         67.390       0.621146       0.695705
            575         32.486         43.369       0.571738       0.695705
            576         15.945         74.357       0.823430       0.695705
            577         19.883         60.812       0.753606       0.695705
            578         22.538         37.684       0.625759       0.695705
            579         55.493         84.391       0.603293       0.695705
            580         15.695         97.144       0.860905       0.695705
            581         32.941         75.485       0.696189       0.695705
            582         -0.089         85.971       1.001037       0.695705
            583         46.669         91.205       0.661508       0.695705
            584         43.969         79.707       0.644483       0.695705
            585         35.086         68.622       0.661681       0.695705
            586          9.299         56.253       0.858142       0.695705
            587         30.355         51.275       0.628136       0.695705
            588         30.629         59.584       0.660483       0.695705
            589         21.440         73.196       0.773445       0.695705
            590         44.256         99.992       0.693196       0.695705
            591         44.953         48.540       0.519182       0.695705
            592         47.151         46.512       0.496588       0.695705
            593         15.181         47.381       0.757348       0.695705
            594         34.421         80.732       0.701082       0.695705
            595         59.907         31.450       0.344254       0.695705
            596         44.202         30.703       0.409892       0.695705
            597         25.831        108.557       0.807787       0.695705
            598         41.060         31.093       0.430933       0.695705
            599         15.872         87.627       0.846642       0.695705
            600         35.099         57.514       0.621013       0.695705
            601         20.531         25.390       0.552904       0.695705
            602         20.407         66.721       0.765782       0.695705
            603         39.611         53.436       0.574291       0.695705
            604         26.940         51.423       0.656216       0.695705
            605         36.082         50.565       0.583576       0.695705
            606         29.517         92.713       0.758515       0.695705
            607         22.818         29.912       0.567266       0.695705
            608         29.970         59.783       0.666084       0.695705
            609         37.589         99.176       0.725155       0.695705
            610         41.758         50.071       0.545266       0.695705
            611         53.251         80.844       0.602886       0.695705
            612         39.230        108.076       0.733683       0.695705
            613         15.576         92.000       0.855212       0.695705
            614         39.963         46.202       0.536205       0.695705
            615         18.956         89.325       0.824938       0.695705
            616          8.030         56.633       0.875816       0.695705
            617         41.464        107.162       0.721018       0.695705
            618         31.206         89.015       0.740430       0.695705
            619          2.803         90.954       0.970102       0.695705
            620         40.088         55.953       0.582596       0.695705
            621         26.187         59.608       0.694772       0.695705
            622         46.574         75.507       0.618502       0.695705
            623         32.609         67.822       0.675311       0.695705
            624         12.496         60.490       0.828784       0.695705
            625         52.562         47.986       0.477248       0.695705
            626         30.060         35.916       0.544378       0.695705
            627         20.290         87.809       0.812299       0.695705
            628         32.632         66.229       0.669923       0.695705
            629         43.221         65.386       0.602043       0.695705
            630         28.375         74.684       0.724673       0.695705
            631         38.936         62.187       0.614963       0.695705
            632         23.542         72.330       0.754444       0.695705
            633         46.386         62.827       0.575268       0.695705
            634         16.619         73.116       0.814798       0.695705
            635         25.912         95.042       0.785770       0.695705
            636         38.925         72.911       0.651946       0.695705
            637         19.572         58.258       0.748529       0.695705
            638         40.695         95.364       0.700901       0.695705
            639         33.310         61.451       0.648483       0.695705
            640         22.870         48.725       0.680561       0.695705
            641         34.427        104.164       0.751595       0.695705
            642         26.465         77.543       0.745549       0.695705
            643         10.748         67.204       0.862123       0.695705
            644         38.442         65.453       0.629994       0.695705
            645          8.245         29.118       0.779323       0.695705
            646         26.724         37.617       0.584651       0.695705
            647         22.383         70.556       0.759166       0.695705
            648         35.901         47.212       0.568048       0.695705
            649         55.639         35.539       0.389773       0.695705
            650         18.912         52.806       0.736305       0.695705
            651         18.643        120.585       0.866095       0.695705
            652         36.805         99.008       0.729003       0.695705
            653         13.310         48.676       0.785277       0.695705
            654         13.099         94.845       0.878650       0.695705
            655         33.525         77.832       0.698940       0.695705
            656         30.142         59.347       0.663176       0.695705
            657         34.111         58.969       0.633527       0.695705
            658         24.968         61.434       0.711020       0.695705
            659         38.279         49.778       0.565292       0.695705
            660         12.220         77.018       0.863064       0.695705
            661         56.704         71.638       0.558183       0.695705
            662         46.846         33.821       0.419266       0.695705
            663         30.302         74.754       0.711562       0.695705
            664         23.934        100.969       0.808381       0.695705
            665         37.513         72.754       0.659799       0.695705
            666         25.569         90.603       0.779907       0.695705
            667         46.342         88.178       0.655504       0.695705
            668         62.958         95.009       0.601447       0.695705
            669         40.622         47.810       0.540641       0.695705
            670         50.527         90.952       0.642869       0.695705
            671         50.057         68.184       0.576653       0.695705
            672         32.717         73.482       0.691928       0.695705
            673         18.147         56.842       0.758009       0.695705
            674         23.196         74.279       0.762029       0.695705
            675         25.521         48.718       0.656232       0.695705
            676         61.407        107.361       0.636148       0.695705
            677         17.352         90.941       0.839767       0.695705
            678         25.190         80.179       0.760933       0.695705
            679         36.662         44.054       0.545794       0.695705
            680         25.936         38.477       0.597345       0.695705
            681         32.288         61.642       0.656255       0.695705
            682         17.910         50.502       0.738199       0.695705
            683         44.591         62.805       0.584796       0.695705
            684         37.673        105.943       0.737683       0.695705
            685         20.025        107.719       0.843238       0.695705
            686         61.571         67.442       0.522752       0.695705
            687         28.300         86.424       0.753322       0.801890
            688         24.579         79.823       0.764575       0.801890
            689         39.634        123.811       0.757507       0.801890
            690         20.663         77.881       0.790315       0.801890
            691         25.399         98.000       0.794172       0.801890
            692         25.861        102.808       0.799011       0.801890
            693         10.773         68.461       0.864034       0.801890
            694         12.469         83.926       0.870644       0.801890
            695         19.413         46.671       0.706238       0.801890
            696         29.441         95.573       0.764500       0.801890
            697         28.209         97.739       0.776028       0.801890
            698         24.286         64.996       0.727988       0.801890
            699          6.586         78.887       0.922942       0.801890
            700          1.379         74.015       0.981708       0.801890
            701         10.880         55.387       0.835818       0.801890
            702         15.370         62.872       0.803558       0.801890
            703         25.120         67.071       0.727524       0.801890
            704         27.343        104.412       0.792472       0.801890
            705         -6.468         67.405       1.106138       0.801890
            706         12.587         39.892       0.760147       0.801890
            707         17.123         82.496       0.828117       0.801890
            708         41.431         82.478       0.665637       0.801890
            709         18.960         57.985       0.753586       0.801890
            710         18.538        107.404       0.852808       0.801890
            711         24.642         71.693       0.744203       0.801890
            712         14.432        124.729       0.896292       0.801890
            713          4.437         56.310       0.926964       0.801890
            714         22.011         77.424       0.778639       0.801890
            715         27.750         69.276       0.713996       0.801890
            716          3.537         57.404       0.941960       0.801890
            717          9.864         42.387       0.811220       0.801890
            718         36.555         94.925       0.721976       0.801890
            719         30.097         57.973       0.658257       0.801890
            720         31.237         80.380       0.720140       0.801890
            721          8.974         89.931       0.909269       0.801890
            722         12.538         97.605       0.886164       0.801890
            723         10.876         77.806       0.877363       0.801890
            724         15.762         57.951       0.786169       0.801890
            725         25.947         98.938       0.792233       0.801890
            726         19.191         85.527       0.816740       0.801890
            727         23.139         59.821       0.721084       0.801890
            728          0.474         62.143       0.992437       0.801890
            729         29.453         81.608       0.734806       0.801890
            730          9.389         79.910       0.894859       0.801890
            731         22.593         74.614       0.767581       0.801890
            732          4.679         34.251       0.879808       0.801890
            733         25.906        102.044       0.797533       0.801890
            734         26.360         38.608       0.594258       0.801890
            735         32.892         38.149       0.537003       0.801890
            736         -3.956         75.446       1.055341       0.801890
            737         20.276         68.145       0.770685       0.801890
            738         14.812        107.549       0.878945       0.801890
            739          3.026         81.145       0.964055       0.801890
            740         18.617         97.954       0.840291       0.801890
            741         -4.995         53.986       1.101956       0.801890
            742         22.727         87.667       0.794130       0.801890
            743         17.814         44.435       0.713824       0.801890
            744         18.466         96.987       0.840055       0.801890
            745         26.120         75.528       0.743035       0.801890
            746         13.008         87.118       0.870079       0.801890
            747         -2.262         99.365       1.023290       0.801890
            748         36.053         80.444       0.690523       0.801890
            749         32.388         84.001       0.721727       0.801890
            750         22.161         93.697       0.808723       0.801890
            751         23.959         91.552       0.792580       0.801890
            752         26.091         67.753       0.721973       0.801890
            753          9.463        114.918       0.923920       0.801890
            754         19.054         77.614       0.802896       0.801890
            755         44.352         37.555       0.458507       0.801890
            756         12.042         83.082       0.873406       0.801890
            757         40.341        103.830       0.720185       0.801890
            758         -5.435        114.229       1.049952       0.801890
            759         32.213         64.475       0.666833       0.801890
            760         29.858         77.204       0.721118       0.801890
            761         22.946        101.946       0.816274       0.801890
            762          8.970         55.830       0.861574       0.801890
            763         10.034         73.723       0.880198       0.801890
            764          8.913         78.440       0.897969       0.801890
            765         34.579         40.334       0.538409       0.801890
            766         10.723         84.258       0.887103       0.801890
            767         14.984         56.536       0.790492       0.801890
            768         15.300         82.562       0.843660       0.801890
            769         10.829        133.037       0.924726       0.801890
            770         -8.875        123.148       1.077664       0.801890
            771         33.714         72.945       0.683907       0.801890
            772         38.677         73.347       0.654744       0.801890
            773         30.724        100.496       0.765861       0.801890
            774          8.740         76.332       0.897263       0.801890
            775         14.147         16.481       0.538091       0.801890
            776         25.439        100.953       0.798730       0.801890
            777         20.526         98.553       0.827628       0.801890
            778         27.080         24.808       0.478103       0.801890
            779         21.042         90.117       0.810703       0.801890
            780         14.292         43.234       0.751557       0.801890
            781          6.326         96.368       0.938401       0.801890
            782         19.157         85.093       0.816238       0.801890
            783         18.782         45.933       0.709768       0.801890
            784         -0.566         79.960       1.007131       0.801890
            785         13.352         95.433       0.877263       0.801890
            786         24.362         78.374       0.762872       0.801890
            787          6.084         54.686       0.899887       0.801890
            788         21.235        139.025       0.867496       0.801890
            789         -6.165         98.323       1.066896       0.801890
            790         -5.660         54.250       1.116479       0.801890
            791         18.180         97.581       0.842953       0.801890
            792         16.227         61.141       0.790263       0.801890
            793         20.956         71.020       0.772157       0.801890
            794         31.778         80.108       0.715978       0.801890
            795         34.535        128.900       0.788690       0.801890
            796         17.898         45.519       0.717771       0.801890
            797         21.197         96.524       0.819937       0.801890
            798         20.961         82.183       0.796784       0.801890
            799         32.842         98.478       0.749907       0.801890
            800          9.089         72.806       0.889013       0.801890
            801          7.558         71.872       0.904844       0.801890
            802         16.742         53.744       0.762473       0.801890
            803         20.466         89.609       0.814076       0.801890
            804         17.275         94.189       0.845017       0.801890
            805         13.980         44.336       0.760272       0.801890
            806         30.752         42.253       0.578770       0.801890
            807         -2.198         64.210       1.035439       0.801890
            808          7.808         83.003       0.914018       0.801890
            809         33.471         52.410       0.610265       0.801890
            810         14.056         41.388       0.746477       0.801890
            811         20.390         27.129       0.570915       0.801890
            812         25.038         76.849       0.754258       0.801890
            813         12.325         93.429       0.883457       0.801890
            814         11.340         81.174       0.877426       0.801890
            815         17.471         97.822       0.848467       0.801890
            816         10.698         72.867       0.871979       0.801890
            817         24.462         70.486       0.742364       0.801890
            818          5.494         84.689       0.939082       0.801890
            819         32.332         76.224       0.702159       0.801890
            820         17.905         74.783       0.806821       0.801890
            821         15.235        101.166       0.869118       0.801890
            822         18.653        105.736       0.850043       0.801890
            823         26.287         92.135       0.778025       0.801890
            824         46.832         96.089       0.672322       0.801890
            825         27.329         72.316       0.725740       0.801890
            826         27.341         70.811       0.721443       0.801890
            827         31.588         59.662       0.653830       0.801890
            828         14.707         68.199       0.822610       0.801890
            829         30.811         95.374       0.755824       0.801890
            830         21.530         56.642       0.724586       0.801890
            831         32.323         78.528       0.708408       0.801890
            832         29.472         86.022       0.744820       0.801890
            833         21.412         65.256       0.752942       0.801890
            834         26.267         65.325       0.713215       0.801890
            835         27.497         89.319       0.764609       0.801890
            836         17.866         39.793       0.690143       0.801890
            837         17.976        120.615       0.870295       0.801890
            838          9.596         95.231       0.908457       0.801890
            839         21.518         93.411       0.812774       0.801890
            840         36.618         73.590       0.667738       0.801890
            841         16.989        113.628       0.869934       0.801890
            842          6.369         66.552       0.912659       0.801890
            843         28.472         61.455       0.683390       0.801890
            844         20.147         32.608       0.618100       0.801890
            845         25.851         75.116       0.743965       0.801890
            846         21.257         76.725       0.783051       0.801890
            847         33.953         57.406       0.628352       0.801890
            848         15.181        104.196       0.872833       0.801890
            849          6.403         51.878       0.890133       0.801890
            850         16.718         82.607       0.831687       0.801890
            851         22.292         87.172       0.796349       0.801890
            852         15.840         78.384       0.831886       0.801890
            853         23.588        103.961       0.815065       0.801890
            854         18.564         74.131       0.799732       0.801890
            855         33.639         84.945       0.716330       0.801890
            856          6.290         71.098       0.918722       0.801890
            857         14.445         75.500       0.839401       0.801890
            858         18.043        108.934       0.857901       0.801890
            859          5.885        112.849       0.950433       0.801890
            860         21.634         84.584       0.796328       0.801890
            861         30.688         62.468       0.670574       0.801890
            862          8.878         91.501       0.911553       0.801890
            863         19.086         99.011       0.838386       0.801890
            864         17.709         96.573       0.845044       0.801890
            865         40.266         73.349       0.645595       0.801890
            866         17.196         66.134       0.793637       0.801890
            867         12.108         50.551       0.806765       0.801890
            868         20.784         87.321       0.807745       0.801890
            869         -3.518         71.235       1.051955       0.801890
            870         12.668         75.184       0.855802       0.801890
            871         12.734         91.662       0.878026       0.801890
            872         16.868        103.073       0.859362       0.801890
            873         29.350        105.152       0.781785       0.801890
            874         26.983         66.580       0.711609       0.695705
            875         50.503        100.528       0.665614       0.695705
            876         37.846         83.166       0.687255       0.695705
            877         39.480         71.819       0.645277       0.695705
            878         23.671         51.075       0.683311       0.695705
            879         26.900         57.979       0.683079       0.695705
            880         20.615         61.602       0.749263       0.695705
            881         43.189         54.751       0.559026       0.695705
            882         46.244         63.422       0.578321       0.695705
            883         38.706         97.103       0.714997       0.695705
            884         31.738         87.153       0.733049       0.695705
            885         41.401         69.326       0.626097       0.695705
            886         36.341         60.201       0.623575       0.695705
            887         21.659        101.123       0.823596       0.695705
            888         23.189         79.772       0.774775       0.695705
            889         26.244         63.171       0.706492       0.695705
            890         17.519         49.374       0.738099       0.695705
            891         34.593         80.769       0.700135       0.695705
            892         26.728         75.548       0.738671       0.695705
            893         28.130         57.597       0.671862       0.695705
            894         26.288         84.886       0.763546       0.695705
            895         14.761        104.555       0.876285       0.695705
            896         11.035         37.999       0.774958       0.695705
            897         31.108        131.435       0.808620       0.695705
            898         14.537         68.700       0.825359       0.695705
            899         37.792         54.359       0.589893       0.695705
            900         20.800         80.160       0.793981       0.695705
            901         21.920         76.447       0.777158       0.695705
            902         40.732         84.257       0.674115       0.695705
            903         38.786         57.868       0.598714       0.695705
            904         31.827         64.528       0.669695       0.695705
            905         27.664         29.856       0.519059       0.695705
            906         63.032         67.161       0.515857       0.695705
            907          9.368         68.269       0.879334       0.695705
            908         37.547         70.425       0.652250       0.695705
            909         61.700         73.087       0.542240       0.695705
            910         43.216        103.702       0.705848       0.695705
            911         33.257         62.481       0.652627       0.695705
            912         33.895         80.432       0.703527       0.695705
            913         32.867        105.689       0.762791       0.695705
            914         35.213         52.829       0.600040       0.695705
            915         39.063         89.203       0.695453       0.695705
            916         35.616         62.672       0.637635       0.695705
            917         28.328         53.225       0.652646       0.695705
            918         16.474         52.370       0.760708       0.695705
            919         42.526         60.226       0.586131       0.695705
            920         43.539        108.066       0.712812       0.695705
            921         32.000         67.924       0.679756       0.695705
            922         42.867         75.601       0.638157       0.695705
            923         21.959         67.818       0.755407       0.695705
            924         34.607         66.982       0.659344       0.695705
            925         14.102         90.365       0.865006       0.695705
            926         22.922         30.432       0.570387       0.695705
            927         18.045         67.090       0.788040       0.695705
            928         26.417         71.760       0.730929       0.695705
            929         20.798         68.612       0.767389       0.695705
            930         49.980         73.591       0.595536       0.695705
            931         37.575         76.212       0.669779       0.695705
            932         11.095        101.352       0.901331       0.695705
            933         25.705         61.147       0.704042       0.695705
            934         18.243         97.542       0.842444       0.695705
            935         13.587         60.328       0.816174       0.695705
            936         55.495         65.666       0.541973       0.695705
            937         24.760        120.925       0.830043       0.695705
            938         40.076        105.451       0.724612       0.695705
            939         38.601         65.096       0.627750       0.695705
            940         25.759         97.765       0.791465       0.695705
            941         55.548         67.055       0.546929       0.695705
            942         32.563         74.456       0.695730       0.695705
            943         25.801         81.990       0.760641       0.695705
            944         39.500         52.934       0.572669       0.695705
            945         41.620         69.328       0.624871       0.695705
            946         28.648         79.641       0.735451       0.695705
            947         23.264         77.894       0.770022       0.695705
            948         60.786         56.091       0.479913       0.695705
            949         11.827         66.887       0.849745       0.695705
            950         13.415         77.829       0.852981       0.695705
            951         30.488         59.044       0.659472       0.695705
            952         28.162         79.505       0.738434       0.695705
            953         39.584         76.788       0.659850       0.695705
            954         65.790         62.051       0.485377       0.695705
            955         27.127         51.296       0.654096       0.695705
            956         38.090         88.619       0.699388       0.695705
            957         52.591         60.301       0.534146       0.695705
            958         34.059         65.703       0.658598       0.695705
            959         33.962         72.419       0.680753       0.695705
            960         30.075         82.790       0.733534       0.695705
            961          9.155         43.082       0.824735       0.695705
            962         -5.285         74.230       1.076651       0.695705
            963         18.391        106.178       0.852364       0.695705
            964         21.190        103.829       0.830507       0.695705
            965         15.213         59.571       0.796576       0.695705
            966         23.042         95.927       0.806317       0.695705
            967         16.687         97.353       0.853672       0.695705
            968         29.989         66.907       0.690506       0.695705
            969         31.369         93.825       0.749437       0.695705
            970         39.907         52.059       0.566068       0.695705
            971         30.818         63.173       0.672113       0.695705
            972         39.501         92.979       0.701833       0.695705
            973         40.378         99.976       0.712315       0.695705
            974         32.511         44.437       0.577492       0.695705
            975         15.149         71.238       0.824641       0.695705
            976          1.575         79.662       0.980612       0.695705
            977         40.859         18.526       0.311965       0.695705
            978         16.302         36.198       0.689479       0.695705
            979         44.619         77.021       0.633187       0.695705
            980         42.900         74.520       0.634643       0.695705
            981         29.797         59.612       0.666734       0.695705
            982         19.439         77.348       0.799159       0.695705
            983         45.929         94.395       0.672692       0.695705
            984         30.766         69.111       0.691963       0.695705
            985         20.737         79.203       0.792504       0.695705
            986         49.410         81.554       0.622720       0.695705
            987         39.963         83.662       0.676739       0.695705
            988         28.406         58.123       0.671718       0.695705
            989         33.642         57.706       0.631719       0.695705
            990          6.376         93.616       0.936235       0.695705
            991         51.556         58.625       0.532078       0.695705
            992         15.926         66.304       0.806319       0.695705
            993         31.033         54.127       0.635589       0.695705
            994         28.967        107.835       0.788256       0.695705
            995         27.352         81.812       0.749441       0.695705
            996         22.353         74.637       0.769531       0.695705
            997         16.999         98.084       0.852292       0.695705
            998         43.557         68.467       0.611181       0.695705
            999         24.290        106.474       0.814245       0.695705
           1000         42.887         79.929       0.650806       0.695705
