              1        -12.828         39.142       1.487510       1.415259
              2         22.191         33.001       0.597930       0.703103
              3         32.959         66.060       0.667149       0.703103
              4         16.954         61.039       0.782619       0.703103
              5         41.280         86.267       0.676351       0.703103
              6         36.247        105.345       0.744003       0.703103
              7         14.558         89.214       0.859712       0.703103
              8         36.888         51.873       0.584412       0.703103
              9         45.608         67.249       0.595877       0.703103
             10         29.463         48.946       0.624241       0.703103
             11         14.649         58.947       0.800953       0.703103
             12         44.498         58.754       0.569034       0.703103
             13         25.810         59.961       0.699081       0.703103
             14         15.287        109.589       0.877582       0.703103
             15         30.427         89.252       0.745759       0.703103
             16         34.708         92.943       0.728101       0.703103
             17         20.114         46.224       0.696791       0.703103
             18         37.316         87.309       0.700573       0.703103
             19         25.418         56.557       0.689930       0.703103
             20          2.460         61.752       0.961692       0.703103
             21         47.267         71.637       0.602478       0.703103
             22         46.104         86.603       0.652589       0.703103
             23         34.989         30.794       0.468116       0.703103
             24         12.290        100.578       0.891115       0.703103
             25         16.296         78.840       0.828708       0.703103
             26         10.288         57.508       0.848256       0.703103
             27         46.468         73.294       0.612001       0.703103
             28         29.482         84.078       0.740383       0.703103
             29         16.777         41.508       0.712159       0.703103
             30         17.163         79.341       0.822155       0.703103
             31         25.159         66.075       0.724237       0.703103
             32         26.512         83.436       0.758869       0.703103
             33         21.656         51.844       0.705358       0.703103
             34         38.106         79.063       0.674778       0.703103
             35         33.269         73.249       0.687669       0.703103
             36         41.956         76.459       0.645686       0.703103
             37         17.174         78.613       0.820704       0.703103
             38         12.049         55.475       0.821561       0.703103
             39         25.015         91.456       0.785222       0.703103
             40          3.146         72.900       0.958625       0.703103
             41         33.816         47.921       0.586282       0.703103
             42         16.861         47.532       0.738154       0.703103
             43         16.840        107.001       0.864023       0.703103
             44         45.717         62.795       0.578693       0.703103
             45         30.564         83.883       0.732943       0.703103
             46         64.707         57.564       0.470794       0.703103
             47         19.877         58.121       0.745158       0.703103
             48         25.137         77.134       0.754211       0.703103
             49         34.719         40.218       0.536687       0.703103
             50         25.319         87.975       0.776517       0.703103
             51         39.952         38.570       0.491204       0.703103
             52         30.179         40.628       0.573785       0.703103
             53         12.226         65.220       0.842135       0.703103
             54         32.828         82.301       0.714859       0.703103
             55         26.138         84.279       0.763278       0.703103
             56         26.836         64.797       0.707133       0.703103
             57         41.676         75.972       0.645758       0.703103
             58         29.242         60.133       0.672814       0.703103
             59         26.955         62.643       0.699160       0.703103
             60         52.783         82.260       0.609140       0.703103
             61         32.208         73.476       0.695240       0.703103
             62         32.230         79.437       0.711375       0.703103
             63         29.759         94.591       0.760684       0.703103
             64         37.793         72.536       0.657451       0.703103
             65         14.879         63.984       0.811332       0.703103
             66         40.794         47.334       0.537108       0.703103
             67         35.722         69.120       0.659279       0.703103
             68         14.813         81.680       0.846486       0.703103
             69         23.319         67.273       0.742594       0.703103
             70         36.303         81.281       0.691261       0.703103
             71         37.002         61.954       0.626073       0.703103
             72         22.949         57.172       0.713569       0.703103
             73         28.848         23.409       0.447955       0.703103
             74         18.314         50.505       0.733879       0.703103
             75          2.085         60.607       0.966743       0.703103
             76         44.242         89.446       0.669064       0.703103
             77         44.991         67.303       0.599345       0.703103
             78         32.022         47.252       0.596059       0.703103
             79         17.833        102.188       0.851421       0.703103
             80          7.185         43.417       0.858005       0.703103
             81         32.873         60.926       0.649535       0.703103
             82         23.125         71.511       0.755646       0.703103
             83         23.179         86.569       0.788799       0.703103
             84         39.350         56.256       0.588419       0.703103
             85         31.804         73.245       0.697249       0.703103
             86         48.653         94.570       0.660298       0.703103
             87         27.006         55.255       0.671704       0.703103
             88         48.399         96.878       0.666848       0.703103
             89         25.117         75.175       0.749560       0.703103
             90         18.846         41.443       0.687400       0.703103
             91         30.745         68.703       0.690848       0.703103
             92         12.101         59.142       0.830141       0.703103
             93         33.255         34.710       0.510708       0.703103
             94         29.681         65.613       0.688530       0.703103
             95         33.486         81.069       0.707684       0.703103
             96          9.620         67.351       0.875015       0.703103
             97         -8.278         69.223       1.135830       0.703103
             98         47.976         29.887       0.383842       0.703103
             99         33.184         92.505       0.735986       0.703103
            100         33.263         51.015       0.605317       0.703103
            101         33.905         35.531       0.511705       0.703103
            102         21.699         81.712       0.790167       0.703103
            103         13.221         72.921       0.846523       0.703103
            104         38.142         65.127       0.630653       0.703103
            105         36.715         76.451       0.675563       0.703103
            106         36.670         91.845       0.714665       0.703103
            107         31.613         13.842       0.304521       0.703103
            108         47.467         34.388       0.420109       0.703103
            109         46.305         69.356       0.599649       0.703103
            110         26.686         38.897       0.593091       0.703103
            111          9.658         77.236       0.888854       0.703103
            112         21.321         64.882       0.752665       0.703103
            113         19.822         80.621       0.802650       0.703103
            114         39.755         52.479       0.568975       0.703103
            115          9.728         79.659       0.891165       0.703103
            116         22.586         55.440       0.710531       0.703103
            117         25.594         61.154       0.704960       0.703103
            118          5.591         77.640       0.932824       0.703103
            119         31.732        106.566       0.770556       0.703103
            120         46.963         52.774       0.529130       0.703103
            121         52.738         33.468       0.388235       0.703103
            122          1.271         66.824       0.981333       0.703103
            123         15.353         88.614       0.852332       0.703103
            124         13.241         92.155       0.874367       0.703103
            125         46.441         83.364       0.642226       0.703103
            126         35.470         48.109       0.575608       0.703103
            127         21.420         39.776       0.649981       0.703103
            128         30.559         90.826       0.748248       0.703103
            129         16.066         86.599       0.843511       0.703103
            130         60.138         84.092       0.583041       0.703103
            131         26.146         39.966       0.604525       0.703103
            132         24.470         66.766       0.731798       0.703103
            133         48.386        103.676       0.681803       0.703103
            134         21.277         55.181       0.721720       0.703103
            135         32.731        102.064       0.757178       0.703103
            136         29.819         80.870       0.730604       0.703103
            137         50.019         88.257       0.638267       0.703103
            138         17.445         77.529       0.816315       0.703103
            139         32.162         67.712       0.677971       0.703103
            140         31.612         62.490       0.664063       0.703103
            141         24.817         68.908       0.735215       0.703103
            142         11.364         71.660       0.863127       0.703103
            143         10.645         69.395       0.867000       0.703103
            144         61.069         74.149       0.548366       0.703103
            145         33.090         72.039       0.685245       0.703103
            146         26.985         66.315       0.710774       0.703103
            147         17.983         39.553       0.687446       0.703103
            148         41.628         83.909       0.668399       0.703103
            149         44.037         71.458       0.618711       0.703103
            150         24.114         88.684       0.786216       0.703103
            151         31.556         83.538       0.725825       0.703103
            152         34.766         58.156       0.625856       0.703103
            153         29.207        104.739       0.781947       0.703103
            154         19.834         75.775       0.792549       0.703103
            155         10.985        100.398       0.901374       0.703103
            156         51.778         60.995       0.540864       0.703103
            157         55.870         84.038       0.600666       0.703103
            158         21.629         71.795       0.768486       0.703103
            159         31.643         56.251       0.639983       0.703103
            160         26.210         57.460       0.686750       0.703103
            161         37.370         68.685       0.647636       0.703103
            162         38.320         44.864       0.539336       0.703103
            163         33.185         27.533       0.453452       0.703103
            164         -6.548         78.460       1.091061       0.703103
            165         35.664         54.246       0.603333       0.703103
            166         19.989         45.095       0.692876       0.703103
            167         19.853         68.089       0.774247       0.703103
            168         47.957         54.051       0.529869       0.703103
            169         16.840         69.797       0.805626       0.703103
            170         39.543         41.716       0.513371       0.703103
            171         12.348         52.548       0.809726       0.703103
            172         20.700         83.502       0.801345       0.703103
            173         17.410         38.688       0.689656       0.703103
            174         25.618         76.734       0.749705       0.703103
            175         -2.410        100.638       1.024532       0.703103
            176         38.460         41.170       0.517014       0.703103
            177         24.312         83.938       0.775411       0.703103
            178         23.006         79.686       0.775970       0.703103
            179         17.315         44.654       0.720588       0.703103
            180         31.508         79.616       0.716462       0.703103
            181         45.112         62.943       0.582511       0.703103
            182         15.809         62.670       0.798561       0.703103
            183         37.361         82.653       0.688695       0.703103
            184         47.902         67.668       0.585516       0.703103
            185         14.833         68.767       0.822573       0.703103
            186         18.596         59.060       0.760530       0.703103
            187         33.611         71.559       0.680416       0.703103
            188         25.317         73.353       0.743420       0.703103
            189         28.702         58.782       0.671921       0.703103
            190         36.371         88.403       0.708506       0.703103
            191         41.951         57.148       0.576675       0.703103
            192         20.931         75.975       0.784006       0.703103
            193         45.690         72.102       0.612111       0.703103
            194         30.031         82.880       0.734032       0.703103
            195         35.803         48.629       0.575955       0.703103
            196         52.330         36.509       0.410954       0.703103
            197         20.379         56.212       0.733925       0.703103
            198         44.982         57.993       0.563176       0.703103
            199         61.853         62.000       0.500594       0.703103
            200         38.312         82.867       0.683838       0.703103
            201         34.788         78.907       0.694020       0.703103
            202         44.700         70.525       0.612064       0.703103
            203         13.637         58.349       0.810559       0.703103
            204         47.685         59.985       0.557118       0.703103
            205         15.562         61.645       0.798438       0.703103
            206         56.255         65.358       0.537427       0.703103
            207         31.220         84.597       0.730437       0.703103
            208         55.533        102.437       0.648459       0.703103
            209         24.923         53.545       0.682378       0.703103
            210         27.369         42.306       0.607191       0.703103
            211         46.074         81.200       0.637992       0.703103
            212         53.415         74.176       0.581356       0.703103
            213         29.163         50.897       0.635733       0.703103
            214         36.196         78.862       0.685412       0.703103
            215         37.310         95.644       0.719376       0.703103
            216         17.617         60.124       0.773389       0.703103
            217         22.224         61.231       0.733701       0.703103
            218         53.235         62.191       0.538798       0.703103
            219         48.407         61.908       0.561193       0.703103
            220         16.506         64.864       0.797148       0.703103
            221         44.991         14.471       0.243373       0.703103
            222          9.513         52.842       0.847432       0.703103
            223         25.113         67.848       0.729853       0.703103
            224         23.547         84.696       0.782464       0.703103
            225         26.172         70.204       0.728442       0.703103
            226         38.579         61.892       0.616019       0.703103
            227         42.067         58.580       0.582035       0.703103
            228         36.104         69.548       0.658276       0.703103
            229         27.694         66.210       0.705081       0.703103
            230         56.012         57.211       0.505294       0.703103
            231         23.887         93.403       0.796345       0.703103
            232         40.199         72.681       0.643877       0.703103
            233         32.369         81.431       0.715565       0.703103
            234         21.071         78.261       0.787871       0.703103
            235         34.169         52.055       0.603720       0.703103
            236         26.031         62.260       0.705169       0.703103
            237          8.159         70.309       0.896024       0.703103
            238         10.371         54.306       0.839654       0.703103
            239         31.216         67.945       0.685201       0.703103
            240         44.855         63.751       0.586995       0.703103
            241         50.066         52.137       0.510132       0.703103
            242         45.464         83.503       0.647475       0.703103
            243         25.654         92.828       0.783481       0.703103
            244         15.108         57.389       0.791607       0.703103
            245         14.655         50.064       0.773560       0.703103
            246         25.479         88.779       0.777006       0.703103
            247         32.483         51.850       0.614823       0.703103
            248         43.582         77.335       0.639570       0.703103
            249         38.498         92.930       0.707077       0.703103
            250         36.996         42.779       0.536249       0.703103
            251         48.516         55.040       0.531502       0.703103
            252          3.141         79.851       0.962154       0.703103
            253         28.427         61.774       0.684846       0.703103
            254         44.321         51.400       0.536973       0.703103
            255         39.586         78.338       0.664311       0.703103
            256         31.333         70.023       0.690861       0.703103
            257         16.975         59.958       0.779350       0.703103
            258         50.663         80.184       0.612807       0.703103
            259          9.284         85.394       0.901944       0.703103
            260         45.001         65.561       0.592982       0.703103
            261         21.027         56.122       0.727451       0.703103
            262         52.287         70.007       0.572450       0.703103
            263         43.977         74.480       0.628753       0.703103
            264         46.240         42.206       0.477192       0.703103
            265         56.330         80.531       0.588415       0.703103
            266          1.627         64.603       0.975428       0.816773
            267         12.937         84.783       0.867615       0.816773
            268         23.971         73.527       0.754134       0.816773
            269         26.377         74.849       0.739426       0.816773
            270          2.973         81.354       0.964742       0.816773
            271          0.459         41.411       0.989038       0.816773
            272         50.220         86.042       0.631443       0.816773
            273         -0.380         75.067       1.005082       0.816773
            274          3.388         87.235       0.962617       0.816773
            275         25.427         69.240       0.731408       0.816773
            276         36.504         97.221       0.727020       0.816773
            277         16.128        118.591       0.880286       0.816773
            278         21.502        117.256       0.845042       0.816773
            279         26.517         76.570       0.742769       0.816773
            280          3.286         81.107       0.961064       0.816773
            281         15.259         77.745       0.835931       0.816773
            282         11.746         78.582       0.869962       0.816773
            283         38.454         73.525       0.656593       0.703103
            284         23.376         76.793       0.766637       0.703103
            285         28.936         61.259       0.679182       0.703103
            286         42.369         23.025       0.352099       0.703103
            287         36.081         49.070       0.576271       0.703103
            288         35.337         70.902       0.667383       0.703103
            289         31.237         70.451       0.692813       0.703103
            290         58.165         93.807       0.617265       0.703103
            291         21.094         53.242       0.716230       0.703103
            292         35.400         86.469       0.709526       0.703103
            293         10.749         66.879       0.861528       0.703103
            294          8.816         67.805       0.884936       0.703103
            295         20.244        108.659       0.842951       0.703103
            296         25.490         72.386       0.739572       0.703103
            297         22.988         74.938       0.765250       0.703103
            298         20.834         49.047       0.701865       0.703103
            299         24.542         66.313       0.729877       0.703103
            300          6.567         70.221       0.914480       0.703103
            301         32.142         68.443       0.680451       0.703103
            302         28.570         82.877       0.743643       0.703103
            303         21.555        104.430       0.828906       0.703103
            304          4.113         48.196       0.921374       0.703103
            305          8.443         49.665       0.854704       0.703103
            306         24.746         92.057       0.788140       0.703103
            307          8.085         57.934       0.877539       0.703103
            308         14.416         35.358       0.710366       0.703103
            309         31.476         25.923       0.451630       0.703103
            310         15.795         76.704       0.829239       0.703103
            311         30.660         78.391       0.718849       0.703103
            312         17.274         76.003       0.814814       0.703103
            313         40.656         74.190       0.645991       0.703103
            314          8.481         46.053       0.844476       0.703103
            315          7.413         88.908       0.923035       0.703103
            316         30.238         40.064       0.569881       0.703103
            317         23.113         38.254       0.623363       0.703103
            318         29.478         88.161       0.749422       0.703103
            319         -6.227         52.548       1.134434       0.703103
            320         21.306         62.603       0.746085       0.703103
            321         21.846         95.700       0.814152       0.703103
            322         31.768         54.672       0.632486       0.703103
            323         28.328         51.069       0.643214       0.703103
            324         27.603         55.946       0.669620       0.703103
            325          5.251         60.386       0.919994       0.703103
            326          5.736         63.090       0.916660       0.703103
            327         25.943         73.554       0.739257       0.703103
            328         30.310         56.507       0.650870       0.703103
            329         23.151         31.009       0.572548       0.703103
            330         18.554         54.452       0.745855       0.703103
            331         19.302         53.936       0.736450       0.703103
            332         42.321         97.795       0.697956       0.703103
            333         29.380         73.820       0.715309       0.703103
            334         42.722         43.580       0.504969       0.703103
            335         21.406         66.875       0.757521       0.703103
            336         30.600        105.998       0.775987       0.703103
            337         35.650         96.042       0.729295       0.703103
            338         50.350         75.277       0.599212       0.703103
            339         32.177         65.733       0.671359       0.703103
            340          0.430        106.265       0.995968       0.703103
            341         64.607         57.656       0.471576       0.703103
            342         34.601         71.580       0.674129       0.703103
            343         44.950         89.867       0.666588       0.703103
            344         38.052         71.829       0.653702       0.703103
            345         28.879         92.404       0.761889       0.703103
            346         35.100         76.665       0.685949       0.703103
            347         17.960         78.313       0.813451       0.703103
            348         30.971         71.927       0.699015       0.703103
            349         15.859         85.280       0.843194       0.703103
            350         18.762         64.866       0.775649       0.703103
            351         29.255         98.229       0.770520       0.703103
            352         30.345         67.412       0.689585       0.703103
            353         12.114        119.182       0.907738       0.703103
            354         -9.055         32.401       1.387876       1.415259
            355         14.561         79.061       0.844467       0.816773
            356         18.762         97.830       0.839078       0.816773
            357          9.007         83.594       0.902729       0.816773
            358         16.979         80.676       0.826137       0.816773
            359          3.753         77.780       0.953975       0.816773
            360         28.592         96.972       0.772292       0.816773
            361         19.118        116.978       0.859527       0.816773
            362         -0.440         69.090       1.006402       0.816773
            363          9.341         99.159       0.913908       0.816773
            364         27.876         93.073       0.769524       0.816773
            365         47.402         84.450       0.640492       0.816773
            366         15.787         66.413       0.807947       0.816773
            367         11.570         62.888       0.844610       0.816773
            368         11.008         56.153       0.836099       0.816773
            369         37.386         61.113       0.620440       0.816773
            370         16.380         95.657       0.853796       0.816773
            371         27.724         88.365       0.761185       0.816773
            372         38.455         90.019       0.700678       0.816773
            373         17.960         63.786       0.780293       0.816773
            374         34.523         38.298       0.525920       0.816773
            375         34.805         75.822       0.685383       0.816773
            376         26.244         52.862       0.668241       0.816773
            377         22.957         98.673       0.811257       0.816773
            378         20.207         98.320       0.829512       0.816773
            379         15.834         94.544       0.856546       0.816773
            380          0.624         74.901       0.991734       0.816773
            381          7.841        107.663       0.932114       0.816773
            382         18.367         87.677       0.826797       0.816773
            383         27.118         57.000       0.677615       0.816773
            384         28.048         34.228       0.549619       0.816773
            385         24.804         83.927       0.771877       0.816773
            386         18.843        127.311       0.871071       0.816773
            387         11.302         71.007       0.862688       0.816773
            388         17.588         80.742       0.821130       0.816773
            389         -0.037         49.569       1.000739       0.816773
            390         18.833         82.479       0.814110       0.816773
            391         16.190         64.916       0.800381       0.816773
            392         19.827         97.385       0.830847       0.816773
            393         24.451         85.313       0.777239       0.816773
            394         24.914         68.575       0.733509       0.816773
            395          1.894         96.094       0.980675       0.816773
            396         23.370         82.340       0.778924       0.816773
            397         -1.301         48.452       1.027602       0.816773
            398         -1.315         59.394       1.022633       0.816773
            399         29.300         99.361       0.772271       0.816773
            400         19.053         81.128       0.809819       0.816773
            401          9.231         72.481       0.887032       0.816773
            402         27.226         64.603       0.703510       0.816773
            403         45.811         68.918       0.600702       0.816773
            404          8.117         96.349       0.922299       0.816773
            405         25.810        126.515       0.830558       0.816773
            406          6.600         73.371       0.917466       0.816773
            407         18.083         67.107       0.787738       0.816773
            408         10.405         86.927       0.893102       0.816773
            409         11.135         58.472       0.840033       0.816773
            410         26.709         92.756       0.776427       0.816773
            411         17.819        124.609       0.874893       0.816773
            412          9.774         80.002       0.891130       0.816773
            413         -7.348         53.547       1.159057       0.816773
            414         16.594         61.106       0.786439       0.816773
            415         19.722         78.017       0.798217       0.816773
            416         56.100         98.198       0.636418       0.703103
            417         52.987         65.657       0.553399       0.703103
            418         43.503         73.148       0.627067       0.703103
            419         38.241         92.518       0.707545       0.703103
            420         48.331         36.864       0.432702       0.703103
            421         21.600         52.344       0.707884       0.703103
            422         42.380         80.507       0.655130       0.703103
            423         15.313         65.742       0.811074       0.703103
            424         53.285         91.452       0.631852       0.703103
            425         41.392         43.352       0.511563       0.703103
            426         28.248         54.473       0.658515       0.703103
            427         51.252         61.435       0.545186       0.703103
            428         -0.264         69.459       1.003811       0.816773
            429         39.449         65.392       0.623728       0.816773
            430          6.952         22.794       0.766283       0.816773
            431         -3.163         80.929       1.040671       0.816773
            432         22.682         80.448       0.780061       0.816773
            433         14.123         44.861       0.760566       0.816773
            434         16.276         56.953       0.777735       0.816773
            435         19.128         98.071       0.836793       0.816773
            436         19.264         86.044       0.817073       0.816773
            437         23.245         73.027       0.758548       0.816773
            438         33.513         63.684       0.655208       0.816773
            439         36.318        110.118       0.751987       0.816773
            440         -1.575         70.496       1.022858       0.816773
            441         31.811         91.534       0.742100       0.816773
            442         17.267         73.674       0.810129       0.816773
            443         22.884        107.288       0.824205       0.816773
            444         52.640        123.702       0.701488       0.816773
            445         18.694         80.443       0.811430       0.816773
            446         29.952         80.237       0.728176       0.816773
            447         35.638         81.485       0.695722       0.816773
            448         27.760         61.827       0.690131       0.816773
            449         40.665         44.390       0.521900       0.816773
            450          8.643         85.312       0.908014       0.816773
            451         29.573        100.668       0.772939       0.816773
            452         35.958         66.807       0.650093       0.816773
            453          3.687         48.557       0.929419       0.816773
            454         13.356         79.031       0.855430       0.816773
            455         39.695         84.442       0.680232       0.816773
            456         -3.760         64.797       1.061599       0.816773
            457          4.824         50.209       0.912340       0.816773
            458         30.266         83.031       0.732862       0.816773
            459         19.831         95.368       0.827856       0.816773
            460         -3.877         83.212       1.048862       0.816773
            461         17.257         55.542       0.762948       0.816773
            462         13.628        101.105       0.881220       0.816773
            463         22.512        116.086       0.837571       0.816773
            464         17.633         59.164       0.770393       0.816773
            465         10.490         69.999       0.869676       0.816773
            466         21.228         44.736       0.678192       0.816773
            467         18.261         92.876       0.835687       0.816773
            468         20.801         47.815       0.696855       0.816773
            469         14.898         65.950       0.815728       0.816773
            470         13.035         60.782       0.823420       0.816773
            471         27.568        121.890       0.815549       0.816773
            472          9.857         81.057       0.891578       0.816773
            473         31.026         82.629       0.727018       0.816773
            474          2.052         58.285       0.965984       0.816773
            475         38.591         64.153       0.624397       0.816773
            476         29.679         63.734       0.682286       0.816773
            477         24.913        109.921       0.815233       0.816773
            478         23.232         93.133       0.800350       0.816773
            479         -8.532         86.811       1.108991       0.816773
            480         10.135         99.745       0.907762       0.816773
            481         18.110         85.661       0.825477       0.816773
            482         18.597         90.261       0.829160       0.816773
            483          8.819        102.916       0.921073       0.816773
            484         10.756        119.599       0.917490       0.816773
            485         30.182        105.024       0.776769       0.816773
            486         16.835         67.909       0.801346       0.816773
            487          7.316         85.668       0.921321       0.816773
            488         16.301         66.643       0.803472       0.816773
            489         18.684        106.966       0.851301       0.816773
            490         25.085        112.985       0.818318       0.816773
            491         14.598         91.788       0.862783       0.816773
            492         25.774         72.950       0.738927       0.816773
            493         31.573         92.750       0.746043       0.816773
            494         17.709         47.794       0.729642       0.816773
            495         34.907         93.825       0.728841       0.816773
            496         -9.006         87.012       1.115457       0.816773
            497          5.613         71.906       0.927595       0.816773
            498         16.736         58.845       0.778566       0.816773
            499         24.357        105.493       0.812423       0.816773
            500         24.845         81.809       0.767051       0.816773
            501         30.123         78.010       0.721426       0.816773
            502         33.066         91.132       0.733768       0.816773
            503         25.640         57.696       0.692325       0.816773
            504          2.087         85.735       0.976237       0.816773
            505         27.670         83.246       0.750534       0.816773
            506         28.095        114.393       0.802823       0.816773
            507          2.423         89.715       0.973701       0.816773
            508          0.230         40.226       0.994321       0.816773
            509          8.950         86.950       0.906671       0.816773
            510         15.031         76.740       0.836210       0.816773
            511         27.309         91.384       0.769919       0.816773
            512         36.209         91.801       0.717141       0.816773
            513          5.886         71.627       0.924059       0.816773
            514         16.269         46.833       0.742181       0.816773
            515         10.561         50.303       0.826479       0.816773
            516         37.920         97.288       0.719544       0.816773
            517         21.776         68.428       0.758589       0.816773
            518         11.354        107.582       0.904534       0.816773
            519         36.963         43.540       0.540851       0.816773
            520         22.436         75.301       0.770446       0.816773
            521         -6.537        109.227       1.063660       0.816773
            522         17.371         93.483       0.843299       0.816773
            523         42.559         67.764       0.614233       0.816773
            524         32.730        102.005       0.757077       0.816773
            525         30.537         42.874       0.584026       0.816773
            526         24.458         72.012       0.746473       0.816773
            527         14.357         80.157       0.848094       0.816773
            528          3.978         60.688       0.938484       0.816773
            529         28.257         67.252       0.704143       0.816773
            530         17.747         62.344       0.778413       0.816773
            531         18.863         99.589       0.840752       0.816773
            532         25.875         47.494       0.647328       0.816773
            533         14.903         68.816       0.821988       0.816773
            534          8.570         73.665       0.895789       0.816773
            535         10.249         57.100       0.847824       0.816773
            536         34.075         92.146       0.730037       0.816773
            537         32.339         75.004       0.698735       0.816773
            538         32.979        103.561       0.758469       0.816773
            539         21.254         76.750       0.783129       0.816773
            540         -5.430         56.650       1.106002       0.816773
            541         41.910         57.010       0.576322       0.816773
            542         24.935         55.493       0.689969       0.816773
            543         33.243         77.409       0.699573       0.816773
            544         44.114         61.779       0.583409       0.816773
            545          8.513         85.553       0.909504       0.816773
            546         -0.842         84.520       1.010062       0.816773
            547         33.538         78.486       0.700618       0.816773
            548         28.537         55.156       0.659027       0.816773
            549         21.829         70.969       0.764772       0.816773
            550          3.394         77.711       0.958159       0.816773
            551         24.075        108.971       0.819045       0.816773
            552         25.969        122.538       0.825135       0.816773
            553         24.547         77.109       0.758528       0.816773
            554         11.980         49.425       0.804902       0.816773
            555         19.803         58.914       0.748427       0.816773
            556         24.493        107.790       0.814843       0.816773
            557         12.515         56.300       0.818131       0.816773
            558         19.521         72.555       0.787986       0.816773
            559         25.667         65.379       0.718089       0.816773
            560         34.595         85.988       0.713100       0.816773
            561         23.761         79.375       0.769612       0.816773
            562         18.613        129.511       0.874340       0.816773
            563          0.498         90.916       0.994557       0.816773
            564         26.667         92.273       0.775791       0.816773
            565         24.306         88.734       0.784976       0.816773
            566         31.137        104.972       0.771236       0.816773
            567          1.410        126.151       0.988948       0.816773
            568          2.318         68.896       0.967450       0.816773
            569         25.434        107.755       0.809040       0.816773
            570        -10.540         28.991       1.571230       1.415259
            571         34.493        105.871       0.754262       0.703103
            572         15.621         60.140       0.793808       0.703103
            573         29.259         63.937       0.686044       0.703103
            574         -4.518         50.779       1.097671       0.703103
            575         24.389        100.436       0.804615       0.703103
            576         33.308        108.306       0.764795       0.703103
            577          8.043         89.464       0.917518       0.703103
            578         37.303         78.800       0.678708       0.703103
            579         45.732         58.512       0.561298       0.703103
            580         24.692         84.635       0.774144       0.703103
            581         60.192         47.371       0.440405       0.703103
            582         14.782         76.121       0.837387       0.703103
            583         36.550        110.784       0.751925       0.703103
            584         29.925        100.437       0.770445       0.703103
            585         26.047         68.492       0.724480       0.703103
            586         43.734         98.762       0.693086       0.703103
            587         19.365         72.160       0.788419       0.703103
            588         46.081         81.355       0.638401       0.703103
            589         12.054         64.612       0.842775       0.703103
            590         22.975         62.433       0.730999       0.703103
            591         34.150         63.347       0.649733       0.703103
            592         27.924         47.703       0.630771       0.703103
            593         51.316         50.232       0.494665       0.703103
            594          4.874         95.143       0.951264       0.703103
            595         32.116         64.565       0.667812       0.703103
            596         19.333         47.878       0.712352       0.703103
            597         43.442         69.727       0.616129       0.703103
            598         37.040         80.110       0.683821       0.703103
            599         27.725        112.776       0.802671       0.703103
            600         30.578         38.671       0.558431       0.703103
            601         26.989         69.298       0.719702       0.703103
            602         15.548         80.099       0.837446       0.703103
            603         25.611         90.693       0.779796       0.703103
            604         10.740         50.979       0.825980       0.703103
            605         58.896        104.063       0.638582       0.703103
            606         24.344         61.642       0.716884       0.703103
            607         38.628         75.349       0.661087       0.703103
            608         27.921         74.134       0.726409       0.703103
            609          4.741         81.465       0.945002       0.703103
            610         16.761         83.085       0.832133       0.703103
            611         32.102         66.669       0.674985       0.703103
            612         21.396         61.446       0.741724       0.703103
            613         34.321         61.699       0.642565       0.703103
            614         24.401         63.179       0.721384       0.703103
            615         33.849         58.533       0.633600       0.703103
            616         20.127         68.527       0.772973       0.703103
            617         41.149         65.380       0.613732       0.703103
            618         28.695         51.802       0.643526       0.703103
            619         10.294         99.294       0.906065       0.703103
            620         18.876        109.070       0.852466       0.703103
            621         40.337         67.585       0.626237       0.703103
            622         15.269         66.938       0.814265       0.703103
            623         21.755         38.240       0.637390       0.703103
            624         15.618         86.750       0.847432       0.703103
            625         25.300        115.834       0.820735       0.703103
            626         47.746         75.159       0.611523       0.703103
            627         21.255         63.716       0.749855       0.703103
            628         19.503         96.756       0.832246       0.703103
            629         15.127         66.332       0.814301       0.703103
            630         65.716         74.566       0.531544       0.703103
            631         16.401         72.805       0.816143       0.703103
            632         52.222         55.995       0.517433       0.703103
            633         22.144         80.632       0.784537       0.703103
            634         37.835         80.843       0.681199       0.703103
            635         28.250         69.952       0.712324       0.703103
            636          1.663         62.381       0.974028       0.703103
            637         29.881         63.485       0.679959       0.703103
            638         32.436         71.071       0.686633       0.703103
            639         28.317        108.615       0.793204       0.703103
            640         41.720         97.415       0.700147       0.703103
            641         53.898         98.566       0.646487       0.703103
            642         19.789        103.099       0.838970       0.703103
            643         36.204         94.419       0.722837       0.703103
            644         42.370         63.279       0.598958       0.703103
            645         42.470         34.377       0.447340       0.703103
            646         22.273         49.955       0.691625       0.703103
            647         46.839         83.960       0.641903       0.703103
            648         37.935         95.833       0.716412       0.703103
            649         24.451         39.674       0.618698       0.703103
            650         42.238         85.143       0.668411       0.703103
            651         23.935         42.843       0.641572       0.703103
            652         32.225         50.668       0.611244       0.703103
            653         37.972         53.911       0.586739       0.703103
            654         61.453         53.448       0.465170       0.703103
            655          9.867         69.616       0.875864       0.703103
            656         29.608         66.414       0.691655       0.703103
            657         40.763         53.995       0.569820       0.703103
            658         16.594         39.651       0.704974       0.703103
            659         15.601         68.713       0.814969       0.703103
            660         31.328         49.756       0.613636       0.703103
            661         27.555         71.647       0.722238       0.703103
            662         20.011         74.198       0.787586       0.703103
            663         20.351         62.188       0.753434       0.703103
            664         30.144         70.419       0.700244       0.703103
            665         26.496        116.359       0.814524       0.703103
            666         26.776        110.045       0.804298       0.703103
            667         18.510         87.216       0.824925       0.703103
            668         31.654         46.348       0.594189       0.703103
            669         46.149         70.552       0.604554       0.703103
            670         18.341        104.197       0.850328       0.703103
            671          4.372         66.280       0.938117       0.703103
            672         44.180         53.220       0.546405       0.703103
            673         52.444         59.497       0.531504       0.703103
            674         36.406         89.360       0.710524       0.703103
            675          5.808         87.108       0.937496       0.703103
            676         48.617         74.538       0.605235       0.703103
            677         18.847         68.927       0.785279       0.703103
            678         49.121         69.580       0.586179       0.703103
            679         14.027        104.379       0.881533       0.703103
            680         47.019         66.736       0.586664       0.703103
            681         24.787         94.028       0.791380       0.703103
            682         35.617         75.400       0.679179       0.703103
            683         54.257         87.229       0.616521       0.703103
            684         22.134         98.176       0.816026       0.703103
            685         52.575         37.631       0.417167       0.703103
            686         17.375         67.392       0.795031       0.703103
            687         48.626         80.269       0.622748       0.703103
            688         13.070         39.203       0.749961       0.703103
            689         33.075         71.447       0.683558       0.703103
            690         24.143         64.931       0.728954       0.703103
            691         37.395         66.794       0.641084       0.703103
            692         15.681         67.967       0.812539       0.703103
            693         21.749         77.458       0.780775       0.703103
            694         33.132         78.436       0.703032       0.703103
            695         -3.102         70.572       1.045971       0.703103
            696         -8.375         77.010       1.122021       0.703103
            697         22.632         47.148       0.675669       0.703103
            698         16.822         63.952       0.791742       0.703103
            699         16.965         81.490       0.827688       0.703103
            700         19.571         81.266       0.805918       0.703103
            701          2.984         77.897       0.963102       0.703103
            702         22.676         91.436       0.801283       0.703103
            703         34.143         51.644       0.602002       0.703103
            704         37.757         65.982       0.636037       0.703103
            705         24.098         97.729       0.802198       0.703103
            706         35.033         55.846       0.614508       0.703103
            707         16.730         79.953       0.826957       0.703103
            708         21.486         83.880       0.796082       0.703103
            709         14.689         21.086       0.589410       0.703103
            710         49.668         92.915       0.651656       0.703103
            711         28.597         62.785       0.687061       0.703103
            712         47.171         48.164       0.505207       0.703103
            713         12.441         76.756       0.860523       0.703103
            714         36.736         91.076       0.712577       0.703103
            715         48.519         53.407       0.523975       0.703103
            716         21.284         56.821       0.727489       0.703103
            717         24.415         71.206       0.744665       0.703103
            718         18.004         97.940       0.844721       0.703103
            719         20.537         74.602       0.784135       0.703103
            720         46.580         68.256       0.594376       0.703103
            721         29.505         41.449       0.584173       0.703103
            722         10.415         51.685       0.832281       0.703103
            723         51.102         95.945       0.652478       0.703103
            724         26.229         81.631       0.756823       0.703103
            725         60.118         89.581       0.598405       0.703103
            726         23.414         73.983       0.759607       0.703103
            727         29.570         67.772       0.696229       0.703103
            728         40.378         72.538       0.642405       0.703103
            729         15.029         43.487       0.743163       0.703103
            730         34.217         54.031       0.612260       0.703103
            731         42.896         65.290       0.603498       0.703103
            732         29.077         61.086       0.677505       0.703103
            733         29.260         75.925       0.721820       0.703103
            734         43.904         36.519       0.454091       0.703103
            735         -2.734         61.210       1.046746       0.703103
            736         34.057         70.694       0.674876       0.703103
            737         49.388         86.887       0.637585       0.703103
            738         39.336         57.493       0.593758       0.703103
            739         41.095        114.066       0.735147       0.703103
            740         23.763         41.738       0.637215       0.703103
            741         49.412         59.085       0.544575       0.703103
            742         39.094         60.374       0.606969       0.703103
            743         22.062         50.727       0.696900       0.703103
            744         23.426         40.985       0.636307       0.703103
            745         11.352         83.635       0.880486       0.703103
            746         13.642         79.381       0.853347       0.703103
            747         11.205         53.850       0.827756       0.703103
            748         57.628         92.216       0.615415       0.703103
            749         21.227        106.069       0.833246       0.703103
            750         31.866         61.692       0.659399       0.703103
            751         21.989         68.391       0.756704       0.703103
            752         24.109        110.099       0.820358       0.703103
            753         33.030         95.447       0.742908       0.703103
            754         56.717        100.367       0.638941       0.703103
            755         39.109         75.783       0.659601       0.703103
            756         12.602         46.738       0.787630       0.703103
            757         22.446         32.340       0.590303       0.703103
            758        -17.117         71.184       1.316590       1.415259
            759         31.061         33.493       0.518837       0.703103
            760          2.076         90.516       0.977575       0.703103
            761         10.275         81.102       0.887551       0.703103
            762         31.971         49.061       0.605457       0.703103
            763         16.490         66.406       0.801078       0.703103
            764         36.512         34.859       0.488424       0.703103
            765         36.504         56.190       0.606190       0.703103
            766         24.550         67.055       0.732006       0.703103
            767         44.483         87.760       0.663626       0.703103
            768          2.226        109.168       0.980017       0.703103
            769         25.036         94.859       0.791181       0.703103
            770         40.307         67.889       0.627464       0.703103
            771         43.683         78.195       0.641584       0.703103
            772         20.190         73.535       0.784581       0.703103
            773         19.774         88.999       0.818211       0.703103
            774         17.356         51.305       0.747223       0.703103
            775         12.619         47.101       0.788697       0.703103
            776         23.234        122.535       0.840611       0.703103
            777         19.196         60.235       0.758329       0.703103
            778         26.414         84.531       0.761917       0.703103
            779         23.735         41.712       0.637343       0.703103
            780         29.605         89.048       0.750493       0.703103
            781         16.624         49.004       0.746695       0.703103
            782         20.219         62.316       0.755023       0.703103
            783         12.619         77.451       0.859895       0.703103
            784         40.359         53.014       0.567770       0.703103
            785         26.057         70.392       0.729837       0.703103
            786         35.678         44.512       0.555081       0.703103
            787         51.963         99.581       0.657112       0.703103
            788         14.562         79.828       0.845726       0.703103
            789         16.428         90.604       0.846510       0.703103
            790         25.872         80.277       0.756265       0.703103
            791         10.559         81.159       0.884875       0.703103
            792         51.076         87.044       0.630204       0.703103
            793          6.102         70.990       0.920845       0.703103
            794         63.734         48.040       0.429794       0.703103
            795         48.172         67.274       0.582730       0.703103
            796         33.368         96.112       0.742289       0.703103
            797         29.711         89.665       0.751113       0.703103
            798         28.748         61.352       0.680932       0.703103
            799         24.364         65.978       0.730312       0.703103
            800         35.631         81.231       0.695103       0.703103
            801         19.406         50.725       0.723283       0.703103
            802         41.908         50.599       0.546977       0.703103
            803         20.030        107.272       0.842659       0.703103
            804         36.426         54.098       0.597610       0.703103
            805         28.327         79.742       0.737882       0.703103
            806         34.633         73.451       0.679570       0.703103
            807         33.201         90.879       0.732426       0.703103
            808         40.511         61.032       0.601044       0.703103
            809         36.424         71.745       0.663268       0.703103
            810         42.070         56.087       0.571401       0.703103
            811         37.476         76.998       0.672624       0.703103
            812         38.799         73.532       0.654601       0.703103
            813         43.690         69.360       0.613533       0.703103
            814         21.778         91.419       0.807606       0.703103
            815         22.170         72.045       0.764689       0.703103
            816         33.874         84.277       0.713299       0.703103
            817         28.892         72.206       0.714220       0.703103
            818         29.954         64.261       0.682071       0.703103
            819         37.725         83.364       0.688450       0.703103
            820         36.185         81.957       0.693716       0.703103
            821         26.737         53.977       0.668744       0.703103
            822         45.103         50.425       0.527857       0.703103
            823         24.094         67.844       0.737934       0.703103
            824         37.622         19.638       0.342968       0.703103
            825         55.167         45.285       0.450812       0.703103
            826         29.114         74.527       0.719092       0.703103
            827         47.129         42.474       0.474028       0.703103
            828         47.781         54.229       0.531608       0.703103
            829          7.508         58.054       0.885484       0.816773
            830          7.767         99.058       0.927289       0.816773
            831         18.430         58.940       0.761798       0.816773
            832         15.488         87.491       0.849602       0.816773
            833         11.946         62.000       0.838454       0.816773
            834         40.244         78.498       0.661083       0.816773
            835          4.541         69.950       0.939036       0.816773
            836          7.162        100.328       0.933369       0.816773
            837          3.153         66.724       0.954881       0.816773
            838          3.211        108.539       0.971264       0.816773
            839          7.251         86.376       0.922555       0.816773
            840         12.720         70.102       0.846422       0.816773
            841         25.780         77.022       0.749224       0.816773
            842          9.700         78.570       0.890107       0.816773
            843         26.912         69.813       0.721770       0.816773
            844          5.921         74.719       0.926575       0.816773
            845         -3.159         65.214       1.050906       0.816773
            846         14.450         95.133       0.868139       0.816773
            847         30.771         83.390       0.730460       0.816773
            848         15.322        104.721       0.872363       0.816773
            849         41.790         84.240       0.668410       0.816773
            850         31.212         48.005       0.605996       0.816773
            851         34.307        105.783       0.755108       0.816773
            852         24.708         77.370       0.757948       0.816773
            853         13.429        111.170       0.892224       0.816773
            854          8.576         49.307       0.851845       0.816773
            855         34.883         99.732       0.740868       0.816773
            856         -0.432         90.461       1.004802       0.816773
            857         12.665        103.042       0.890543       0.816773
            858         11.699         72.012       0.860249       0.816773
            859         11.837         77.336       0.867255       0.816773
            860          8.922         97.528       0.916187       0.816773
            861         -3.079        130.146       1.024231       0.816773
            862         33.413         74.504       0.690383       0.816773
            863         10.767         89.613       0.892736       0.816773
            864          1.595         81.379       0.980777       0.816773
            865         16.915         90.603       0.842682       0.816773
            866         17.445         44.685       0.719220       0.816773
            867         28.671         50.850       0.639458       0.816773
            868         26.247         48.858       0.650529       0.816773
            869         16.878         70.215       0.806205       0.816773
            870          6.796         77.827       0.919689       0.816773
            871         44.845        112.896       0.715706       0.816773
            872         28.308         76.945       0.731049       0.816773
            873         21.604         55.701       0.720536       0.816773
            874         25.205         85.743       0.772819       0.816773
            875         34.124         95.929       0.737613       0.816773
            876         15.824         73.292       0.822434       0.816773
            877         28.883         71.774       0.713052       0.816773
            878         39.363         81.003       0.672975       0.816773
            879          2.738         98.569       0.972974       0.816773
            880         39.111        105.031       0.728663       0.816773
            881          7.668         21.581       0.737832       0.816773
            882          3.463         94.267       0.964569       0.816773
            883          6.827         65.536       0.905659       0.816773
            884         21.793         76.257       0.777739       0.816773
            885         44.524         57.297       0.562720       0.703103
            886         13.614         63.993       0.824578       0.703103
            887         18.329         86.955       0.825912       0.703103
            888         27.641         24.394       0.468803       0.703103
            889         19.604         82.533       0.808059       0.703103
            890         45.831         69.265       0.601799       0.703103
            891         14.227         53.170       0.788911       0.703103
            892         42.104         60.982       0.591563       0.703103
            893         20.159         83.937       0.806346       0.703103
            894         52.608         58.346       0.525857       0.703103
            895         17.332         98.452       0.850307       0.703103
            896         15.537         95.340       0.859871       0.703103
            897        -11.652         65.103       1.217984       1.415259
            898         29.800         95.436       0.762046       0.703103
            899         36.322         44.622       0.551267       0.703103
            900         16.401        101.855       0.861308       0.703103
            901         -2.416         49.568       1.051247       0.703103
            902         19.841         26.756       0.574201       0.703103
            903         48.675         20.962       0.301016       0.703103
            904         17.940         24.496       0.577243       0.703103
            905         29.178         30.357       0.509899       0.703103
            906          8.447         62.703       0.881279       0.703103
            907         21.062         94.204       0.817273       0.703103
            908         37.154         72.266       0.660445       0.703103
            909         35.298         57.249       0.618596       0.703103
            910         19.979         77.282       0.794584       0.703103
            911         27.819         47.911       0.632659       0.703103
            912         15.982         88.876       0.847583       0.703103
            913         43.238         62.147       0.589715       0.703103
            914         32.601         58.976       0.644002       0.703103
            915         53.725         98.360       0.646743       0.703103
            916         15.428         85.351       0.846910       0.703103
            917         30.293         59.567       0.662885       0.703103
            918          8.973         53.995       0.857499       0.703103
            919         34.825         18.695       0.349306       0.703103
            920         27.384         69.504       0.717362       0.703103
            921         31.805         45.091       0.586384       0.703103
            922         30.600         53.067       0.634262       0.703103
            923         11.323         97.186       0.895647       0.703103
            924         34.432         82.699       0.706039       0.703103
            925         23.118        102.579       0.816083       0.703103
            926         15.234         41.274       0.730411       0.703103
            927         21.971         87.414       0.799139       0.703103
            928         25.640         81.849       0.761462       0.703103
            929         41.313         96.619       0.700484       0.703103
            930         22.968         84.435       0.786153       0.703103
            931          9.704         53.129       0.845555       0.703103
            932         20.276         74.938       0.787045       0.703103
            933         28.455         71.630       0.715691       0.703103
            934         40.428         81.275       0.667816       0.703103
            935         31.751         60.391       0.655411       0.703103
            936         36.801         43.432       0.541323       0.703103
            937         16.652         74.166       0.816646       0.703103
            938         35.111         55.838       0.613946       0.703103
            939          8.908        110.323       0.925286       0.703103
            940         54.713         85.396       0.609495       0.703103
            941         23.106         45.175       0.661600       0.703103
            942         36.950         75.170       0.670442       0.703103
            943         33.752         57.149       0.628697       0.703103
            944         32.995         58.050       0.637597       0.703103
            945         39.720         50.417       0.559336       0.703103
            946         45.428         50.722       0.527527       0.703103
            947         43.165         91.209       0.678773       0.703103
            948         56.412         55.432       0.495616       0.703103
            949         49.151         64.053       0.565820       0.703103
            950         28.744         53.518       0.650577       0.703103
            951         21.503         69.377       0.763389       0.703103
            952         35.137         87.074       0.712487       0.703103
            953         19.525         74.382       0.792077       0.703103
            954         16.872         47.333       0.737214       0.703103
            955         39.992         81.890       0.671876       0.703103
            956         48.932         99.548       0.670445       0.703103
            957         38.428         88.394       0.696995       0.703103
            958         12.929         27.923       0.683514       0.703103
            959         17.735         98.363       0.847239       0.703103
            960         36.633         83.985       0.696292       0.703103
            961         13.495         87.205       0.865992       0.703103
            962         48.563         79.815       0.621722       0.703103
            963         18.417         57.967       0.758892       0.703103
            964         33.361         63.798       0.656636       0.703103
            965          3.718         75.576       0.953110       0.703103
            966         55.497         85.744       0.607078       0.703103
            967         21.684         70.656       0.765170       0.703103
            968         31.904         81.941       0.719758       0.703103
            969         30.335         27.791       0.478115       0.703103
            970         24.841         73.052       0.746243       0.703103
            971         24.194         66.518       0.733290       0.703103
            972         25.355        108.530       0.810619       0.703103
            973         20.926         42.419       0.669647       0.703103
            974         49.658         61.825       0.554567       0.703103
            975          8.958         47.891       0.842426       0.703103
            976         19.651         71.916       0.785390       0.703103
            977         49.865         62.123       0.554728       0.703103
            978         43.771         94.774       0.684066       0.703103
            979         46.608         47.864       0.506647       0.703103
            980         34.661         58.547       0.628135       0.703103
            981         54.699         80.423       0.595188       0.703103
            982         41.313         48.285       0.538903       0.703103
            983         49.552         34.439       0.410036       0.703103
            984         33.808         88.495       0.723571       0.703103
            985         29.556         90.589       0.753999       0.703103
            986         23.777         72.503       0.753043       0.703103
            987         27.248         89.746       0.767100       0.703103
            988         27.558        123.927       0.818082       0.703103
            989         42.695         75.339       0.638281       0.703103
            990         22.592         65.732       0.744215       0.703103
            991         17.867         63.426       0.780215       0.703103
            992         28.571         85.588       0.749725       0.703103
            993         31.796         47.866       0.600868       0.703103
            994         32.859         67.291       0.671905       0.703103
            995         31.574         68.653       0.684973       0.703103
            996         25.645         83.589       0.765232       0.703103
            997         29.794         66.420       0.690332       0.703103
            998         43.473         75.748       0.635361       0.703103
            999         11.817         51.291       0.812746       0.703103
           1000         38.648         49.833       0.563208       0.703103
