              1         16.417         41.879       0.718390       0.705149
              2         35.901         96.914       0.729692       0.705149
              3         21.827         52.641       0.706891       0.705149
              4         24.900         67.992       0.731944       0.705149
              5          4.811         83.013       0.945218       0.705149
              6         21.062         65.278       0.756058       0.705149
              7         42.345         59.151       0.582794       0.705149
              8         15.402         98.242       0.864470       0.705149
              9         18.171        108.791       0.856877       0.705149
             10         36.956         96.331       0.722731       0.705149
             11         31.947         82.201       0.720124       0.705149
             12         30.348         84.184       0.735023       0.705149
             13         45.214         49.829       0.524283       0.705149
             14         30.434         87.347       0.741602       0.705149
             15         23.482         59.633       0.717478       0.705149
             16         18.055         95.979       0.841673       0.705149
             17         13.889         79.234       0.850854       0.705149
             18         63.821        101.211       0.613281       0.705149
             19         50.026         72.574       0.591957       0.705149
             20          6.032         76.418       0.926843       0.705149
             21         26.073         68.965       0.725660       0.705149
             22         43.746         30.373       0.409784       0.705149
             23         39.099         47.325       0.547591       0.705149
             24         46.142        118.199       0.719230       0.705149
             25         14.709         98.115       0.869628       0.705149
             26         21.286         40.606       0.656075       0.705149
             27         12.915        101.134       0.886758       0.705149
             28         13.457         66.739       0.832202       0.705149
             29         27.172         29.590       0.521301       0.705149
             30         16.729         60.067       0.782160       0.803289
             31         13.680         51.978       0.791651       0.803289
             32         10.279         73.393       0.877148       0.803289
             33         23.840        130.292       0.845330       0.803289
             34         11.858         65.683       0.847071       0.803289
             35         20.714        120.214       0.853016       0.803289
             36         29.097         83.277       0.741073       0.803289
             37         14.403         96.838       0.870528       0.803289
             38          8.837        108.626       0.924766       0.803289
             39         20.422         44.819       0.686979       0.803289
             40         53.250         78.700       0.596436       0.803289
             41         15.453         27.626       0.641290       0.803289
             42         31.194         69.654       0.690680       0.803289
             43         23.734         65.243       0.733256       0.803289
             44         21.454         60.630       0.738630       0.803289
             45         27.268         45.977       0.627719       0.803289
             46         15.847         69.614       0.814574       0.803289
             47         25.729         47.237       0.647385       0.803289
             48         33.198        116.081       0.777611       0.803289
             49         14.146         73.171       0.837992       0.803289
             50         16.966         67.188       0.798391       0.803289
             51         18.926         88.665       0.824092       0.803289
             52          4.925         90.746       0.948524       0.803289
             53         37.046         78.694       0.679920       0.803289
             54         27.576         87.610       0.760592       0.803289
             55         39.768         55.755       0.583679       0.803289
             56         22.903         51.193       0.690900       0.803289
             57         21.515         99.224       0.821807       0.803289
             58         16.243         67.834       0.806807       0.803289
             59         19.357         49.285       0.718004       0.803289
             60         25.218         81.238       0.763114       0.803289
             61         29.263         46.224       0.612343       0.803289
             62         40.792         73.263       0.642344       0.803289
             63         30.097         52.797       0.636918       0.803289
             64         12.079        103.213       0.895229       0.803289
             65         27.615         78.407       0.739537       0.803289
             66         11.532         61.227       0.841498       0.803289
             67         17.766         74.412       0.807263       0.803289
             68         20.915        110.585       0.840949       0.803289
             69         26.795         69.384       0.721407       0.803289
             70         20.749         31.631       0.603883       0.803289
             71         43.641         49.632       0.532114       0.803289
             72         14.772         85.846       0.853187       0.803289
             73         38.811         77.768       0.667084       0.803289
             74         13.220         78.465       0.855815       0.803289
             75         27.605        100.743       0.784923       0.803289
             76         12.590         84.805       0.870731       0.803289
             77         20.587         67.264       0.765660       0.803289
             78         36.437         86.311       0.703160       0.803289
             79         15.285         71.579       0.824032       0.803289
             80          2.038         88.677       0.977532       0.803289
             81         42.807         68.030       0.613786       0.803289
             82         16.952         85.731       0.834913       0.803289
             83         42.340         34.587       0.449612       0.803289
             84         19.614        122.113       0.861605       0.803289
             85         27.060         75.799       0.736920       0.803289
             86         19.310         77.284       0.800089       0.803289
             87         17.795         55.937       0.758651       0.803289
             88          2.215         56.754       0.962438       0.803289
             89         10.743         63.793       0.855865       0.803289
             90         19.385         59.451       0.754107       0.803289
             91         17.775        108.865       0.859640       0.803289
             92          3.750        103.144       0.964921       0.803289
             93         32.112        103.208       0.762698       0.803289
             94          8.884         66.297       0.881833       0.803289
             95         15.643        100.392       0.865189       0.803289
             96         -2.025         95.635       1.021632       0.803289
             97          9.595         69.231       0.878278       0.803289
             98         17.926         47.429       0.725715       0.803289
             99         30.064         78.735       0.723673       0.803289
            100         12.418         67.830       0.845250       0.803289
            101         11.416         64.053       0.848738       0.803289
            102         14.266         82.758       0.852965       0.803289
            103          0.080         63.227       0.998739       0.803289
            104         38.726         57.793       0.598771       0.803289
            105         18.752         80.815       0.811669       0.803289
            106          5.231         90.559       0.945389       0.803289
            107         11.221        101.482       0.900438       0.803289
            108         19.027         64.724       0.772814       0.803289
            109         13.733         71.311       0.838522       0.803289
            110         29.432         54.307       0.648526       0.803289
            111         21.610         38.149       0.638379       0.803289
            112         10.349        107.773       0.912390       0.803289
            113         39.255        101.432       0.720978       0.803289
            114         10.732         82.252       0.884584       0.803289
            115         16.700         99.462       0.856233       0.803289
            116         13.091        118.175       0.900273       0.803289
            117         27.892         81.490       0.745001       0.803289
            118         20.392        121.489       0.856273       0.803289
            119         18.094         70.606       0.796005       0.803289
            120        -13.044        123.685       1.117896       0.803289
            121         31.382        103.926       0.768072       0.803289
            122         31.538        108.232       0.774356       0.803289
            123         19.225         67.333       0.777895       0.803289
            124          1.008         48.492       0.979646       0.803289
            125         24.957         85.821       0.774710       0.803289
            126         27.607        104.243       0.790617       0.803289
            127         14.061         80.583       0.851428       0.803289
            128         45.924         84.498       0.647882       0.803289
            129         10.405         77.537       0.881680       0.803289
            130          2.950         47.649       0.941697       0.803289
            131         37.225         92.512       0.713070       0.803289
            132          5.375         49.285       0.901658       0.803289
            133         23.750         32.510       0.577850       0.803289
            134         24.557        123.213       0.833817       0.803289
            135         14.591        130.393       0.899364       0.803289
            136         23.224         67.187       0.743125       0.803289
            137          8.720         70.733       0.890251       0.803289
            138         18.348         81.821       0.816829       0.803289
            139         30.811         51.301       0.624766       0.803289
            140         32.337         98.685       0.753197       0.803289
            141         32.407         48.797       0.600916       0.803289
            142         18.258         74.823       0.803848       0.803289
            143         32.146         74.235       0.697824       0.803289
            144         34.249         81.230       0.703421       0.803289
            145         19.572         97.046       0.832172       0.803289
            146         43.051        128.087       0.748443       0.803289
            147         33.025         66.078       0.666760       0.803289
            148         23.387         61.753       0.725313       0.803289
            149         28.091         66.040       0.701572       0.803289
            150         15.541         71.438       0.821321       0.803289
            151         -6.013         80.061       1.081197       0.803289
            152         10.156         70.882       0.874676       0.803289
            153          7.587         32.340       0.809972       0.803289
            154         18.789        132.928       0.876155       0.803289
            155         10.694         60.826       0.850480       0.803289
            156         20.754         29.419       0.586357       0.803289
            157         11.924         39.796       0.769443       0.803289
            158         18.601         83.941       0.818598       0.803289
            159         28.848         98.849       0.774091       0.803289
            160         34.578        108.215       0.757844       0.803289
            161         25.511         55.734       0.685996       0.803289
            162         20.726         79.363       0.792922       0.803289
            163         14.693         93.367       0.864027       0.803289
            164         17.583         86.062       0.830355       0.803289
            165         -2.192        107.234       1.020864       0.803289
            166          4.564         56.460       0.925204       0.803289
            167         16.186         90.364       0.848087       0.803289
            168         25.263         95.747       0.791232       0.803289
            169         20.895         78.228       0.789202       0.803289
            170         11.172         72.794       0.866948       0.803289
            171         18.462         69.370       0.789804       0.803289
            172         12.795         81.077       0.863694       0.803289
            173         -5.584         69.510       1.087356       0.803289
            174         21.704         68.313       0.758892       0.803289
            175         16.322         66.450       0.802813       0.803289
            176         27.966        109.817       0.797031       0.803289
            177          1.412         62.466       0.977894       0.803289
            178         19.904         90.165       0.819170       0.803289
            179         12.423         92.624       0.881740       0.803289
            180         12.672         71.540       0.849522       0.803289
            181         15.511         87.251       0.849061       0.803289
            182         22.907         99.538       0.812917       0.803289
            183          5.337         47.215       0.898445       0.803289
            184         26.289         85.906       0.765682       0.803289
            185         34.953         61.678       0.638281       0.803289
            186         22.322         41.320       0.649253       0.803289
            187         29.717        109.186       0.786057       0.803289
            188         25.112         83.218       0.768193       0.803289
            189         28.008         96.397       0.774868       0.803289
            190         17.560         90.345       0.837264       0.803289
            191         15.773         58.533       0.787728       0.803289
            192         22.888         92.103       0.800959       0.803289
            193         41.504         74.463       0.642107       0.803289
            194          2.522         58.232       0.958483       0.803289
            195         20.182         80.456       0.799464       0.803289
            196         34.379         71.531       0.675392       0.803289
            197         12.770         91.755       0.877831       0.803289
            198         17.268         84.818       0.830851       0.803289
            199          7.895         96.960       0.924703       0.803289
            200         13.295         98.032       0.880576       0.803289
            201         13.968        101.844       0.879393       0.803289
            202         26.201         87.786       0.770137       0.803289
            203          1.393         97.434       0.985908       0.803289
            204         31.164         51.460       0.622821       0.803289
            205          3.897         83.118       0.955212       0.803289
            206         35.250         79.267       0.692183       0.803289
            207         19.813         78.735       0.798948       0.803289
            208          4.935         61.264       0.925454       0.803289
            209         18.742         79.142       0.808529       0.803289
            210         24.551        111.466       0.819503       0.803289
            211         19.470         78.316       0.800894       0.803289
            212         23.380         49.174       0.677759       0.803289
            213         21.855         93.901       0.811195       0.803289
            214         21.158        119.766       0.849865       0.803289
            215         26.668        104.371       0.796488       0.803289
            216         37.594         56.328       0.599736       0.803289
            217          3.804         50.960       0.930544       0.803289
            218         38.160         89.172       0.700314       0.803289
            219         16.542         87.755       0.841395       0.803289
            220         33.567         91.068       0.730678       0.803289
            221         40.042        141.782       0.779778       0.803289
            222         19.258         63.444       0.767136       0.803289
            223         42.103         67.289       0.615122       0.803289
            224          5.883         87.137       0.936755       0.803289
            225         21.772         73.402       0.771242       0.803289
            226         15.575        112.420       0.878316       0.803289
            227         -1.951         95.950       1.020761       0.803289
            228         38.408         86.803       0.693256       0.803289
            229         17.911         65.915       0.786331       0.803289
            230         32.721         80.525       0.711067       0.803289
            231         21.048         71.731       0.773138       0.803289
            232         11.922         78.945       0.868799       0.803289
            233         22.281         47.221       0.679420       0.803289
            234          4.390         78.155       0.946818       0.803289
            235         38.011         59.925       0.611875       0.803289
            236         26.555         71.519       0.729237       0.803289
            237          5.922        109.884       0.948860       0.803289
            238         12.269         55.334       0.818512       0.803289
            239         12.945         45.811       0.779688       0.803289
            240         19.530         81.665       0.807003       0.803289
            241         13.934         80.332       0.852187       0.803289
            242         15.213         75.537       0.832364       0.803289
            243         12.967        120.656       0.902956       0.803289
            244         18.144         72.640       0.800139       0.803289
            245         22.855         31.652       0.580696       0.803289
            246         28.723         95.756       0.769254       0.803289
            247         18.486         77.292       0.806992       0.803289
            248         33.147        107.344       0.764061       0.803289
            249          9.729         85.164       0.897472       0.803289
            250         20.494         83.224       0.802409       0.803289
            251         23.422         84.741       0.783454       0.803289
            252         41.498         68.676       0.623345       0.803289
            253         28.381         71.289       0.715251       0.803289
            254         12.200         93.533       0.884615       0.803289
            255         16.672         80.838       0.829026       0.803289
            256         19.642        109.180       0.847526       0.803289
            257         11.229         73.098       0.866836       0.803289
            258         16.857         64.240       0.792133       0.803289
            259         11.798        122.832       0.912369       0.803289
            260         15.608        110.259       0.875999       0.803289
            261          1.180         43.103       0.973361       0.803289
            262          9.425         98.963       0.913043       0.803289
            263         -0.961         73.644       1.013224       0.803289
            264         27.736         77.314       0.735973       0.803289
            265         10.419         89.050       0.895256       0.803289
            266         26.053        101.121       0.795141       0.803289
            267          1.359         89.726       0.985081       0.803289
            268         25.764        116.825       0.819312       0.803289
            269         11.981         64.478       0.843302       0.803289
            270          2.092         73.308       0.972255       0.803289
            271         22.870         94.354       0.804900       0.803289
            272         23.073        108.406       0.824512       0.803289
            273         17.976        114.766       0.864581       0.803289
            274         10.573         51.768       0.830405       0.803289
            275         21.207         75.441       0.780574       0.803289
            276         10.247         67.842       0.868777       0.803289
            277          4.962        115.164       0.958695       0.803289
            278          8.604         92.925       0.915260       0.803289
            279         14.443         87.051       0.857697       0.803289
            280         25.576        108.101       0.808672       0.803289
            281         19.428         53.977       0.735335       0.803289
            282         14.001         60.439       0.811920       0.803289
            283         -2.108        108.152       1.019875       0.803289
            284         18.261         56.606       0.756083       0.803289
            285         24.899         87.972       0.779401       0.803289
            286         15.872         33.556       0.678891       0.803289
            287         11.156         70.340       0.863106       0.803289
            288         12.705         82.361       0.866356       0.803289
            289         21.647         48.754       0.692519       0.803289
            290         29.576        126.278       0.810234       0.803289
            291          8.178         63.086       0.885241       0.803289
            292         27.237         90.216       0.768102       0.803289
            293         14.467         84.016       0.853105       0.803289
            294         18.678         93.935       0.834139       0.803289
            295         27.815        110.311       0.798624       0.803289
            296         12.738         98.138       0.885118       0.803289
            297         17.573         75.455       0.811105       0.803289
            298         24.432         59.346       0.708374       0.803289
            299         22.569         94.416       0.807077       0.803289
            300         20.349        105.137       0.837839       0.803289
            301         19.456        100.597       0.837940       0.803289
            302         -2.407         75.993       1.032711       0.803289
            303         29.218         56.977       0.661024       0.705149
            304         53.379         34.597       0.393253       0.705149
            305         22.750         75.242       0.767838       0.705149
            306         44.822         74.734       0.625098       0.705149
            307         32.208         61.768       0.657278       0.705149
            308         30.601         67.397       0.687737       0.705149
            309         27.793         33.863       0.549222       0.705149
            310         39.885         61.151       0.605242       0.705149
            311         21.629         36.822       0.629959       0.705149
            312         12.913         77.384       0.856993       0.705149
            313         29.347         59.421       0.669399       0.705149
            314         38.842         41.116       0.514217       0.705149
            315         13.035         67.385       0.837912       0.705149
            316          2.702         81.390       0.967869       0.705149
            317         60.971         60.785       0.499237       0.705149
            318         17.325         68.605       0.798384       0.705149
            319         17.821         69.869       0.796770       0.705149
            320         25.653         52.989       0.673803       0.705149
            321         29.130         95.480       0.766231       0.705149
            322         38.710        107.100       0.734517       0.705149
            323         33.919         62.749       0.649116       0.705149
            324         10.774         59.948       0.847653       0.705149
            325         50.732         87.745       0.633643       0.705149
            326         10.587         72.709       0.872898       0.705149
            327         13.035         96.354       0.880836       0.705149
            328         24.180         63.381       0.723847       0.705149
            329         30.419         87.905       0.742919       0.705149
            330         34.398         61.102       0.639811       0.705149
            331         40.697        102.466       0.715730       0.705149
            332         33.243         52.927       0.614218       0.705149
            333          4.860         42.696       0.897807       0.705149
            334         16.326         60.948       0.788725       0.705149
            335          3.735         51.243       0.932056       0.705149
            336         42.025         49.793       0.542303       0.705149
            337         27.783         50.033       0.642963       0.705149
            338         33.672         34.912       0.509042       0.705149
            339         27.141         84.499       0.756887       0.705149
            340         25.357         60.704       0.705365       0.705149
            341         61.701         49.653       0.445901       0.705149
            342          9.707         76.637       0.887573       0.705149
            343         19.729         59.314       0.750401       0.705149
            344         26.582         66.787       0.715304       0.705149
            345         59.362         56.465       0.487493       0.705149
            346         41.977         76.309       0.645121       0.705149
            347         40.363         59.350       0.595210       0.705149
            348          2.351         76.903       0.970334       0.705149
            349         78.685         60.028       0.432749       0.705149
            350         32.679         55.058       0.627533       0.705149
            351         41.162         73.234       0.640177       0.705149
            352         13.091         66.556       0.835640       0.705149
            353         42.181         71.473       0.628866       0.705149
            354         43.400        126.092       0.743939       0.705149
            355         36.239         99.705       0.733426       0.705149
            356         18.869        101.944       0.843820       0.705149
            357         23.896         67.537       0.738649       0.705149
            358         42.201         81.260       0.658180       0.705149
            359         28.331         60.317       0.680412       0.705149
            360         44.659         72.885       0.620069       0.705149
            361         28.282         42.265       0.599102       0.705149
            362         40.843         56.712       0.581334       0.705149
            363         43.145        101.323       0.701354       0.705149
            364         16.134         91.933       0.850700       0.705149
            365         40.203         56.785       0.585485       0.705149
            366         20.330         39.949       0.662733       0.705149
            367         32.984         72.978       0.688720       0.705149
            368         22.642         93.828       0.805596       0.705149
            369         52.958         77.568       0.594274       0.705149
            370         54.525         64.603       0.542301       0.705149
            371         39.510         85.912       0.684984       0.705149
            372         56.567         90.291       0.614819       0.705149
            373         21.226         86.601       0.803150       0.705149
            374         17.851         71.090       0.799295       0.705149
            375         34.840         76.909       0.688231       0.705149
            376         45.912         74.446       0.618540       0.705149
            377         12.509        103.000       0.891708       0.705149
            378         17.030         44.037       0.721126       0.705149
            379         -1.774         64.650       1.028222       0.705149
            380         -2.880         41.674       1.074241       0.705149
            381          1.440         38.137       0.963604       0.705149
            382         15.856         47.105       0.748156       0.705149
            383         30.905         66.129       0.681507       0.705149
            384         35.548         65.742       0.649049       0.705149
            385         38.223         58.035       0.602907       0.705149
            386         36.905         76.493       0.674552       0.705149
            387         27.835         88.582       0.760900       0.705149
            388         13.645         78.451       0.851836       0.705149
            389         13.503         76.500       0.849975       0.705149
            390         33.404         80.077       0.705641       0.705149
            391         47.415         94.731       0.666436       0.705149
            392         32.709         53.518       0.620660       0.705149
            393         38.943         86.034       0.688400       0.705149
            394         31.332         73.814       0.702013       0.705149
            395         48.829         78.363       0.616099       0.705149
            396         56.027         86.615       0.607218       0.705149
            397         21.259         58.158       0.732316       0.705149
            398         -2.751         66.846       1.042927       0.705149
            399         42.976         75.823       0.638245       0.705149
            400         42.859         51.378       0.545198       0.705149
            401         55.643         72.046       0.564231       0.705149
            402         26.325         68.582       0.722626       0.705149
            403         14.921         65.504       0.814471       0.705149
            404         21.220         90.334       0.809779       0.705149
            405         49.009         37.002       0.430199       0.705149
            406         45.033         62.657       0.581826       0.705149
            407         36.270         88.359       0.708975       0.705149
            408         37.291         63.258       0.629123       0.705149
            409         25.174         64.243       0.718464       0.705149
            410         15.550         54.034       0.776526       0.705149
            411         28.785         65.078       0.693331       0.705149
            412         18.217         78.903       0.812431       0.705149
            413         26.349         63.890       0.708005       0.705149
            414         24.657         66.144       0.728454       0.705149
            415         15.782         85.846       0.844710       0.705149
            416         40.659         35.577       0.466670       0.705149
            417         22.607         88.829       0.797126       0.705149
            418         43.414         30.534       0.412912       0.705149
            419         38.264         47.699       0.554876       0.705149
            420         65.496        117.924       0.642919       0.705149
            421         44.410        101.284       0.695186       0.705149
            422         31.996         64.665       0.668984       0.705149
            423         25.823         86.358       0.769811       0.705149
            424          5.735         71.871       0.926104       0.705149
            425         -6.448         85.793       1.081270       0.705149
            426         15.134         82.495       0.844981       0.705149
            427         45.876         88.531       0.658676       0.705149
            428         32.880         74.105       0.692669       0.705149
            429         30.237         92.920       0.754482       0.705149
            430         26.442         33.601       0.559614       0.705149
            431         49.344         89.544       0.644720       0.705149
            432         28.347         78.491       0.734671       0.705149
            433         30.167         10.804       0.263699       0.705149
            434         41.570         71.466       0.632244       0.705149
            435         11.503         89.092       0.885648       0.705149
            436         55.737         51.448       0.479995       0.705149
            437          6.369         62.902       0.908058       0.705149
            438         29.953         66.531       0.689557       0.705149
            439         48.231         39.509       0.450300       0.705149
            440         54.985         39.997       0.421103       0.705149
            441         34.482         57.176       0.623796       0.705149
            442         19.774         74.332       0.789879       0.705149
            443         34.749         21.746       0.384919       0.705149
            444         37.776         87.098       0.697485       0.705149
            445         23.520         37.262       0.613047       0.705149
            446         46.502         86.732       0.650974       0.705149
            447         17.471         69.395       0.798877       0.705149
            448         54.078         53.875       0.499057       0.705149
            449         51.378         55.827       0.520747       0.705149
            450         40.270         63.737       0.612815       0.705149
            451         27.913         50.971       0.646155       0.705149
            452         24.203         58.011       0.705612       0.705149
            453         36.601         69.810       0.656041       0.705149
            454         23.998        105.607       0.814839       0.705149
            455         19.277         58.408       0.751858       0.705149
            456         13.679         82.016       0.857054       0.705149
            457         27.086         79.724       0.746409       0.705149
            458         36.621         82.200       0.691796       0.705149
            459         39.631        115.589       0.744678       0.705149
            460          2.735         50.775       0.948889       0.705149
            461         36.791         80.497       0.686319       0.705149
            462         41.789         56.920       0.576646       0.705149
            463         46.879         72.160       0.606188       0.705149
            464         27.018         75.183       0.735638       0.705149
            465         56.074         93.381       0.624809       0.705149
            466         29.770         41.122       0.580064       0.705149
            467         33.168         54.219       0.620447       0.705149
            468         18.265         76.609       0.807483       0.705149
            469          5.434         41.767       0.884868       0.705149
            470         12.919         85.793       0.869125       0.705149
            471         34.534         75.081       0.684952       0.705149
            472         32.031         55.543       0.634240       0.705149
            473          1.114        110.297       0.990001       0.705149
            474         31.972         58.539       0.646764       0.705149
            475         24.092         35.245       0.593985       0.705149
            476         35.103         82.597       0.701757       0.705149
            477         19.676         60.476       0.754520       0.705149
            478         17.680         51.177       0.743235       0.705149
            479         37.087         77.960       0.677637       0.705149
            480        -17.208         68.090       1.338208       0.705149
            481         44.793         83.200       0.650037       0.705149
            482         27.878         62.392       0.691173       0.705149
            483         58.143         25.109       0.301600       0.705149
            484         26.345         98.420       0.788842       0.705149
            485         10.705         51.581       0.828130       0.705149
            486         45.200         84.272       0.650887       0.705149
            487         45.676         67.658       0.596979       0.705149
            488         26.461         58.548       0.688725       0.705149
            489         31.403         56.243       0.641703       0.705149
            490         38.011         67.214       0.638768       0.705149
            491         13.310         30.778       0.698108       0.705149
            492         55.135         89.956       0.619996       0.705149
            493         14.075         86.700       0.860336       0.705149
            494         32.228         38.964       0.547308       0.705149
            495         25.355         57.392       0.693580       0.705149
            496         54.552         54.377       0.499195       0.705149
            497         18.192         68.499       0.790149       0.705149
            498         31.383         65.647       0.676564       0.705149
            499          7.737         92.231       0.922607       0.705149
            500         46.650          4.238       0.083274       0.705149
            501         25.442         69.051       0.730754       0.705149
            502         25.897        101.477       0.796688       0.705149
            503         25.570         48.146       0.653131       0.705149
            504         67.410         75.839       0.529421       0.705149
            505         32.529         83.066       0.718592       0.705149
            506         28.411         59.770       0.677808       0.705149
            507         18.172         31.483       0.634038       0.705149
            508         63.272         60.892       0.490419       0.705149
            509         40.388         86.697       0.682197       0.705149
            510         43.925         57.744       0.567960       0.705149
            511         33.034         76.916       0.699553       0.705149
            512         54.233         37.966       0.411787       0.705149
            513         48.809         80.462       0.622428       0.705149
            514         49.223         45.431       0.479971       0.705149
            515         34.980         82.865       0.703171       0.705149
            516         62.460         78.632       0.557311       0.705149
            517         49.350         53.232       0.518920       0.705149
            518         -0.655         49.413       1.013441       0.803289
            519         32.528         76.411       0.701408       0.803289
            520          9.760         91.451       0.903565       0.803289
            521          5.905         51.424       0.896990       0.803289
            522         12.588        111.575       0.898619       0.803289
            523         11.044         73.354       0.869142       0.803289
            524         12.903         78.869       0.859400       0.803289
            525         18.937         63.318       0.769780       0.803289
            526         11.635         86.242       0.881124       0.803289
            527         -5.484         92.413       1.063086       0.803289
            528         19.254         49.180       0.718649       0.803289
            529          8.455        100.304       0.922255       0.803289
            530         31.209         52.159       0.625651       0.803289
            531         31.106        108.333       0.776920       0.803289
            532         28.269         81.909       0.743422       0.803289
            533         30.010         69.486       0.698382       0.803289
            534         12.572         88.578       0.875707       0.803289
            535         30.456         70.923       0.699580       0.803289
            536          5.687         92.708       0.942198       0.803289
            537         35.301        101.570       0.742085       0.803289
            538         33.401         63.014       0.653572       0.803289
            539         35.458        110.192       0.756555       0.803289
            540         11.672         92.143       0.887571       0.803289
            541         15.490         71.026       0.820957       0.803289
            542         25.012         70.690       0.738649       0.803289
            543         11.547         51.462       0.816745       0.803289
            544         21.502        100.262       0.823415       0.803289
            545         21.070         82.334       0.796237       0.803289
            546         14.334         79.082       0.846559       0.803289
            547         12.999         79.936       0.860132       0.803289
            548          6.761         50.591       0.882112       0.803289
            549         10.449        117.360       0.918247       0.803289
            550         39.192         75.745       0.659013       0.803289
            551         15.506         75.642       0.829884       0.803289
            552          8.722         79.793       0.901462       0.803289
            553         14.941        103.803       0.874173       0.803289
            554         30.340         82.703       0.731605       0.803289
            555         18.549        118.467       0.864619       0.803289
            556          3.249         71.305       0.956425       0.803289
            557         22.384         41.523       0.649738       0.803289
            558         32.946         71.397       0.684252       0.803289
            559         37.342        117.098       0.758213       0.803289
            560         16.725         51.188       0.753733       0.803289
            561         14.290         64.442       0.818503       0.803289
            562         48.319         66.060       0.577557       0.803289
            563         21.230         66.968       0.759294       0.803289
            564         20.507        119.348       0.853367       0.803289
            565         32.185         97.066       0.750988       0.803289
            566         52.120        108.132       0.674760       0.803289
            567         14.125         79.322       0.848843       0.803289
            568         26.913         68.480       0.717873       0.803289
            569         21.195         94.233       0.816379       0.803289
            570         -8.204         66.348       1.141101       0.803289
            571         17.271         58.185       0.771117       0.803289
            572         41.159         58.384       0.586523       0.705149
            573         23.244         54.134       0.699605       0.705149
            574          4.811         76.947       0.941153       0.705149
            575         18.988         82.074       0.812111       0.705149
            576         30.602         64.350       0.677712       0.705149
            577         32.842         78.144       0.704089       0.705149
            578         30.874         59.841       0.659659       0.705149
            579         26.238         56.588       0.683214       0.705149
            580         44.051         66.399       0.601169       0.705149
            581         27.151         83.612       0.754876       0.705149
            582         32.765         76.239       0.699413       0.705149
            583         22.834         74.941       0.766464       0.705149
            584         28.439         84.426       0.748029       0.705149
            585         19.319         47.695       0.711719       0.705149
            586         40.269         36.582       0.476012       0.705149
            587         43.477         78.755       0.644308       0.705149
            588         63.858         52.212       0.449831       0.705149
            589         51.998         54.703       0.512674       0.705149
            590         30.069         65.238       0.684503       0.705149
            591         12.260         79.926       0.867006       0.705149
            592         24.370         99.072       0.802578       0.705149
            593         42.892         75.096       0.636471       0.705149
            594         28.338         68.995       0.708855       0.705149
            595         15.459         72.400       0.824045       0.705149
            596         41.975         64.798       0.606874       0.705149
            597         45.032         40.397       0.472873       0.705149
            598         19.869         54.623       0.733269       0.705149
            599         38.809         80.909       0.675832       0.705149
            600         57.279         65.598       0.533848       0.705149
            601         14.802         68.179       0.821619       0.705149
            602         44.079         82.250       0.651077       0.705149
            603         46.605         64.701       0.581293       0.705149
            604          3.382         72.975       0.955712       0.705149
            605         44.459         48.920       0.523883       0.705149
            606         18.942         64.868       0.773991       0.705149
            607         28.822        106.683       0.787298       0.705149
            608         18.234         76.183       0.806876       0.705149
            609         23.673         82.860       0.777786       0.705149
            610         10.665         97.861       0.901725       0.705149
            611         27.596         80.500       0.744710       0.705149
            612         44.176         56.401       0.560775       0.705149
            613         33.615         55.212       0.621568       0.705149
            614         17.971        114.715       0.864557       0.705149
            615         32.166        110.530       0.774584       0.705149
            616         42.378         26.824       0.387615       0.705149
            617          7.146         54.715       0.884491       0.705149
            618         12.138         31.852       0.724079       0.705149
            619         37.648         24.877       0.397873       0.705149
            620         41.010         63.986       0.609413       0.705149
            621         29.226         52.227       0.641193       0.705149
            622          8.553         79.310       0.902655       0.705149
            623         20.929        101.424       0.828947       0.705149
            624          5.906         67.163       0.919175       0.705149
            625         27.409         70.456       0.719932       0.705149
            626         25.616         88.637       0.775798       0.705149
            627         61.290         64.343       0.512151       0.705149
            628         29.984         68.719       0.696224       0.705149
            629         35.078         80.776       0.697219       0.705149
            630         20.123         59.642       0.747721       0.705149
            631         23.604         64.613       0.732433       0.705149
            632         29.905         77.022       0.720327       0.705149
            633         16.610         91.884       0.846908       0.705149
            634         47.520         77.522       0.619968       0.705149
            635         65.000         90.505       0.582006       0.705149
            636         32.984         42.044       0.560379       0.705149
            637          6.767         98.346       0.935623       0.705149
            638         44.090         57.221       0.564808       0.705149
            639         -9.612         47.867       1.251266       0.705149
            640         52.220        104.550       0.666899       0.705149
            641         45.632        101.112       0.689038       0.705149
            642          7.945         83.655       0.913261       0.705149
            643         25.974         69.301       0.727376       0.705149
            644         25.637         41.234       0.616618       0.705149
            645         42.388         56.774       0.572540       0.705149
            646         24.433         72.178       0.747098       0.705149
            647         20.617         57.181       0.734996       0.705149
            648         12.181         32.842       0.729440       0.705149
            649         31.296         85.796       0.732725       0.705149
            650         28.261         75.506       0.727649       0.705149
            651         50.212        114.921       0.695928       0.705149
            652         22.976         64.293       0.736719       0.705149
            653         37.366         59.273       0.613343       0.705149
            654         23.290         69.792       0.749791       0.705149
            655         34.072         88.520       0.722071       0.705149
            656         12.137         74.390       0.859730       0.705149
            657         10.517         75.762       0.878108       0.705149
            658         36.306         27.683       0.432621       0.705149
            659         26.629         50.514       0.654812       0.705149
            660         34.145         94.426       0.734426       0.705149
            661          7.761         77.242       0.908695       0.705149
            662         48.439         69.155       0.588086       0.705149
            663         52.280         62.465       0.544383       0.705149
            664         47.552         58.607       0.552068       0.705149
            665         26.195         66.225       0.716564       0.705149
            666         44.779         47.464       0.514557       0.705149
            667         23.820         52.454       0.687707       0.705149
            668         15.207         83.090       0.845295       0.705149
            669         21.220         84.659       0.799584       0.705149
            670         43.494         46.314       0.515701       0.705149
            671         21.052         61.254       0.744222       0.705149
            672          8.888         78.547       0.898352       0.705149
            673         23.874         61.923       0.721744       0.705149
            674         20.190         74.832       0.787524       0.705149
            675         27.125         96.500       0.780587       0.705149
            676         28.073         63.011       0.691790       0.705149
            677         30.357         60.731       0.666733       0.705149
            678         42.266         47.109       0.527093       0.705149
            679         11.673         92.883       0.888353       0.803289
            680         28.284         64.555       0.695346       0.803289
            681         26.575         79.430       0.749307       0.803289
            682         28.963         68.755       0.703610       0.803289
            683         28.963         74.710       0.720629       0.803289
            684         18.211         41.660       0.695824       0.803289
            685         10.581         73.465       0.874105       0.803289
            686         28.903         95.954       0.768512       0.803289
            687         19.179         86.349       0.818253       0.803289
            688         31.699         44.749       0.585347       0.803289
            689          6.459        107.459       0.943298       0.803289
            690         11.212         74.299       0.868879       0.803289
            691         15.533        101.239       0.866979       0.803289
            692         22.452         72.722       0.764095       0.803289
            693         22.726         99.023       0.813333       0.803289
            694         26.131         81.361       0.756904       0.803289
            695         37.796         79.705       0.678333       0.803289
            696         31.581         46.755       0.596854       0.803289
            697         31.007         89.973       0.743700       0.803289
            698         23.599         46.479       0.663247       0.803289
            699         17.114         49.670       0.743738       0.803289
            700          6.103        105.014       0.945075       0.803289
            701         16.129        105.672       0.867577       0.803289
            702         42.768        120.061       0.737345       0.803289
            703         31.972         84.641       0.725830       0.803289
            704         43.779        107.691       0.710972       0.803289
            705         30.917         67.327       0.685302       0.803289
            706         17.714         60.019       0.772121       0.803289
            707          4.763         88.171       0.948745       0.803289
            708         19.695         88.008       0.817138       0.803289
            709         -5.352         92.506       1.061403       0.803289
            710         12.438         76.092       0.859500       0.803289
            711          8.109         68.883       0.894677       0.803289
            712         23.887         44.311       0.649738       0.803289
            713          8.768         91.077       0.912183       0.803289
            714         -8.830        112.079       1.085525       0.803289
            715         27.942         88.578       0.760196       0.803289
            716         14.248         97.985       0.873051       0.803289
            717          3.509         43.433       0.925254       0.803289
            718         28.230         46.900       0.624248       0.803289
            719         23.427         85.747       0.785417       0.803289
            720         26.643         60.649       0.694787       0.803289
            721         15.056         86.657       0.851976       0.803289
            722         53.265         47.663       0.472248       0.803289
            723         38.325         74.903       0.661521       0.803289
            724         12.818         93.575       0.879520       0.803289
            725         21.648        111.944       0.837954       0.803289
            726         15.192         88.795       0.853909       0.803289
            727         20.755         50.006       0.706688       0.803289
            728         23.731        104.846       0.815432       0.803289
            729         30.794         46.805       0.603165       0.803289
            730         37.465         67.713       0.643793       0.803289
            731         22.868         85.616       0.789202       0.803289
            732         50.032         67.253       0.573416       0.803289
            733         25.362         93.799       0.787160       0.803289
            734         10.687        111.475       0.912518       0.803289
            735         12.961         86.371       0.869520       0.803289
            736         14.760         77.302       0.839669       0.803289
            737         20.210         83.617       0.805351       0.803289
            738         22.333        107.629       0.828160       0.803289
            739         26.867        106.624       0.798738       0.803289
            740         17.262         62.671       0.784045       0.803289
            741         22.189         98.346       0.815913       0.803289
            742         26.328        106.258       0.801428       0.803289
            743         22.857         68.347       0.749387       0.803289
            744         19.249         73.464       0.792381       0.803289
            745         11.206         70.639       0.863087       0.803289
            746         12.203         57.276       0.824360       0.803289
            747         14.428        107.350       0.881523       0.803289
            748         -5.413         81.421       1.071214       0.803289
            749          9.316        125.903       0.931103       0.803289
            750         28.432         53.666       0.653679       0.803289
            751         -6.506         66.084       1.109195       0.803289
            752         43.244         36.573       0.458215       0.803289
            753         30.042         76.506       0.718043       0.803289
            754         37.285        104.386       0.736820       0.803289
            755         17.585         50.502       0.741732       0.803289
            756         -2.352         92.905       1.025972       0.803289
            757         25.719         97.985       0.792091       0.803289
            758         24.210         57.588       0.704028       0.803289
            759         -5.600        103.029       1.057476       0.803289
            760         36.754         68.423       0.650550       0.803289
            761         14.894         74.685       0.833732       0.803289
            762          7.760         76.558       0.907967       0.803289
            763         26.409        126.238       0.826992       0.803289
            764         31.434        124.790       0.798787       0.803289
            765         15.039         84.424       0.848802       0.803289
            766         21.710         43.571       0.667439       0.803289
            767         40.016         80.838       0.668887       0.803289
            768         16.072         27.359       0.629944       0.803289
            769         24.948        107.776       0.812028       0.803289
            770         17.445         52.181       0.749444       0.803289
            771         11.876        105.081       0.898455       0.803289
            772         20.849         88.785       0.809834       0.803289
            773         22.970         85.658       0.788548       0.803289
            774         26.123         78.225       0.749655       0.803289
            775         19.139         72.254       0.790589       0.803289
            776         14.393         85.245       0.855551       0.803289
            777         42.427         54.448       0.562046       0.803289
            778         16.377         58.583       0.781524       0.803289
            779         15.136         78.222       0.837874       0.803289
            780         21.278         79.776       0.789440       0.803289
            781          0.167         57.537       0.997111       0.803289
            782         23.618         86.853       0.786209       0.803289
            783         15.779         70.542       0.817210       0.803289
            784         24.847         74.042       0.748738       0.803289
            785         22.038         57.705       0.723639       0.803289
            786         45.170         83.694       0.649473       0.705149
            787         35.285         71.298       0.668943       0.705149
            788         28.552         72.031       0.716134       0.705149
            789         57.884         46.439       0.445144       0.705149
            790         14.656         83.535       0.850738       0.705149
            791         22.020         71.913       0.765575       0.705149
            792         26.762         48.730       0.645502       0.705149
            793         40.646         73.246       0.643118       0.705149
            794         35.445         78.832       0.689834       0.705149
            795          2.378         86.779       0.973325       0.705149
            796         37.344        107.048       0.741368       0.705149
            797         23.524          5.340       0.185015       0.705149
            798         34.569         48.287       0.582777       0.705149
            799         26.936         67.889       0.715937       0.705149
            800         46.233         42.984       0.481792       0.705149
            801         31.745         68.267       0.682585       0.705149
            802         37.031         66.895       0.643678       0.705149
            803         15.172        116.081       0.884407       0.705149
            804         63.549         95.222       0.599744       0.705149
            805         21.023        106.593       0.835261       0.705149
            806         21.327         67.531       0.759986       0.705149
            807         26.030         60.011       0.697467       0.705149
            808         13.600         57.344       0.808302       0.705149
            809         31.241         91.974       0.746454       0.705149
            810         21.731         89.074       0.803883       0.705149
            811         25.022         54.864       0.686780       0.705149
            812         40.029         63.341       0.612762       0.705149
            813         44.360         93.939       0.679243       0.705149
            814         40.201        111.571       0.735119       0.705149
            815          6.760         88.963       0.929380       0.705149
            816         14.041         73.529       0.839656       0.705149
            817         12.883         63.085       0.830414       0.705149
            818         -1.094         43.629       1.025721       0.705149
            819         20.665         52.366       0.717039       0.705149
            820         14.929         70.281       0.824801       0.705149
            821          5.360         69.504       0.928408       0.705149
            822         22.136         56.751       0.719401       0.705149
            823         21.323        109.376       0.836854       0.705149
            824         19.178         65.796       0.774304       0.705149
            825         36.587         91.273       0.713849       0.705149
            826         -8.206         30.108       1.374706       0.705149
            827         36.170         64.633       0.641179       0.705149
            828         19.691        104.023       0.840837       0.705149
            829         25.818         45.125       0.636075       0.705149
            830          5.434         63.734       0.921444       0.705149
            831         14.366         73.605       0.836699       0.705149
            832         35.053         35.840       0.505556       0.705149
            833         33.434         89.456       0.727936       0.705149
            834         21.051         56.154       0.727331       0.705149
            835         30.029         91.556       0.753019       0.705149
            836         39.106         88.227       0.692884       0.705149
            837         47.356         55.749       0.540704       0.705149
            838         22.527         40.500       0.642587       0.705149
            839         23.503         62.398       0.726394       0.705149
            840         28.861         46.250       0.615754       0.705149
            841         26.287        109.987       0.807102       0.705149
            842         41.057         73.824       0.642613       0.705149
            843         33.105         24.511       0.425423       0.705149
            844         28.823         60.040       0.675651       0.705149
            845         31.407         83.466       0.726598       0.705149
            846          1.020         34.996       0.971680       0.705149
            847         27.818         90.888       0.765654       0.705149
            848         39.327         77.730       0.664037       0.705149
            849         46.830         87.751       0.652031       0.705149
            850         48.258         56.065       0.537415       0.705149
            851         34.522         63.837       0.649018       0.705149
            852         25.969         60.665       0.700247       0.705149
            853         33.960         45.731       0.573857       0.705149
            854         19.422         98.867       0.835807       0.705149
            855         47.006         52.197       0.526167       0.705149
            856         17.815         71.380       0.800271       0.705149
            857         25.151         97.558       0.795035       0.705149
            858         31.261         65.365       0.676475       0.705149
            859         27.096         97.102       0.781834       0.705149
            860         41.070         41.839       0.504640       0.705149
            861         38.337        104.933       0.732413       0.705149
            862         -4.125         85.311       1.050813       0.705149
            863         61.043         82.941       0.576043       0.705149
            864         23.143         56.210       0.708357       0.705149
            865         46.953         81.365       0.634089       0.705149
            866         26.567         65.731       0.712158       0.705149
            867         29.266         70.943       0.707950       0.705149
            868         43.889         47.551       0.520025       0.705149
            869         12.955         29.169       0.692455       0.705149
            870         36.837         77.238       0.677081       0.705149
            871         12.963         51.142       0.797786       0.705149
            872         25.377         89.272       0.778654       0.705149
            873        -12.062         72.290       1.200272       0.705149
            874         51.411         64.221       0.555392       0.705149
            875         42.295         81.024       0.657028       0.705149
            876         33.569         67.992       0.669471       0.705149
            877         31.053         69.492       0.691153       0.705149
            878         19.714         65.696       0.769182       0.705149
            879         31.564         77.662       0.711019       0.705149
            880          3.156         79.113       0.961640       0.705149
            881         48.912         83.058       0.629373       0.705149
            882         34.879         70.030       0.667532       0.705149
            883         30.829         92.166       0.749347       0.705149
            884         35.722         43.087       0.546732       0.705149
            885         28.749        102.841       0.781525       0.705149
            886         28.243        105.568       0.788931       0.705149
            887         17.355         34.019       0.662184       0.705149
            888         34.277         35.054       0.505610       0.705149
            889         11.010         49.471       0.817964       0.705149
            890         38.135         54.803       0.589674       0.705149
            891         39.547        127.977       0.763935       0.705149
            892          1.882         85.053       0.978354       0.705149
            893         35.627         64.321       0.643544       0.705149
            894         58.407         69.288       0.542607       0.705149
            895         30.647         60.386       0.663345       0.705149
            896         46.407         81.570       0.637378       0.705149
            897         27.841         70.711       0.717500       0.705149
            898         10.385         65.811       0.863711       0.705149
            899         17.407         86.688       0.832776       0.705149
            900         15.493         57.556       0.787912       0.705149
            901         35.625         69.893       0.662381       0.705149
            902          8.832         69.637       0.887449       0.705149
            903          7.271         48.821       0.870371       0.705149
            904         26.968         83.349       0.755539       0.705149
            905         19.598        110.694       0.849581       0.705149
            906         39.354         78.098       0.664936       0.705149
            907         53.596         78.206       0.593359       0.705149
            908         26.318         64.759       0.711035       0.705149
            909         13.644         19.267       0.585416       0.705149
            910         40.845         96.718       0.703084       0.705149
            911         28.184         67.639       0.705875       0.705149
            912         30.157         81.444       0.729774       0.705149
            913         38.224         97.154       0.717648       0.705149
            914         22.140         62.527       0.738501       0.705149
            915         24.477         62.327       0.718019       0.705149
            916         -1.646         77.318       1.021747       0.705149
            917         29.594         58.489       0.664020       0.705149
            918         31.053        111.949       0.782852       0.705149
            919         41.687         55.921       0.572913       0.705149
            920         53.150         81.593       0.605545       0.705149
            921         48.677         62.449       0.561965       0.705149
            922         38.097         58.200       0.604383       0.705149
            923         18.428         93.625       0.835542       0.705149
            924         15.646        112.151       0.877572       0.705149
            925         23.810         93.563       0.797140       0.705149
            926         21.580         49.912       0.698147       0.705149
            927         43.256         31.388       0.420504       0.705149
            928         32.900         86.217       0.723800       0.705149
            929         47.187         66.852       0.586219       0.705149
            930         29.668         82.081       0.734513       0.705149
            931         23.648         52.936       0.691219       0.705149
            932         16.228        103.573       0.864542       0.705149
            933         25.162         34.492       0.578199       0.705149
            934         22.010         93.587       0.809598       0.705149
            935         26.812         46.505       0.634300       0.705149
            936         19.741         56.856       0.742278       0.803289
            937          7.199         99.335       0.932430       0.803289
            938         20.170         56.392       0.736558       0.803289
            939         28.619        107.236       0.789341       0.803289
            940          6.242         76.701       0.924745       0.803289
            941         32.240        101.935       0.759714       0.803289
            942         39.736         82.710       0.675482       0.803289
            943         34.247         75.509       0.687975       0.803289
            944         18.712        102.298       0.845367       0.803289
            945         -4.827         93.181       1.054636       0.803289
            946         -0.820         71.262       1.011634       0.803289
            947         16.212         77.223       0.826486       0.803289
            948         26.574         46.155       0.634618       0.803289
            949         36.428         82.211       0.692950       0.803289
            950         10.199         53.671       0.840323       0.803289
            951          7.643         68.423       0.899515       0.803289
            952         10.568         44.407       0.807760       0.803289
            953         36.448         93.119       0.718693       0.803289
            954          6.725        116.039       0.945217       0.803289
            955         22.170         57.347       0.721193       0.803289
            956         22.235        131.049       0.854940       0.803289
            957         14.728         68.437       0.822908       0.803289
            958         14.109         51.604       0.785295       0.803289
            959         15.345        116.071       0.883237       0.803289
            960         31.800         79.510       0.714312       0.803289
            961         19.055         76.725       0.801055       0.803289
            962         -5.500         68.448       1.087379       0.803289
            963         30.783         87.173       0.739030       0.803289
            964         41.010         90.487       0.688128       0.803289
            965         27.249         60.076       0.687955       0.803289
            966         24.771         42.321       0.630788       0.803289
            967         13.692         82.926       0.858287       0.803289
            968         11.502         61.798       0.843084       0.803289
            969         21.055         71.072       0.771458       0.803289
            970         18.552         93.050       0.833768       0.803289
            971         25.621         81.251       0.760263       0.803289
            972         32.980         66.573       0.668717       0.803289
            973         31.431         99.761       0.760420       0.803289
            974         13.837         97.262       0.875450       0.803289
            975          7.579        116.355       0.938846       0.803289
            976         62.684         33.000       0.344887       0.705149
            977         39.026         49.533       0.559323       0.705149
            978         44.101         59.896       0.575941       0.705149
            979         21.408        108.763       0.835542       0.705149
            980         30.683         72.996       0.704059       0.705149
            981         38.378         58.056       0.602027       0.705149
            982         40.551         49.497       0.549674       0.705149
            983         58.379         51.251       0.467490       0.705149
            984         81.220         93.750       0.535808       0.705149
            985         44.201         67.593       0.604622       0.705149
            986         38.177         68.093       0.640755       0.705149
            987         18.461         66.488       0.782682       0.705149
            988         17.262         66.175       0.793114       0.705149
            989         31.024         43.984       0.586387       0.705149
            990         36.706         64.052       0.635701       0.705149
            991         30.578         60.117       0.662850       0.705149
            992         32.635         32.279       0.497258       0.705149
            993         18.246         66.217       0.783980       0.705149
            994         31.683         63.155       0.665922       0.705149
            995         12.428         86.312       0.874131       0.705149
            996         15.050         81.099       0.843468       0.705149
            997         17.894        105.842       0.855388       0.705149
            998          5.604        102.634       0.948229       0.705149
            999         20.400         63.656       0.757304       0.705149
           1000         30.544         34.065       0.527247       0.705149
