              1         40.771         73.012       0.641678       0.696134
              2         19.320        106.624       0.846596       0.696134
              3         30.885         83.133       0.729122       0.696134
              4         23.449         62.911       0.728478       0.696134
              5         36.435         39.747       0.521736       0.696134
              6         13.042         86.703       0.869245       0.696134
              7         11.486         65.387       0.850584       0.696134
              8         29.613         84.162       0.739725       0.696134
              9         18.830         83.434       0.815867       0.696134
             10         -5.205         51.938       1.111368       0.696134
             11         20.950         27.786       0.570136       0.696134
             12         26.945         68.018       0.716258       0.696134
             13         29.978         63.995       0.680993       0.696134
             14         24.081        103.829       0.811735       0.696134
             15         31.269         47.783       0.604448       0.696134
             16         18.802         64.870       0.775293       0.696134
             17         17.125        121.625       0.876579       0.696134
             18         50.620         57.900       0.533541       0.696134
             19          4.087         62.769       0.938868       0.696134
             20         28.263         53.640       0.654923       0.696134
             21         52.201        103.473       0.664675       0.696134
             22         43.209        116.452       0.729370       0.696134
             23         39.287         63.152       0.616486       0.696134
             24         19.278         75.384       0.796352       0.696134
             25         13.960         71.686       0.837000       0.696134
             26         58.695         87.813       0.599374       0.696134
             27         30.678        127.783       0.806399       0.696134
             28         21.319         43.167       0.669406       0.696134
             29         32.183         57.614       0.641600       0.696134
             30         27.465        105.987       0.794194       0.696134
             31         36.755         74.644       0.670061       0.696134
             32         35.325         43.021       0.549113       0.696134
             33         24.959         77.236       0.755771       0.696134
             34         55.063        114.415       0.675104       0.696134
             35         34.471         65.280       0.654429       0.696134
             36         54.987         60.895       0.525490       0.696134
             37         38.647         96.362       0.713745       0.696134
             38         11.854         53.429       0.818424       0.696134
             39         23.282         53.318       0.696062       0.696134
             40         47.655         82.471       0.633776       0.696134
             41         25.442         77.905       0.753822       0.696134
             42         20.664         84.778       0.804023       0.696134
             43         46.646         90.816       0.660660       0.696134
             44         28.893         38.507       0.571320       0.696134
             45         28.015         79.513       0.739466       0.696134
             46         36.544         62.055       0.629365       0.696134
             47         41.946         68.394       0.619848       0.696134
             48         43.883         36.486       0.453979       0.696134
             49         21.516         67.144       0.757318       0.696134
             50         43.134         86.388       0.666975       0.696134
             51         28.683         70.885       0.711925       0.696134
             52         19.593         65.507       0.769766       0.696134
             53         55.546         60.563       0.521605       0.696134
             54         34.404         83.599       0.708448       0.696134
             55         44.291         42.369       0.488907       0.696134
             56         -0.250         85.228       1.002937       0.696134
             57         35.702         51.022       0.588327       0.696134
             58         19.618        104.250       0.841624       0.696134
             59         28.199         80.965       0.741679       0.696134
             60         21.197         89.439       0.808410       0.696134
             61         -2.952         56.585       1.055037       0.696134
             62         32.560         48.331       0.597481       0.696134
             63         14.522         93.611       0.865706       0.696134
             64         33.795         47.777       0.585706       0.696134
             65         17.685         55.916       0.759723       0.696134
             66         27.966         82.274       0.746314       0.696134
             67         29.357         61.223       0.675900       0.696134
             68         32.561         55.880       0.631832       0.696134
             69         46.587         63.670       0.577469       0.696134
             70         23.158         55.654       0.706157       0.696134
             71         22.041         38.730       0.637316       0.696134
             72         24.099         43.271       0.642287       0.696134
             73         21.422         42.627       0.665534       0.696134
             74         15.095         70.451       0.823541       0.696134
             75         23.233         44.799       0.658499       0.696134
             76         19.468         49.331       0.717032       0.696134
             77         19.236         97.866       0.835731       0.696134
             78         -5.152        109.985       1.049145       0.696134
             79         33.062         60.829       0.647872       0.696134
             80         61.296         40.839       0.399851       0.696134
             81         22.522         75.369       0.769927       0.696134
             82          9.625        103.732       0.915089       0.696134
             83         35.848         27.285       0.432182       0.696134
             84         33.910         76.622       0.693211       0.696134
             85         48.822         29.371       0.375625       0.696134
             86         27.900         52.617       0.653492       0.696134
             87          7.763         25.701       0.768014       0.696134
             88         31.601         46.933       0.597613       0.696134
             89         25.956        101.216       0.795901       0.696134
             90         21.312        113.675       0.842117       0.696134
             91         16.982         59.023       0.776573       0.696134
             92         40.966         54.597       0.571321       0.696134
             93         74.077         37.835       0.338078       0.696134
             94         38.051         68.108       0.641568       0.696134
             95         10.069         55.316       0.846000       0.696134
             96         38.627         77.833       0.668325       0.696134
             97         32.379         58.750       0.644691       0.696134
             98         41.868         63.347       0.602076       0.696134
             99         42.821         73.746       0.632648       0.696134
            100         44.723         42.828       0.489179       0.696134
            101         27.759         46.957       0.628468       0.696134
            102         31.682         64.435       0.670383       0.696134
            103         24.673         73.635       0.749028       0.696134
            104         28.100         40.210       0.588641       0.696134
            105         31.326         51.159       0.620224       0.696134
            106         33.884         96.465       0.740051       0.696134
            107         34.364         72.906       0.679651       0.696134
            108         40.822         43.004       0.513020       0.696134
            109         31.074         43.659       0.584200       0.696134
            110         14.858         64.942       0.813814       0.696134
            111         36.643         30.689       0.455789       0.696134
            112         55.150         88.687       0.616580       0.696134
            113         17.599         67.052       0.792099       0.696134
            114         38.347         67.730       0.638497       0.696134
            115         18.980         95.934       0.834833       0.696134
            116         25.709         68.976       0.728475       0.696134
            117         19.026         60.025       0.759322       0.696134
            118          7.529         97.927       0.928603       0.696134
            119         37.258         40.300       0.519610       0.696134
            120         27.119         37.821       0.582397       0.696134
            121         34.101         54.972       0.617154       0.696134
            122         29.797         55.590       0.651040       0.696134
            123         26.509         45.247       0.630565       0.696134
            124         57.986         81.244       0.583522       0.696134
            125         18.680         71.159       0.792070       0.696134
            126          3.703         93.066       0.961729       0.696134
            127         36.344         53.959       0.597537       0.696134
            128         12.461         86.389       0.873944       0.696134
            129         40.736         62.670       0.606057       0.696134
            130         32.824         57.686       0.637343       0.696134
            131         32.049         62.247       0.660122       0.696134
            132         38.804         99.245       0.718910       0.696134
            133         41.561         93.932       0.693264       0.696134
            134         14.619         44.299       0.751873       0.696134
            135         17.688         70.529       0.799492       0.696134
            136         21.925         56.636       0.720919       0.696134
            137         33.288         43.444       0.566181       0.696134
            138         16.454         46.020       0.736624       0.696134
            139         46.607         86.881       0.650854       0.696134
            140         10.608         50.040       0.825083       0.696134
            141         19.915         75.208       0.790641       0.696134
            142         52.975         55.395       0.511163       0.696134
            143         39.533         63.764       0.617291       0.696134
            144         46.907         83.476       0.640237       0.696134
            145         11.977         56.055       0.823945       0.696134
            146         15.592         82.552       0.841135       0.696134
            147         36.765        100.991       0.733114       0.696134
            148         35.292         38.201       0.519791       0.696134
            149          3.446         64.233       0.949089       0.696134
            150         42.366         56.769       0.572640       0.696134
            151         47.600         74.589       0.610439       0.696134
            152         40.898         70.958       0.634370       0.696134
            153         38.344         64.513       0.627208       0.696134
            154         30.426         49.415       0.618915       0.696134
            155         23.758         97.070       0.803371       0.696134
            156         34.922         58.761       0.627233       0.696134
            157         29.522         92.887       0.758824       0.696134
            158         14.234         56.793       0.799596       0.696134
            159         31.724         49.809       0.610908       0.696134
            160         24.650         60.439       0.710304       0.696134
            161         52.861         61.648       0.538369       0.696134
            162         21.329         64.703       0.752084       0.696134
            163         31.080         56.560       0.645367       0.696134
            164         43.536         88.444       0.670129       0.696134
            165         26.737         70.507       0.725053       0.696134
            166         20.586         76.308       0.787541       0.696134
            167         33.547         89.244       0.726796       0.696134
            168         37.887         42.587       0.529200       0.696134
            169         42.112         37.769       0.472812       0.696134
            170         23.403         80.250       0.774218       0.696134
            171          7.208         92.795       0.927927       0.696134
            172         16.364         28.285       0.633490       0.696134
            173         15.506         49.552       0.761659       0.696134
            174         34.785         37.293       0.517400       0.696134
            175         33.357         68.929       0.673883       0.696134
            176         11.124         60.907       0.845564       0.696134
            177         26.352         45.885       0.635205       0.696134
            178         42.507         66.969       0.611720       0.696134
            179         21.725         66.570       0.753949       0.696134
            180         31.283         80.847       0.721009       0.696134
            181         47.518         59.576       0.556295       0.696134
            182         16.532         51.458       0.756845       0.696134
            183         14.869         42.403       0.740386       0.696134
            184         42.539        113.347       0.727118       0.696134
            185         39.493         50.904       0.563116       0.696134
            186         48.332         96.771       0.666914       0.696134
            187         37.842         70.870       0.651907       0.696134
            188          9.841         77.118       0.886829       0.696134
            189          5.138         72.368       0.933706       0.696134
            190         27.017         57.694       0.681072       0.696134
            191         45.256         47.757       0.513442       0.696134
            192         26.948         39.467       0.594251       0.696134
            193         29.200         60.774       0.675459       0.696134
            194         27.528         53.055       0.658393       0.696134
            195         11.455         81.798       0.877163       0.696134
            196         17.274         84.729       0.830648       0.696134
            197         30.469         40.685       0.571793       0.696134
            198         42.490         79.666       0.652165       0.696134
            199         17.691         69.554       0.797228       0.696134
            200         39.225         38.201       0.493393       0.696134
            201         18.156         69.877       0.793764       0.696134
            202         49.937        107.501       0.682816       0.696134
            203         46.403         99.826       0.682671       0.696134
            204         28.922         83.246       0.742152       0.696134
            205         16.783         76.642       0.820361       0.696134
            206         24.197         66.616       0.733549       0.696134
            207         29.784         46.014       0.607062       0.696134
            208         26.148         79.749       0.753078       0.696134
            209         28.716         39.612       0.579733       0.696134
            210         18.132        108.914       0.857281       0.807310
            211         18.990        121.812       0.865129       0.807310
            212         14.971         93.034       0.861385       0.807310
            213         14.455        114.368       0.887789       0.807310
            214          0.066         53.216       0.998758       0.807310
            215          6.913         90.990       0.929391       0.807310
            216         32.238        118.013       0.785438       0.807310
            217         18.683         82.020       0.814470       0.807310
            218         11.099         73.273       0.868454       0.807310
            219         34.991         71.647       0.671872       0.807310
            220         45.663         51.255       0.528848       0.807310
            221         16.597         89.749       0.843936       0.807310
            222         34.535        115.638       0.770034       0.807310
            223         42.121         58.341       0.580726       0.807310
            224         13.044         84.710       0.866559       0.807310
            225         15.321         93.994       0.859845       0.807310
            226         22.510        112.509       0.833284       0.807310
            227          2.783         81.124       0.966830       0.807310
            228         -1.926        110.427       1.017748       0.807310
            229         37.106         76.208       0.672541       0.807310
            230         16.163         69.326       0.810935       0.807310
            231          6.056         60.354       0.908807       0.807310
            232         14.366         83.488       0.853188       0.807310
            233         19.830         73.493       0.787516       0.807310
            234         30.746         87.286       0.739514       0.807310
            235         41.746         97.892       0.701041       0.807310
            236         23.604        117.800       0.833072       0.807310
            237         19.891        118.183       0.855939       0.807310
            238         30.449         63.666       0.676475       0.807310
            239         28.202         84.931       0.750719       0.807310
            240         28.367         96.038       0.771977       0.807310
            241         37.444        102.111       0.731691       0.807310
            242         35.318         61.508       0.635245       0.807310
            243         12.940        126.442       0.907162       0.807310
            244         40.204         54.943       0.577454       0.807310
            245          2.160         58.602       0.964459       0.807310
            246         24.639         88.499       0.782222       0.807310
            247         35.657         57.610       0.617692       0.807310
            248         16.560         96.178       0.853113       0.807310
            249          3.256         93.027       0.966180       0.807310
            250         11.617         65.763       0.849873       0.807310
            251         38.295         73.462       0.657340       0.696134
            252         17.739         58.695       0.767921       0.696134
            253         59.080         67.745       0.534160       0.696134
            254         32.149         87.755       0.731878       0.696134
            255         24.479         96.236       0.797220       0.696134
            256         56.401         86.988       0.606655       0.696134
            257         47.192         69.935       0.597088       0.696134
            258         45.347         68.299       0.600979       0.696134
            259         31.328         33.141       0.514060       0.696134
            260         36.491         60.360       0.623224       0.696134
            261         46.672         90.691       0.660227       0.696134
            262         22.721         44.477       0.661876       0.696134
            263         32.866         86.301       0.724204       0.696134
            264         45.469         84.939       0.651331       0.696134
            265         41.975        106.884       0.718023       0.696134
            266         34.800         71.005       0.671097       0.696134
            267         37.205         86.503       0.699250       0.696134
            268         51.151         64.914       0.559290       0.696134
            269         63.597         71.021       0.527572       0.696134
            270         24.652         78.512       0.761039       0.696134
            271         40.177         61.170       0.603572       0.696134
            272         34.003         24.975       0.423465       0.696134
            273          0.882         84.071       0.989620       0.696134
            274         47.240         29.542       0.384755       0.696134
            275         14.155         57.043       0.801183       0.696134
            276         46.772         76.190       0.619626       0.696134
            277         14.938         45.805       0.754084       0.696134
            278         18.592         17.987       0.491726       0.696134
            279         28.738         71.035       0.711967       0.696134
            280         35.710        102.933       0.742429       0.696134
            281         46.764         74.207       0.613428       0.696134
            282         31.199         95.618       0.753982       0.696134
            283         21.970         67.782       0.755216       0.696134
            284         34.542         60.772       0.637596       0.696134
            285         33.595         87.489       0.722547       0.696134
            286         32.176         64.648       0.667685       0.696134
            287          3.300         46.184       0.933315       0.696134
            288          6.686        116.295       0.945637       0.696134
            289         23.657         92.655       0.796610       0.696134
            290         13.733         90.976       0.868850       0.696134
            291         23.584         71.433       0.751794       0.696134
            292         14.535         50.929       0.777969       0.696134
            293         40.026         63.504       0.613387       0.696134
            294         41.700         44.524       0.516379       0.696134
            295         18.066         99.462       0.846282       0.696134
            296         26.951         75.647       0.737317       0.696134
            297         27.687         82.027       0.747646       0.696134
            298         13.405         54.044       0.801260       0.696134
            299         41.409         65.914       0.614168       0.696134
            300         28.661         59.077       0.673331       0.696134
            301         33.180         60.543       0.645980       0.696134
            302         37.346         94.070       0.715819       0.696134
            303          8.667         65.117       0.882540       0.696134
            304         44.594         70.191       0.611501       0.696134
            305         15.228         36.075       0.703183       0.696134
            306         32.473         50.654       0.609358       0.696134
            307         17.246         94.825       0.846112       0.696134
            308         19.901         71.710       0.782766       0.696134
            309         21.241         86.472       0.802799       0.696134
            310         25.900         70.420       0.731104       0.696134
            311         43.208        103.911       0.706308       0.696134
            312         42.623         71.164       0.625414       0.696134
            313         55.353         78.372       0.586069       0.696134
            314         32.824         64.180       0.661626       0.696134
            315         31.382         85.390       0.731253       0.696134
            316         28.424         88.279       0.756442       0.696134
            317         29.128         39.146       0.573367       0.696134
            318         19.261         89.299       0.822579       0.696134
            319         52.372         66.583       0.559733       0.696134
            320         42.904         99.192       0.698062       0.696134
            321         37.863         63.438       0.626231       0.696134
            322         55.107         83.038       0.601094       0.696134
            323         18.877         79.175       0.807476       0.696134
            324         58.356        121.703       0.675907       0.696134
            325         50.491         79.153       0.610542       0.696134
            326         49.755         59.666       0.545288       0.696134
            327         26.747         51.966       0.660201       0.696134
            328         24.429         64.726       0.725996       0.696134
            329         21.745         50.380       0.698509       0.696134
            330          6.079        115.757       0.950108       0.696134
            331         22.340         62.846       0.737747       0.696134
            332         33.957         66.988       0.663606       0.696134
            333         44.023         56.692       0.562891       0.696134
            334         30.442         49.092       0.617244       0.696134
            335         26.416         81.626       0.755504       0.696134
            336         35.857         60.674       0.628549       0.696134
            337         16.217         25.446       0.610763       0.696134
            338         42.877         63.981       0.598747       0.696134
            339         59.006         42.514       0.418775       0.696134
            340         39.321         69.224       0.637744       0.696134
            341         43.202         77.656       0.642540       0.696134
            342         37.339         35.377       0.486510       0.696134
            343         27.399         48.417       0.638616       0.696134
            344         40.383         91.635       0.694111       0.696134
            345         28.743         75.296       0.723729       0.696134
            346         -8.427         74.131       1.128258       0.696134
            347         21.812         98.643       0.818923       0.696134
            348         19.981         53.506       0.728096       0.696134
            349         51.943         49.793       0.489433       0.696134
            350         26.424         65.574       0.712777       0.696134
            351         37.261         69.405       0.650677       0.696134
            352         18.997         78.123       0.804394       0.696134
            353         49.003         74.274       0.602500       0.696134
            354         31.315         79.836       0.718267       0.696134
            355         49.144         26.827       0.353125       0.696134
            356         27.704         90.181       0.764988       0.696134
            357         53.531         69.446       0.564708       0.696134
            358         14.971         38.907       0.722128       0.696134
            359          6.819         80.066       0.921521       0.696134
            360         27.983         61.085       0.685823       0.696134
            361         10.351         57.658       0.847801       0.696134
            362         32.796         75.146       0.696170       0.696134
            363          4.351         58.486       0.930759       0.696134
            364         15.904         62.298       0.796627       0.696134
            365         23.367         71.085       0.752606       0.696134
            366         49.041         91.779       0.651750       0.696134
            367         47.353         94.398       0.665943       0.696134
            368         61.473         78.180       0.559819       0.696134
            369         33.510         71.098       0.679661       0.696134
            370         27.540         74.520       0.730159       0.696134
            371         37.507         80.252       0.681493       0.696134
            372         26.055        103.969       0.799613       0.696134
            373         34.478         38.743       0.529124       0.696134
            374         42.770         55.310       0.563930       0.696134
            375         32.372         63.393       0.661964       0.696134
            376         11.800         66.024       0.848377       0.696134
            377         48.873         68.121       0.582263       0.696134
            378         45.121         74.139       0.621656       0.696134
            379         10.542         46.838       0.816282       0.696134
            380         26.855         78.074       0.744068       0.696134
            381         27.307         89.125       0.765466       0.696134
            382         37.827         94.130       0.713338       0.696134
            383         16.216         99.347       0.859680       0.696134
            384         19.389         33.169       0.631090       0.696134
            385         21.069         93.173       0.815575       0.696134
            386         34.461         72.002       0.676313       0.696134
            387         39.724         47.323       0.543652       0.696134
            388         18.370         47.633       0.721677       0.696134
            389         -6.921         57.732       1.136216       0.696134
            390         53.892         65.525       0.548709       0.696134
            391         34.103         88.033       0.720779       0.696134
            392         19.790         79.370       0.800422       0.696134
            393         19.998         50.896       0.717913       0.696134
            394         37.343         78.429       0.677442       0.696134
            395         10.084         65.842       0.867183       0.696134
            396         52.219         93.154       0.640794       0.696134
            397         28.615         53.824       0.652899       0.696134
            398         29.226         79.483       0.731151       0.696134
            399         35.292         88.943       0.715928       0.696134
            400          7.008         69.345       0.908221       0.696134
            401         17.707         94.629       0.842376       0.696134
            402         40.865         87.299       0.681152       0.696134
            403          6.434         77.300       0.923158       0.696134
            404         26.811         96.122       0.781903       0.696134
            405         39.610        104.792       0.725697       0.696134
            406         36.692         55.958       0.603975       0.696134
            407         14.770         99.364       0.870590       0.696134
            408         25.782         58.616       0.694521       0.696134
            409         41.794         47.811       0.533580       0.696134
            410         52.972        100.025       0.653772       0.696134
            411         32.859         71.747       0.685880       0.696134
            412         30.972         44.021       0.587000       0.696134
            413         50.470         65.444       0.564590       0.696134
            414         23.704         55.142       0.699366       0.696134
            415         23.885         52.348       0.686678       0.696134
            416         21.823         77.640       0.780589       0.696134
            417          1.480         96.614       0.984916       0.696134
            418         41.427         84.295       0.670486       0.696134
            419         30.909         71.537       0.698291       0.696134
            420         45.163         59.693       0.569289       0.696134
            421         35.388         93.149       0.724688       0.696134
            422         42.167         43.052       0.505192       0.696134
            423         29.209         53.923       0.648641       0.696134
            424         32.360         77.177       0.704577       0.696134
            425         39.011         71.763       0.647833       0.696134
            426         -2.031         77.173       1.027036       0.696134
            427         13.303         70.202       0.840691       0.696134
            428         39.903         68.439       0.631692       0.696134
            429         37.374         83.989       0.692048       0.696134
            430         -8.526         71.758       1.134842       0.696134
            431         38.026         75.069       0.663770       0.696134
            432         40.466         67.683       0.625831       0.696134
            433         41.953         56.755       0.574974       0.696134
            434         41.120         81.300       0.664105       0.696134
            435         41.851         68.158       0.619564       0.696134
            436         57.167         78.216       0.577739       0.696134
            437         21.845         46.032       0.678173       0.696134
            438         39.518         72.663       0.647728       0.696134
            439         49.635         51.153       0.507528       0.696134
            440         38.578        116.838       0.751776       0.696134
            441         11.049         71.672       0.866426       0.696134
            442         54.000         84.830       0.611035       0.696134
            443         34.715         55.382       0.614689       0.696134
            444         24.534         91.092       0.787814       0.696134
            445         29.994        122.407       0.803192       0.696134
            446         39.686         55.122       0.581405       0.696134
            447         20.851         90.913       0.813434       0.696134
            448         48.704         58.873       0.547266       0.696134
            449         33.860         35.289       0.510331       0.696134
            450         40.759         39.707       0.493466       0.696134
            451         23.706         65.975       0.735663       0.696134
            452         41.346         91.054       0.687721       0.696134
            453         28.510         98.983       0.776379       0.696134
            454         40.911         51.288       0.556273       0.696134
            455         14.316         87.189       0.858967       0.696134
            456         31.718         76.438       0.706738       0.696134
            457         49.690         89.507       0.643023       0.696134
            458         49.148        101.608       0.673989       0.696134
            459         43.853         65.073       0.597405       0.696134
            460         16.871         62.241       0.786745       0.696134
            461         45.613         54.351       0.543709       0.696134
            462         20.805         68.575       0.767227       0.696134
            463         57.507         66.052       0.534577       0.696134
            464         27.813         54.663       0.662776       0.696134
            465         13.827         61.893       0.817391       0.696134
            466         40.141         44.125       0.523642       0.696134
            467         38.463         73.135       0.655342       0.696134
            468         12.688         83.039       0.867458       0.696134
            469         25.103         66.582       0.726202       0.696134
            470         26.116         64.337       0.711272       0.696134
            471         41.671         76.666       0.647864       0.696134
            472         54.123         21.802       0.287155       0.696134
            473         21.117         57.229       0.730463       0.696134
            474         47.107         75.938       0.617154       0.696134
            475         13.426         65.525       0.829946       0.696134
            476         30.179         50.608       0.626436       0.696134
            477         44.154        110.200       0.713943       0.696134
            478         24.490         73.831       0.750919       0.696134
            479         39.633        101.644       0.719467       0.696134
            480         29.572        108.411       0.785686       0.696134
            481         30.486         96.026       0.759025       0.696134
            482         18.004         50.414       0.736854       0.696134
            483         48.923         71.634       0.594193       0.696134
            484         20.875         91.170       0.813689       0.696134
            485         39.054         51.710       0.569724       0.696134
            486         25.386         78.532       0.755714       0.696134
            487         25.308         87.658       0.775971       0.696134
            488         51.699         57.350       0.525908       0.696134
            489         67.389         63.711       0.485972       0.696134
            490         26.293         54.679       0.675286       0.696134
            491         34.653         53.216       0.605628       0.696134
            492         34.245         48.000       0.583623       0.696134
            493          5.886         58.451       0.908519       0.696134
            494         46.389         74.618       0.616641       0.696134
            495         39.242         75.191       0.657075       0.696134
            496         38.981         41.144       0.513496       0.696134
            497         46.521         65.873       0.586088       0.696134
            498         29.968         68.892       0.696869       0.696134
            499         31.585        120.657       0.792531       0.696134
            500         30.733         70.506       0.696432       0.696134
            501          2.711         77.664       0.966276       0.696134
            502          2.088         55.944       0.964018       0.696134
            503         29.342         97.181       0.768091       0.696134
            504         21.482         32.245       0.600167       0.696134
            505         37.312         66.704       0.641285       0.696134
            506         -6.251         56.548       1.124274       0.696134
            507         20.773         57.204       0.733601       0.696134
            508         24.690         67.139       0.731128       0.696134
            509         53.734         76.174       0.586366       0.696134
            510         33.381         49.166       0.595609       0.696134
            511         27.604         92.273       0.769729       0.696134
            512         29.035         59.594       0.672397       0.696134
            513         56.268         96.036       0.630554       0.696134
            514         27.450        113.820       0.805689       0.696134
            515         40.121         97.154       0.707731       0.696134
            516         41.299         99.600       0.706889       0.696134
            517         43.956         84.730       0.658426       0.696134
            518         13.965         70.079       0.833834       0.696134
            519         31.128         88.343       0.739449       0.696134
            520         11.222         33.582       0.749538       0.696134
            521         20.429         68.017       0.769024       0.696134
            522         37.385         78.683       0.677907       0.696134
            523         37.599         75.584       0.667806       0.696134
            524         50.502         87.181       0.633201       0.696134
            525          9.886         74.525       0.882881       0.696134
            526         31.216         43.024       0.579526       0.696134
            527         16.749        120.536       0.877997       0.696134
            528         32.595         70.653       0.684306       0.696134
            529         26.173         60.543       0.698174       0.696134
            530         22.062         12.505       0.361752       0.696134
            531         36.950         83.451       0.693106       0.696134
            532         36.640         76.194       0.675276       0.696134
            533         28.513         88.545       0.756422       0.696134
            534         27.959        117.485       0.807767       0.696134
            535         16.911         43.687       0.720935       0.696134
            536         41.042         80.256       0.661641       0.696134
            537         13.990         89.404       0.864693       0.696134
            538         13.335         83.326       0.862045       0.696134
            539         22.615        102.018       0.818549       0.696134
            540         30.773         84.364       0.732728       0.696134
            541         11.386        100.720       0.898434       0.696134
            542         27.436         95.899       0.777548       0.696134
            543         20.032         83.043       0.805660       0.696134
            544         10.273         74.521       0.878847       0.696134
            545         -3.774         87.759       1.044939       0.696134
            546          9.331         14.035       0.600662       0.696134
            547         24.249         97.236       0.800398       0.696134
            548         24.158         77.071       0.761352       0.696134
            549         52.972         78.052       0.595710       0.696134
            550         19.431         96.189       0.831944       0.696134
            551         24.873         98.329       0.798110       0.696134
            552         38.209         98.442       0.720392       0.696134
            553         35.443         51.763       0.593573       0.696134
            554         33.289         95.806       0.742138       0.696134
            555         25.014        123.543       0.831619       0.696134
            556         25.618         93.254       0.784491       0.696134
            557          6.806         64.338       0.904330       0.696134
            558         14.930         49.346       0.767715       0.696134
            559         18.426         39.132       0.679870       0.696134
            560         37.078         83.832       0.693344       0.696134
            561         30.779         63.355       0.673031       0.696134
            562         26.180         36.344       0.581275       0.696134
            563         34.167         48.834       0.588355       0.696134
            564          9.384         36.912       0.797309       0.696134
            565         17.900         86.873       0.829157       0.696134
            566         13.624         89.610       0.868023       0.696134
            567         29.765        101.751       0.773677       0.696134
            568          5.827        102.151       0.946036       0.696134
            569         17.164         88.199       0.837100       0.696134
            570         12.702         44.956       0.779704       0.696134
            571         29.618         75.409       0.717994       0.696134
            572         37.010         59.829       0.617819       0.696134
            573         14.308         68.593       0.827408       0.696134
            574          8.514         67.025       0.887288       0.696134
            575         24.628         70.983       0.742416       0.696134
            576         31.140        137.257       0.815081       0.696134
            577         25.719         83.535       0.764598       0.696134
            578         34.320         83.066       0.707634       0.696134
            579         10.753         96.096       0.899363       0.696134
            580         35.649         71.071       0.665956       0.696134
            581         31.192         22.151       0.415254       0.696134
            582         45.098         89.337       0.664539       0.696134
            583         31.306         63.121       0.668463       0.696134
            584         18.951         80.032       0.808544       0.696134
            585         32.022         74.083       0.698204       0.696134
            586         34.092         62.848       0.648321       0.696134
            587         53.322         88.794       0.624801       0.696134
            588         20.727         40.656       0.662339       0.696134
            589         35.319         77.443       0.686780       0.696134
            590         36.198         87.774       0.708015       0.696134
            591         34.845         60.674       0.635203       0.696134
            592         34.975         79.540       0.694579       0.696134
            593         15.519         93.410       0.857531       0.696134
            594         32.918         59.255       0.642868       0.696134
            595         35.415         66.285       0.651769       0.696134
            596         16.346         51.512       0.759117       0.696134
            597          8.451         44.821       0.841354       0.696134
            598         23.008         79.496       0.775543       0.696134
            599         45.472         65.198       0.589118       0.696134
            600         53.524         93.180       0.635157       0.696134
            601         44.680        105.938       0.703354       0.696134
            602         38.817         14.580       0.273052       0.696134
            603         22.382         80.449       0.782345       0.696134
            604         41.988         50.324       0.545149       0.696134
            605         11.035         52.089       0.825186       0.696134
            606         41.362         69.537       0.627029       0.696134
            607         25.131         76.910       0.753718       0.696134
            608         45.623         20.812       0.313271       0.696134
            609         40.842         77.867       0.655951       0.696134
            610         36.781         57.723       0.610798       0.696134
            611         26.257         55.113       0.677313       0.696134
            612         52.938         78.764       0.598047       0.696134
            613          7.322         75.722       0.911826       0.696134
            614         39.851         57.714       0.591544       0.696134
            615         25.963         69.318       0.727513       0.696134
            616         23.450        109.191       0.823209       0.696134
            617         34.310         59.708       0.635070       0.696134
            618         25.973         67.904       0.723329       0.696134
            619         34.877         64.101       0.647628       0.696134
            620         21.810         55.852       0.719163       0.696134
            621         37.910         54.622       0.590304       0.696134
            622         23.426         79.257       0.771858       0.696134
            623         40.434         31.464       0.437624       0.696134
            624         27.851         89.914       0.763506       0.807310
            625          6.050         75.613       0.925919       0.807310
            626         29.621         93.144       0.758718       0.807310
            627          7.451         85.462       0.919806       0.807310
            628         12.933        119.376       0.902253       0.807310
            629          3.269         79.210       0.960365       0.807310
            630         23.055        141.043       0.859507       0.807310
            631         14.818         56.400       0.791939       0.807310
            632         33.993         74.605       0.686986       0.807310
            633         30.141         68.318       0.693875       0.807310
            634         42.617        111.428       0.723346       0.807310
            635         27.052         80.572       0.748645       0.807310
            636         29.127         77.570       0.727016       0.807310
            637         23.756         94.289       0.798755       0.807310
            638         44.530         57.789       0.564793       0.807310
            639         29.063         91.697       0.759335       0.807310
            640         29.092         64.288       0.688457       0.807310
            641        -17.938         89.968       1.249038       0.807310
            642         40.117        138.295       0.775145       0.807310
            643         22.889         88.085       0.793747       0.807310
            644         16.040        103.720       0.866062       0.807310
            645         16.865         62.904       0.788579       0.807310
            646         12.283         80.375       0.867434       0.807310
            647         22.972         92.787       0.801553       0.807310
            648         17.857         39.739       0.689959       0.807310
            649         17.445         86.422       0.832047       0.807310
            650         15.512         83.444       0.843242       0.807310
            651         25.536         68.853       0.729458       0.807310
            652         12.033        131.227       0.916008       0.807310
            653          7.938         99.178       0.925893       0.807310
            654         19.863         86.616       0.813458       0.807310
            655         10.445         77.813       0.881649       0.807310
            656          4.274         76.028       0.946779       0.807310
            657         -4.728         99.904       1.049671       0.807310
            658         19.429         83.540       0.811316       0.807310
            659         24.917         75.883       0.752803       0.807310
            660          9.255         37.918       0.803806       0.807310
            661          8.994         61.293       0.872035       0.807310
            662         20.255         81.274       0.800501       0.807310
            663         47.806        127.596       0.727448       0.807310
            664         27.235        115.662       0.809407       0.807310
            665         14.564         32.569       0.691007       0.807310
            666         22.896         52.102       0.694710       0.807310
            667         31.387         87.090       0.735080       0.807310
            668         13.526        101.191       0.882095       0.807310
            669         24.088         56.744       0.701997       0.807310
            670          0.102        100.482       0.998984       0.807310
            671          8.231         71.264       0.896453       0.807310
            672         42.409         94.137       0.689416       0.807310
            673         29.802         51.351       0.632766       0.807310
            674         20.021         32.869       0.621461       0.807310
            675         27.838         82.604       0.747942       0.807310
            676         24.405        141.059       0.852505       0.807310
            677         23.150         57.506       0.712979       0.807310
            678         19.233         61.763       0.762540       0.807310
            679         18.927         80.788       0.810188       0.807310
            680          8.576         74.639       0.896937       0.807310
            681         30.486        142.447       0.823714       0.807310
            682         27.284         84.671       0.756298       0.807310
            683         37.772         28.808       0.432680       0.807310
            684         30.278         76.877       0.717435       0.807310
            685         15.336         55.532       0.783603       0.807310
            686         34.151         78.830       0.697732       0.807310
            687         39.369         32.742       0.454052       0.807310
            688         24.008         75.983       0.759896       0.807310
            689         31.895         58.923       0.648802       0.807310
            690         17.228        111.846       0.866528       0.807310
            691         18.450         62.477       0.772017       0.807310
            692         16.472         41.095       0.713862       0.807310
            693         15.930         64.706       0.802447       0.807310
            694         -0.986         76.182       1.013113       0.807310
            695         20.209         54.448       0.729303       0.807310
            696         27.571         78.275       0.739519       0.807310
            697         16.552        116.170       0.875290       0.807310
            698         10.622         75.072       0.876044       0.807310
            699         16.214         96.447       0.856083       0.807310
            700         19.725         27.779       0.584775       0.807310
            701         18.674         87.629       0.824331       0.807310
            702         38.364         62.066       0.617999       0.807310
            703         17.935         66.190       0.786807       0.807310
            704         -0.442         91.726       1.004840       0.807310
            705         23.416         74.239       0.760219       0.807310
            706         23.736         45.247       0.655915       0.807310
            707          9.358         99.231       0.913817       0.807310
            708         17.264         83.722       0.829044       0.807310
            709         -2.535         43.295       1.062192       0.807310
            710          3.615         74.623       0.953797       0.807310
            711          1.644         98.144       0.983529       0.807310
            712         11.286         53.735       0.826432       0.807310
            713         28.233         98.503       0.777228       0.807310
            714         11.117         92.867       0.893087       0.807310
            715         11.050         54.470       0.831354       0.807310
            716          7.256         92.036       0.926920       0.807310
            717          2.930         63.883       0.956153       0.807310
            718         25.049         97.426       0.795475       0.807310
            719          3.096         70.412       0.957882       0.807310
            720         -9.705         77.185       1.143821       0.807310
            721         23.334         63.481       0.731225       0.807310
            722         15.456        104.681       0.871346       0.807310
            723         33.081        120.305       0.784330       0.807310
            724         12.481         76.206       0.859267       0.807310
            725         19.535         98.929       0.835095       0.807310
            726         14.385         79.361       0.846558       0.807310
            727          9.811         43.200       0.814930       0.807310
            728         24.337         89.383       0.785991       0.807310
            729         28.331         68.522       0.707482       0.807310
            730         29.845        124.323       0.806413       0.807310
            731         34.673         96.125       0.734913       0.807310
            732         -4.444         68.103       1.069813       0.807310
            733         28.592         44.580       0.609248       0.807310
            734        -10.473         68.780       1.179621       0.807310
            735         34.395        100.494       0.745011       0.807310
            736         25.620         81.851       0.761606       0.807310
            737          6.033        123.728       0.953504       0.807310
            738         33.453         73.853       0.688249       0.807310
            739         35.151         56.132       0.614920       0.807310
            740         26.107        100.414       0.793655       0.807310
            741         25.714         41.736       0.618771       0.807310
            742         12.059         75.944       0.862971       0.807310
            743          2.810         49.118       0.945882       0.807310
            744         53.139         69.588       0.567016       0.807310
            745          4.418         93.885       0.955052       0.807310
            746         19.672         71.310       0.783780       0.807310
            747         27.858        105.944       0.791795       0.807310
            748         16.733         75.675       0.818924       0.807310
            749         14.710         80.962       0.846250       0.807310
            750         13.639         66.164       0.829097       0.807310
            751         32.002         91.337       0.740534       0.807310
            752         31.530        110.231       0.777585       0.807310
            753         34.850         76.620       0.687360       0.807310
            754         12.602         62.151       0.831416       0.807310
            755          0.772         71.454       0.989308       0.807310
            756         22.550         90.836       0.801123       0.807310
            757         25.441         63.277       0.713237       0.807310
            758         30.364         84.832       0.736412       0.807310
            759         11.228         31.472       0.737040       0.807310
            760         13.470         82.391       0.859482       0.807310
            761         10.054         52.067       0.838153       0.807310
            762         32.261         61.338       0.655326       0.696134
            763         25.553         58.056       0.694374       0.696134
            764         35.247         81.662       0.698511       0.696134
            765         39.902         42.778       0.517391       0.696134
            766         18.903         43.528       0.697220       0.696134
            767         54.884         93.238       0.629469       0.696134
            768         36.655         97.262       0.726287       0.696134
            769         25.156        107.542       0.810426       0.696134
            770         36.242         70.140       0.659323       0.696134
            771         35.842         74.650       0.675616       0.696134
            772         33.634         70.790       0.677905       0.696134
            773         25.988         67.873       0.723126       0.696134
            774         16.454         50.870       0.755604       0.696134
            775         38.860         87.877       0.693380       0.696134
            776         12.541         59.984       0.827078       0.696134
            777         45.541        105.193       0.697872       0.696134
            778         46.012        115.766       0.715587       0.696134
            779         20.394         91.481       0.817706       0.696134
            780         42.177         67.050       0.613860       0.696134
            781         23.481         95.247       0.802225       0.696134
            782         37.621         49.644       0.568887       0.696134
            783         63.702         59.806       0.484228       0.696134
            784         33.377         96.265       0.742545       0.696134
            785         19.817         94.453       0.826578       0.696134
            786         26.684         78.831       0.747106       0.696134
            787         44.745         57.475       0.562268       0.696134
            788         28.061         60.452       0.682971       0.696134
            789         17.321        111.860       0.865918       0.696134
            790         19.741         68.446       0.776145       0.696134
            791         40.304         60.223       0.599073       0.696134
            792         62.383         70.914       0.532003       0.696134
            793         29.443         75.876       0.720444       0.696134
            794         26.158         57.911       0.688849       0.696134
            795         65.204         74.840       0.534406       0.696134
            796         41.820         87.872       0.677544       0.696134
            797         43.070         70.699       0.621425       0.696134
            798         37.722         92.035       0.709285       0.696134
            799          8.539         50.543       0.855469       0.696134
            800         27.958         69.121       0.712009       0.696134
            801         22.510         65.993       0.745657       0.696134
            802         56.825         29.713       0.343355       0.696134
            803         55.050         73.358       0.571287       0.696134
            804         30.913         83.260       0.729246       0.696134
            805         13.765         79.211       0.851949       0.696134
            806         35.351         25.177       0.415951       0.696134
            807         15.217         41.298       0.730747       0.696134
            808          8.865         72.630       0.891222       0.696134
            809         13.426         59.642       0.816250       0.696134
            810         13.223         74.266       0.848864       0.696134
            811         33.989        116.891       0.774729       0.696134
            812         21.369         61.170       0.741107       0.696134
            813         16.804         91.228       0.844457       0.696134
            814         44.606         71.679       0.616407       0.696134
            815         37.099         84.230       0.694231       0.696134
            816         41.778         58.662       0.584047       0.696134
            817         19.153         53.418       0.736077       0.696134
            818         35.279         64.251       0.645546       0.696134
            819         38.140         54.783       0.589551       0.696134
            820         16.349         76.082       0.823119       0.696134
            821         18.490         57.589       0.756961       0.696134
            822         33.661         55.201       0.621197       0.696134
            823         40.037         57.049       0.587612       0.696134
            824         13.604         79.113       0.853275       0.807310
            825         27.720         87.453       0.759317       0.807310
            826          7.128         80.495       0.918651       0.807310
            827         35.011         91.027       0.722217       0.807310
            828          7.862         54.811       0.874560       0.807310
            829         23.634        108.327       0.820900       0.807310
            830         11.835         94.059       0.888237       0.807310
            831         48.006         18.267       0.275631       0.807310
            832         26.855         83.006       0.755556       0.807310
            833         29.481         93.747       0.760761       0.807310
            834          2.548         38.224       0.937507       0.807310
            835         20.467         62.921       0.754554       0.807310
            836          1.735        106.114       0.983909       0.807310
            837         16.167         32.864       0.670273       0.807310
            838         16.089         58.778       0.785104       0.807310
            839         12.423         68.868       0.847184       0.807310
            840         13.192         91.070       0.873469       0.807310
            841         48.723         66.294       0.576386       0.807310
            842         23.181         67.936       0.745591       0.807310
            843         29.156         78.950       0.730303       0.807310
            844         20.332         50.697       0.713747       0.807310
            845         31.840         82.307       0.721062       0.807310
            846         26.927         64.965       0.706973       0.807310
            847         12.510         75.275       0.857496       0.807310
            848         -8.080         90.237       1.098353       0.807310
            849         -0.058         64.068       1.000899       0.807310
            850         23.428         88.280       0.790271       0.807310
            851         34.189         80.380       0.701590       0.807310
            852          9.019         91.264       0.910066       0.807310
            853         21.328         82.081       0.793753       0.807310
            854          9.383         59.373       0.863526       0.807310
            855         42.433         72.560       0.630998       0.807310
            856         13.865        102.127       0.880469       0.807310
            857         15.634         72.116       0.821835       0.807310
            858         13.559        105.707       0.886312       0.807310
            859         27.107        103.029       0.791702       0.807310
            860         -4.983         32.444       1.181442       0.807310
            861         47.656         69.277       0.592451       0.696134
            862         16.833         61.332       0.784647       0.696134
            863         22.641         78.236       0.775558       0.696134
            864         26.940         63.475       0.702039       0.696134
            865         25.357         71.733       0.738831       0.696134
            866         30.235         39.538       0.566665       0.696134
            867         57.219         44.222       0.435936       0.696134
            868         39.391         90.520       0.696786       0.696134
            869         31.161         47.587       0.604300       0.696134
            870         23.506         86.211       0.785756       0.696134
            871         26.300         16.267       0.382153       0.696134
            872         16.737         56.523       0.771543       0.696134
            873         21.786         66.115       0.752152       0.696134
            874         29.037         94.569       0.765087       0.696134
            875         31.391         13.015       0.293094       0.696134
            876         55.797         60.027       0.518258       0.696134
            877         25.015         43.037       0.632407       0.696134
            878         47.537         45.742       0.490381       0.696134
            879         40.780         85.661       0.677477       0.696134
            880         40.305         55.636       0.579897       0.696134
            881         46.354        106.916       0.697567       0.696134
            882         37.760         51.511       0.577021       0.696134
            883         23.620         62.739       0.726490       0.696134
            884         31.051         69.294       0.690557       0.696134
            885         38.120         45.483       0.544031       0.696134
            886         34.382         40.114       0.538473       0.696134
            887         42.934         55.122       0.562145       0.696134
            888         38.476         61.403       0.614771       0.696134
            889         23.021         54.607       0.703449       0.696134
            890          8.426         48.827       0.852824       0.696134
            891         16.622         76.388       0.821292       0.696134
            892         10.157        113.625       0.917941       0.696134
            893         24.962         55.438       0.689531       0.696134
            894        -13.232         60.474       1.280092       0.696134
            895         49.108         18.860       0.277486       0.696134
            896         47.436         50.681       0.516535       0.696134
            897         45.807         54.927       0.545267       0.696134
            898         39.750         31.182       0.439606       0.696134
            899         36.678         80.687       0.687491       0.696134
            900          6.243         89.175       0.934570       0.696134
            901         14.239         71.073       0.833092       0.696134
            902         47.178         67.323       0.587969       0.696134
            903         26.388         55.911       0.679364       0.696134
            904         20.766         89.421       0.811538       0.696134
            905         12.886         65.725       0.836081       0.696134
            906         32.403         37.060       0.533520       0.696134
            907         50.522        104.486       0.674068       0.696134
            908         32.152         73.815       0.696585       0.696134
            909         52.836        102.645       0.660180       0.696134
            910         27.403        100.547       0.785832       0.696134
            911         26.113         76.705       0.746025       0.696134
            912         27.090         56.719       0.676768       0.696134
            913         15.323         43.097       0.737716       0.696134
            914         15.616         86.671       0.847329       0.807310
            915         16.608        111.655       0.870514       0.807310
            916         34.877        109.075       0.757718       0.807310
            917         42.503         88.929       0.676615       0.807310
            918         41.547         72.645       0.636165       0.807310
            919         16.432        109.532       0.869551       0.807310
            920         30.849        108.872       0.779208       0.807310
            921         36.954         66.933       0.644285       0.807310
            922         16.419         73.349       0.817099       0.807310
            923         19.317         94.603       0.830434       0.807310
            924          6.184         49.484       0.888914       0.807310
            925         29.630         79.586       0.728703       0.807310
            926         28.222         73.907       0.723660       0.807310
            927          3.880         56.363       0.935596       0.807310
            928         28.100         97.979       0.777124       0.807310
            929         29.082        117.153       0.801130       0.807310
            930          2.735         76.235       0.965367       0.807310
            931         12.318         91.927       0.881833       0.807310
            932         12.532         83.670       0.869729       0.807310
            933         20.093         50.253       0.714367       0.807310
            934          6.772         69.699       0.911445       0.807310
            935          6.053         80.172       0.929801       0.807310
            936         -1.510         82.075       1.018742       0.807310
            937         22.102         67.600       0.753609       0.807310
            938          2.801         61.721       0.956593       0.807310
            939         20.475         44.613       0.685424       0.807310
            940         39.611         72.946       0.648078       0.807310
            941         25.820         51.777       0.667256       0.807310
            942         28.289         85.402       0.751178       0.807310
            943         25.458         91.477       0.782291       0.807310
            944         11.369         76.868       0.871154       0.807310
            945         27.011        102.177       0.790914       0.807310
            946         21.384        116.641       0.845072       0.807310
            947         47.826         39.399       0.451693       0.696134
            948         25.160         87.975       0.777608       0.696134
            949         41.943         61.094       0.592934       0.696134
            950         19.831         65.441       0.767436       0.696134
            951         56.014         97.944       0.636176       0.696134
            952         32.985         86.328       0.723543       0.696134
            953         17.824         70.373       0.797905       0.696134
            954         19.623         67.261       0.774151       0.696134
            955         18.097         71.488       0.797993       0.696134
            956         21.038         50.725       0.706835       0.696134
            957         34.084         71.436       0.676993       0.696134
            958         10.511         64.399       0.859683       0.696134
            959         26.794         73.671       0.733302       0.696134
            960         48.159         60.807       0.558035       0.696134
            961         38.952         71.551       0.647505       0.696134
            962         34.237         65.490       0.656696       0.696134
            963         40.209         66.271       0.622377       0.696134
            964         41.956         89.767       0.681482       0.696134
            965         47.750         63.529       0.570898       0.696134
            966         -4.165         40.612       1.114261       0.696134
            967         16.720         58.432       0.777518       0.696134
            968         29.784         51.106       0.631800       0.696134
            969         40.793         58.299       0.588335       0.696134
            970         31.184         60.261       0.658988       0.696134
            971         23.212         99.193       0.810371       0.696134
            972         34.865         98.252       0.738088       0.696134
            973         11.368         58.693       0.837738       0.696134
            974         51.364        100.484       0.661738       0.696134
            975         39.766         59.321       0.598673       0.696134
            976         28.951         75.617       0.723136       0.696134
            977         48.427         53.790       0.526234       0.696134
            978         41.346         71.327       0.633046       0.696134
            979         22.108         28.798       0.565704       0.696134
            980         24.074         88.350       0.785861       0.696134
            981         -1.822         57.113       1.032949       0.696134
            982         22.565        127.140       0.849271       0.696134
            983         10.622         54.655       0.837275       0.696134
            984          3.789         63.026       0.943291       0.696134
            985         34.361         52.541       0.604604       0.696134
            986         18.396         52.320       0.739865       0.696134
            987         46.982         47.020       0.500201       0.696134
            988         30.036         89.947       0.749664       0.696134
            989         36.669        105.335       0.741774       0.696134
            990         46.596         35.522       0.432568       0.696134
            991         43.872         68.462       0.609452       0.696134
            992         39.044        101.574       0.722340       0.696134
            993         24.318        112.453       0.822197       0.696134
            994         31.629         93.271       0.746765       0.696134
            995          3.505         84.175       0.960029       0.696134
            996         35.466         60.469       0.630311       0.696134
            997         17.103         71.173       0.806253       0.696134
            998         40.939         41.212       0.501665       0.696134
            999         20.351         75.633       0.787972       0.696134
           1000         28.718         77.818       0.730439       0.696134
