              1         16.921         85.999       0.835594       0.792901
              2         11.785        122.630       0.912323       0.792901
              3         27.996         56.125       0.667193       0.792901
              4         24.072         78.169       0.764559       0.792901
              5         31.570         66.080       0.676699       0.792901
              6         17.058         74.816       0.814333       0.792901
              7          3.051         53.082       0.945652       0.792901
              8         -2.211         98.515       1.022958       0.792901
              9         22.762         80.360       0.779272       0.792901
             10         22.430         82.465       0.786171       0.792901
             11         15.784         54.636       0.775860       0.792901
             12         15.288         77.711       0.835612       0.792901
             13         17.661         63.165       0.781490       0.792901
             14         16.650         83.042       0.832986       0.792901
             15         33.379        104.578       0.758049       0.792901
             16         18.105         87.032       0.827797       0.792901
             17         10.822         93.276       0.896042       0.792901
             18         15.887         85.009       0.842544       0.792901
             19         28.843         60.342       0.676592       0.792901
             20         33.289        112.004       0.770885       0.792901
             21         36.108         87.021       0.706745       0.792901
             22         23.115        103.398       0.817293       0.792901
             23         -2.387         53.285       1.046892       0.792901
             24         13.140         83.823       0.864485       0.792901
             25         23.489         79.894       0.772796       0.792901
             26         44.987         53.227       0.541948       0.792901
             27         12.412         81.304       0.867558       0.792901
             28         38.219         91.205       0.704698       0.792901
             29         34.164         52.764       0.606981       0.792901
             30         27.814         98.458       0.779731       0.792901
             31          2.419         99.316       0.976227       0.792901
             32          6.392         77.984       0.924247       0.792901
             33         26.698         93.837       0.778506       0.792901
             34         29.366         71.487       0.708826       0.792901
             35         21.133         96.664       0.820595       0.792901
             36         30.907         46.813       0.602329       0.792901
             37         34.986         91.878       0.724224       0.792901
             38         24.792         81.467       0.766680       0.792901
             39         37.287         85.015       0.695123       0.792901
             40         17.774         53.901       0.752017       0.792901
             41         22.351         68.365       0.753616       0.792901
             42          6.799         53.574       0.887385       0.792901
             43         -7.147         74.602       1.105959       0.792901
             44         18.125         72.729       0.800501       0.792901
             45          2.066         93.440       0.978368       0.792901
             46         34.750         87.425       0.715571       0.792901
             47         27.272         88.265       0.763953       0.792901
             48         22.144         77.974       0.778819       0.792901
             49          5.568         53.262       0.905359       0.792901
             50         15.130         64.254       0.809404       0.792901
             51         36.035        104.386       0.743382       0.792901
             52         22.320         76.198       0.773441       0.792901
             53         44.887         85.851       0.656665       0.695530
             54         22.382         68.341       0.753293       0.695530
             55         23.985         63.871       0.726992       0.695530
             56         50.432         67.677       0.573005       0.695530
             57         18.028         55.832       0.755919       0.695530
             58         14.044         27.380       0.660970       0.695530
             59         51.680         96.355       0.650894       0.695530
             60         16.416         51.099       0.756851       0.695530
             61         58.241         67.076       0.535249       0.695530
             62         28.798         67.086       0.699657       0.695530
             63         25.014         69.098       0.734211       0.695530
             64         33.141         44.759       0.574573       0.695530
             65         18.639         59.053       0.760095       0.695530
             66         13.610         58.758       0.811937       0.695530
             67         17.571         74.636       0.809442       0.695530
             68         33.323         68.134       0.671556       0.695530
             69         34.006         76.768       0.693017       0.695530
             70         16.541         85.421       0.837774       0.695530
             71         21.352         73.714       0.775395       0.695530
             72         41.124         73.530       0.641321       0.695530
             73         24.649         95.749       0.795268       0.695530
             74         44.337         74.685       0.627486       0.695530
             75         40.594         78.741       0.659833       0.695530
             76         40.321         41.144       0.505052       0.695530
             77         14.014         73.003       0.838952       0.695530
             78         55.847         77.647       0.581652       0.695530
             79         57.884         58.274       0.501680       0.695530
             80         46.109         93.306       0.669266       0.695530
             81         27.227         82.258       0.751322       0.695530
             82         28.192         45.477       0.617321       0.695530
             83         27.433         72.227       0.724736       0.695530
             84         50.815         59.008       0.537303       0.695530
             85         28.248         82.424       0.744763       0.695530
             86         23.044         81.268       0.779084       0.695530
             87         16.964         84.585       0.832946       0.695530
             88         29.209         60.002       0.672584       0.695530
             89         43.153         60.450       0.583475       0.695530
             90         24.109         64.487       0.727876       0.695530
             91         17.439         65.364       0.789388       0.695530
             92         11.339         98.530       0.896797       0.695530
             93         12.354         76.175       0.860449       0.695530
             94         19.402         53.188       0.732716       0.695530
             95         15.279         82.454       0.843666       0.695530
             96         47.077         57.804       0.551141       0.695530
             97         38.528         65.916       0.631113       0.695530
             98         47.930         79.998       0.625335       0.695530
             99         25.165         83.536       0.768493       0.695530
            100         31.027         95.771       0.755302       0.695530
            101         45.447         58.103       0.561108       0.695530
            102         31.777         26.870       0.458166       0.695530
            103         58.747         67.113       0.533238       0.695530
            104         29.925         92.397       0.755356       0.695530
            105          7.221         50.773       0.875490       0.695530
            106         27.030         59.410       0.687299       0.695530
            107         48.715         49.440       0.503696       0.695530
            108         15.707         62.847       0.800050       0.695530
            109         41.887         65.708       0.610695       0.695530
            110         39.051         64.697       0.623595       0.695530
            111         59.741         71.761       0.545701       0.695530
            112         40.282         85.609       0.680026       0.695530
            113         42.091        102.085       0.708060       0.695530
            114         14.152         77.089       0.844892       0.695530
            115         15.961         69.551       0.813348       0.695530
            116         40.090         66.108       0.622494       0.695530
            117         15.948         70.413       0.815330       0.695530
            118         22.377         79.102       0.779487       0.695530
            119         45.526         15.593       0.255119       0.695530
            120         21.090         49.858       0.702743       0.695530
            121         28.339         96.329       0.772685       0.695530
            122         44.056        104.082       0.702602       0.695530
            123         60.443         37.612       0.383581       0.695530
            124         37.439         83.648       0.690809       0.695530
            125         35.100         45.231       0.563058       0.695530
            126         26.599         81.544       0.754034       0.695530
            127         31.388         70.470       0.691849       0.695530
            128         28.530         75.033       0.724517       0.695530
            129         22.732        106.090       0.823537       0.695530
            130         18.829         36.320       0.658579       0.695530
            131         57.762         59.087       0.505670       0.695530
            132          2.145         72.696       0.971339       0.695530
            133         37.072         71.682       0.659121       0.695530
            134         23.273         56.997       0.710063       0.695530
            135         52.161         65.079       0.555094       0.695530
            136         20.230         74.417       0.786259       0.695530
            137         16.722         53.528       0.761960       0.695530
            138         26.761         57.588       0.682734       0.695530
            139         20.527         74.537       0.784075       0.695530
            140         33.640         61.913       0.647946       0.695530
            141         28.164         74.458       0.725558       0.695530
            142         29.956         61.226       0.671470       0.695530
            143         22.068         10.376       0.319814       0.695530
            144         29.327         68.097       0.698977       0.695530
            145         20.412         77.629       0.791804       0.695530
            146         30.077         61.437       0.671338       0.695530
            147         27.668         91.410       0.767647       0.695530
            148         13.684         67.155       0.830725       0.695530
            149         12.340        135.165       0.916340       0.695530
            150         41.779         89.137       0.680871       0.695530
            151         34.238         49.608       0.591659       0.695530
            152         22.186         78.032       0.778620       0.695530
            153          5.131         99.011       0.950730       0.695530
            154         32.493         61.634       0.654796       0.695530
            155         45.989         51.883       0.530113       0.695530
            156         20.686        101.257       0.830361       0.695530
            157         48.457        117.573       0.708143       0.695530
            158         58.314         61.920       0.514998       0.695530
            159         19.394         68.691       0.779822       0.695530
            160         19.085         67.445       0.779437       0.695530
            161         23.434         83.609       0.781076       0.695530
            162          8.162         14.229       0.635491       0.695530
            163         31.044         63.932       0.673135       0.695530
            164         -6.277         42.868       1.171536       0.695530
            165         20.001         43.617       0.685611       0.695530
            166         49.156         90.648       0.648393       0.695530
            167         54.414         75.665       0.581686       0.695530
            168         33.029         64.029       0.659696       0.695530
            169         37.007         34.998       0.486052       0.695530
            170         12.768         40.999       0.762537       0.695530
            171         41.969         80.947       0.658552       0.695530
            172         42.480         71.048       0.625817       0.695530
            173         27.816         89.568       0.763031       0.695530
            174         33.569         90.127       0.728614       0.695530
            175         31.200         59.775       0.657048       0.695530
            176         57.117         83.165       0.592844       0.695530
            177         32.875         76.511       0.699458       0.695530
            178         35.330         86.087       0.709019       0.695530
            179         26.084         81.124       0.756698       0.695530
            180         40.037         60.441       0.601535       0.695530
            181         20.522         69.744       0.772648       0.695530
            182         32.871         77.193       0.701345       0.695530
            183         38.049         50.008       0.567907       0.695530
            184         45.698         76.202       0.625120       0.695530
            185         27.701         86.434       0.757300       0.695530
            186         10.123         38.836       0.793241       0.695530
            187         33.037         41.215       0.555074       0.695530
            188         45.075        110.131       0.709580       0.695530
            189         40.708         85.016       0.676214       0.695530
            190         32.946        103.689       0.758877       0.695530
            191         24.997         36.770       0.595301       0.695530
            192         39.996         85.765       0.681971       0.695530
            193         23.908         69.095       0.742932       0.695530
            194          3.920         49.344       0.926402       0.695530
            195         12.112         63.146       0.839063       0.695530
            196         12.506         68.630       0.845864       0.695530
            197         13.623         77.274       0.850124       0.695530
            198         16.574         72.460       0.813846       0.695530
            199          9.196         63.395       0.873323       0.695530
            200         52.186         61.978       0.542884       0.695530
            201         31.937         70.998       0.689737       0.695530
            202         32.064         68.253       0.680371       0.695530
            203         24.730         96.663       0.796283       0.695530
            204         34.633         84.720       0.709828       0.695530
            205         15.320         73.790       0.828077       0.695530
            206         30.612         75.792       0.712306       0.695530
            207         18.213         48.368       0.726459       0.695530
            208          6.041         53.020       0.897710       0.695530
            209         33.731         91.794       0.731279       0.695530
            210         21.453         74.356       0.776082       0.695530
            211         16.888         73.125       0.812382       0.695530
            212         20.911         65.013       0.756631       0.695530
            213         27.516         69.816       0.717297       0.695530
            214         24.962         71.472       0.741151       0.695530
            215         42.138         62.920       0.598908       0.695530
            216         18.924         55.983       0.747362       0.695530
            217         18.046         57.378       0.760737       0.695530
            218         42.619         81.847       0.657586       0.695530
            219          9.146         69.364       0.883504       0.695530
            220         56.916         57.814       0.503915       0.695530
            221         22.840         58.297       0.718500       0.695530
            222         34.825         30.167       0.464166       0.695530
            223         34.542         80.899       0.700784       0.695530
            224         63.352         72.791       0.534666       0.695530
            225         28.473         75.427       0.725960       0.695530
            226         28.899         78.508       0.730943       0.695530
            227         51.964        117.464       0.693298       0.695530
            228         24.560         25.174       0.506165       0.695530
            229         46.835         90.780       0.659666       0.695530
            230         36.199         71.263       0.663145       0.695530
            231         30.816         83.940       0.731465       0.695530
            232         24.302         87.651       0.782926       0.695530
            233         50.747         73.372       0.591143       0.695530
            234         10.276         72.823       0.876336       0.695530
            235          6.808        121.700       0.947026       0.695530
            236         20.192         63.536       0.758835       0.695530
            237         31.785         86.841       0.732058       0.695530
            238         27.058         74.532       0.733654       0.695530
            239          4.492         36.131       0.889416       0.695530
            240         38.849         84.730       0.685636       0.695530
            241         13.590         59.295       0.813537       0.695530
            242         31.794         77.454       0.708975       0.695530
            243         20.015         64.924       0.764359       0.695530
            244         26.094        111.453       0.810290       0.695530
            245         19.762         57.973       0.745774       0.695530
            246         30.371        108.663       0.781556       0.695530
            247         20.196         53.759       0.726909       0.695530
            248         22.059         90.494       0.804010       0.695530
            249         39.176         27.347       0.411092       0.695530
            250         10.887         78.576       0.878308       0.695530
            251         40.319         55.083       0.577376       0.695530
            252         22.387         96.501       0.811700       0.695530
            253         55.676         54.046       0.492571       0.695530
            254         46.866         58.922       0.556986       0.695530
            255          9.517         75.859       0.888526       0.695530
            256         29.701         53.595       0.643425       0.695530
            257         23.335         77.647       0.768921       0.695530
            258         30.488         58.103       0.655857       0.695530
            259         38.643         56.932       0.595681       0.695530
            260         24.255         67.558       0.735822       0.695530
            261         30.224         88.671       0.745793       0.695530
            262         37.809         94.132       0.713441       0.695530
            263         22.055         95.438       0.812288       0.695530
            264         24.527         61.475       0.714811       0.695530
            265         37.324         91.857       0.711070       0.695530
            266         33.122         71.049       0.682046       0.695530
            267         13.452         88.227       0.867701       0.695530
            268         25.124         83.958       0.769675       0.695530
            269         16.740         65.799       0.797183       0.695530
            270         32.542        105.447       0.764169       0.695530
            271         27.781         43.442       0.609938       0.695530
            272         39.830         49.903       0.556129       0.695530
            273         21.530        102.503       0.826416       0.695530
            274         43.070         38.585       0.472538       0.695530
            275         33.685         32.987       0.494765       0.695530
            276          9.573         66.543       0.874233       0.695530
            277         31.138         93.610       0.750391       0.695530
            278         26.678         69.998       0.724048       0.695530
            279         34.328         61.173       0.640548       0.695530
            280         12.275         27.147       0.688617       0.695530
            281         28.075         71.036       0.716730       0.695530
            282         23.938         88.553       0.787199       0.695530
            283          6.800         68.028       0.909128       0.695530
            284         39.806         86.213       0.684126       0.695530
            285         18.263         51.795       0.739315       0.695530
            286         37.679         65.142       0.633548       0.695530
            287         33.927         70.110       0.673893       0.695530
            288         26.772         81.582       0.752919       0.695530
            289         54.658         51.007       0.482721       0.695530
            290         -2.936         62.218       1.049531       0.695530
            291         37.892         36.403       0.489982       0.695530
            292         13.933         22.048       0.612768       0.695530
            293         13.459         52.405       0.795651       0.695530
            294         22.818         81.626       0.781529       0.695530
            295         17.305        107.064       0.860857       0.695530
            296         17.858         69.174       0.794815       0.695530
            297         21.054         31.493       0.599327       0.695530
            298         16.021         71.322       0.816575       0.695530
            299         24.871         62.392       0.714989       0.695530
            300         18.243         48.992       0.728663       0.695530
            301         39.284         84.387       0.682351       0.695530
            302         40.080         72.267       0.643251       0.695530
            303         25.004         39.075       0.609795       0.695530
            304          9.613         53.893       0.848635       0.792901
            305          5.254        119.668       0.957941       0.792901
            306          3.442         65.667       0.950190       0.792901
            307         31.083         61.581       0.664561       0.792901
            308         21.912         94.388       0.811592       0.792901
            309         17.372        115.953       0.869703       0.792901
            310         29.161         86.935       0.748819       0.792901
            311         23.248         53.334       0.696427       0.792901
            312         16.309        104.879       0.865426       0.792901
            313         19.435         90.417       0.823078       0.792901
            314         21.171         90.243       0.809979       0.792901
            315         13.887         84.531       0.858896       0.792901
            316         25.418         63.086       0.712801       0.792901
            317          6.483         61.465       0.904592       0.792901
            318         13.007         60.891       0.823988       0.792901
            319         49.629         72.540       0.593766       0.695530
            320          5.780         90.380       0.939893       0.695530
            321         57.383         87.341       0.603500       0.695530
            322         46.275         99.261       0.682039       0.695530
            323         19.968         89.675       0.817879       0.695530
            324         47.780         64.768       0.575468       0.695530
            325         28.091         97.826       0.776908       0.695530
            326         40.260         19.168       0.322540       0.695530
            327          2.020         82.093       0.975981       0.695530
            328         28.137         94.366       0.770316       0.695530
            329         21.517         51.419       0.704990       0.695530
            330         42.569         89.550       0.677797       0.695530
            331         15.845         43.233       0.731789       0.695530
            332         25.571        119.646       0.823913       0.695530
            333         27.677        104.234       0.790186       0.695530
            334         22.956         99.670       0.812799       0.695530
            335         15.222         98.446       0.866081       0.695530
            336         38.437         78.220       0.670512       0.695530
            337         48.492         72.530       0.599312       0.695530
            338         18.381         65.062       0.779717       0.695530
            339         12.291         92.004       0.882149       0.695530
            340         16.200         77.721       0.827515       0.695530
            341         30.103         94.579       0.758563       0.695530
            342         24.449         51.674       0.678826       0.695530
            343         33.238         91.061       0.732594       0.695530
            344          9.326         72.630       0.886207       0.695530
            345         21.511         84.849       0.797755       0.695530
            346         20.051         54.037       0.729362       0.695530
            347         30.613         80.223       0.723801       0.695530
            348         18.294         52.927       0.743141       0.695530
            349         26.110         89.253       0.773674       0.695530
            350         12.187         58.081       0.826559       0.695530
            351         27.942         66.037       0.702682       0.695530
            352         23.226         73.930       0.760939       0.695530
            353          8.078         86.364       0.914464       0.695530
            354         38.420         52.732       0.578509       0.695530
            355         36.089         79.667       0.688233       0.695530
            356         17.053         55.614       0.765330       0.695530
            357         20.661         73.635       0.780888       0.695530
            358         26.742         72.491       0.730518       0.695530
            359         37.233         40.431       0.520589       0.695530
            360         14.296        133.058       0.902983       0.695530
            361         23.083         79.176       0.774266       0.695530
            362         49.757         50.528       0.503847       0.695530
            363         17.721         57.252       0.763633       0.695530
            364         29.057         64.200       0.688419       0.695530
            365         37.317         39.521       0.514344       0.695530
            366         32.539         65.865       0.669336       0.695530
            367         28.908         40.607       0.584144       0.695530
            368         18.141         31.798       0.636730       0.695530
            369         28.919         70.507       0.709141       0.695530
            370          4.818         47.226       0.907431       0.695530
            371         31.071         69.748       0.691811       0.695530
            372         15.175         65.903       0.812831       0.695530
            373          6.382         68.422       0.914687       0.695530
            374         46.457         19.944       0.300363       0.695530
            375         24.007         62.455       0.722339       0.695530
            376         36.657         65.596       0.641508       0.695530
            377         32.123         77.465       0.706875       0.695530
            378         23.702         81.199       0.774053       0.695530
            379         15.048         83.047       0.846597       0.695530
            380         31.883         79.875       0.714715       0.695530
            381          9.522         59.228       0.861496       0.695530
            382         33.400         65.552       0.662459       0.695530
            383         19.529         22.966       0.540439       0.695530
            384         40.491         56.329       0.581792       0.695530
            385         43.604         81.073       0.650265       0.695530
            386         18.499         77.532       0.807362       0.695530
            387         54.103         68.566       0.558950       0.695530
            388         23.332         74.364       0.761180       0.695530
            389         32.796         54.670       0.625042       0.695530
            390         29.836         52.432       0.637333       0.695530
            391         33.298         52.960       0.613972       0.695530
            392         22.655         60.639       0.728008       0.695530
            393         33.199         71.872       0.684030       0.695530
            394         26.111         66.954       0.719430       0.695530
            395         28.201         51.338       0.645446       0.695530
            396         29.006         59.497       0.672262       0.695530
            397         34.783         79.445       0.695495       0.695530
            398         41.300         94.914       0.696799       0.695530
            399         33.607         68.405       0.670559       0.695530
            400         28.580         70.018       0.710138       0.695530
            401         41.559         97.838       0.701864       0.695530
            402         46.620         64.625       0.580924       0.695530
            403          2.718         58.874       0.955864       0.695530
            404         32.661         87.456       0.728092       0.695530
            405         29.600        115.534       0.796050       0.695530
            406         31.865         70.661       0.689198       0.695530
            407         41.139         70.748       0.632317       0.695530
            408         30.666         73.289       0.705007       0.695530
            409         35.678         72.955       0.671573       0.695530
            410         29.667         60.880       0.672358       0.695530
            411         22.781         53.517       0.701422       0.695530
            412         23.729         79.460       0.770044       0.695530
            413         48.821         79.165       0.618544       0.695530
            414         47.368         97.648       0.673362       0.695530
            415         24.859         51.237       0.673322       0.695530
            416         23.539         96.583       0.804039       0.695530
            417         29.817         71.849       0.706712       0.695530
            418         36.217        107.108       0.747310       0.695530
            419          6.130         45.309       0.880831       0.695530
            420         28.937         94.902       0.766333       0.695530
            421         17.993         61.552       0.773803       0.695530
            422         21.842         96.277       0.815087       0.695530
            423         28.321         53.435       0.653594       0.695530
            424         48.505        107.425       0.688932       0.695530
            425         29.121         12.161       0.294585       0.695530
            426         21.751         67.088       0.755164       0.695530
            427         29.388         51.419       0.636318       0.695530
            428         26.718         83.616       0.757846       0.695530
            429         17.777         43.180       0.708370       0.695530
            430         23.801         46.687       0.662342       0.695530
            431         32.049         59.708       0.650720       0.695530
            432         17.919         84.050       0.824270       0.695530
            433         18.885         50.986       0.729721       0.695530
            434          9.113         70.169       0.885052       0.695530
            435         17.635         82.517       0.823919       0.695530
            436          7.960         32.791       0.804679       0.695530
            437         16.619         59.520       0.781723       0.695530
            438         59.316         68.955       0.537572       0.695530
            439         60.795         84.159       0.580593       0.695530
            440         25.061         74.353       0.747914       0.695530
            441         38.113         86.476       0.694089       0.695530
            442         13.603         59.883       0.814888       0.695530
            443         37.176         39.322       0.514025       0.695530
            444         43.476         51.757       0.543478       0.695530
            445         41.792         68.096       0.619684       0.695530
            446         35.358        100.614       0.739963       0.695530
            447         26.917         42.177       0.610433       0.695530
            448         17.903         65.965       0.786529       0.695530
            449         14.490         50.371       0.776604       0.695530
            450         44.172         64.735       0.594404       0.695530
            451         71.322         87.792       0.551756       0.695530
            452         15.933         83.642       0.839988       0.695530
            453         43.078         54.500       0.558527       0.695530
            454         38.002         85.259       0.691696       0.695530
            455          7.928         45.708       0.852195       0.695530
            456         21.603         67.464       0.757448       0.695530
            457         24.267         48.610       0.667012       0.695530
            458          8.408         68.890       0.891223       0.695530
            459         30.170         81.076       0.728801       0.695530
            460         53.851        100.662       0.651478       0.695530
            461         40.535         93.438       0.697441       0.695530
            462         23.531         54.123       0.696978       0.695530
            463         24.897         65.046       0.723191       0.695530
            464         26.550         87.921       0.768065       0.695530
            465         51.496         66.225       0.562561       0.695530
            466         12.298         37.311       0.752109       0.695530
            467         22.764         70.549       0.756048       0.695530
            468        -13.812         98.122       1.163818       0.695530
            469         14.372         69.431       0.828498       0.695530
            470         12.347         68.398       0.847091       0.695530
            471          6.668         79.175       0.922322       0.695530
            472         41.297         71.423       0.633631       0.695530
            473         58.919        100.971       0.631501       0.695530
            474         15.587         89.218       0.851276       0.695530
            475         38.881         83.285       0.681736       0.695530
            476         47.400         68.331       0.590431       0.695530
            477         34.602         77.541       0.691450       0.695530
            478          7.748         87.514       0.918669       0.695530
            479         46.604         65.182       0.583097       0.695530
            480         25.819         99.574       0.794095       0.695530
            481         35.075         56.589       0.617357       0.695530
            482         12.857         74.858       0.853427       0.695530
            483         28.183         98.201       0.777005       0.695530
            484         53.207         91.211       0.631577       0.695530
            485         25.622         81.727       0.761319       0.695530
            486         40.138         32.973       0.451002       0.695530
            487         37.378         81.307       0.685066       0.695530
            488         16.324         82.722       0.835187       0.695530
            489         23.210         77.566       0.769690       0.695530
            490         30.346         66.609       0.687012       0.695530
            491         27.030         90.804       0.770611       0.695530
            492         39.028         78.490       0.667895       0.695530
            493         27.022         85.442       0.759729       0.695530
            494         35.172        105.989       0.750838       0.695530
            495         25.169         33.216       0.568915       0.695530
            496         38.750         51.061       0.568537       0.695530
            497         15.002         45.888       0.753627       0.695530
            498         42.426         97.678       0.697181       0.695530
            499         34.157         83.634       0.710019       0.695530
            500         43.641         96.197       0.687916       0.695530
            501         34.151         43.164       0.558284       0.695530
            502         40.446         55.658       0.579146       0.695530
            503         25.061         88.876       0.780048       0.695530
            504         12.306         84.750       0.873207       0.695530
            505         20.043         58.143       0.743647       0.695530
            506         31.183         64.941       0.675594       0.695530
            507         14.571         71.816       0.831327       0.695530
            508         50.471         46.943       0.481891       0.695530
            509         41.099         50.492       0.551275       0.695530
            510         14.867         60.365       0.802381       0.695530
            511         42.063         60.037       0.588018       0.695530
            512         18.265        111.338       0.859069       0.695530
            513         48.257         82.985       0.632304       0.695530
            514         21.213         66.172       0.757250       0.695530
            515         29.946         72.766       0.708444       0.695530
            516         36.741         51.005       0.581277       0.695530
            517         43.980         75.778       0.632757       0.695530
            518         11.885         97.720       0.891565       0.695530
            519         28.826         91.863       0.761155       0.695530
            520         34.776         47.917       0.579457       0.695530
            521         28.903         72.094       0.713821       0.695530
            522         20.366        103.220       0.835207       0.695530
            523         26.272         78.363       0.748918       0.695530
            524         24.771         89.636       0.783479       0.695530
            525         13.502         44.476       0.767123       0.695530
            526         32.733        101.454       0.756062       0.695530
            527         24.043         93.154       0.794852       0.695530
            528         17.127         87.130       0.835726       0.695530
            529         40.249         55.740       0.580688       0.695530
            530         28.007         68.600       0.710092       0.695530
            531         23.155         56.698       0.710031       0.695530
            532         27.732         86.863       0.758000       0.695530
            533         21.607         79.232       0.785725       0.695530
            534          6.345         78.838       0.925515       0.695530
            535         53.688         79.457       0.596771       0.695530
            536         41.029         49.677       0.547668       0.695530
            537         25.125         49.345       0.662614       0.695530
            538         41.806         33.097       0.441865       0.695530
            539         51.776         63.045       0.549074       0.695530
            540         15.739         64.934       0.804902       0.695530
            541         30.930         59.755       0.658928       0.695530
            542         24.082         50.997       0.679244       0.695530
            543         18.077         77.231       0.810333       0.695530
            544         33.807         62.708       0.649724       0.695530
            545         41.390         88.980       0.682518       0.695530
            546          5.235         25.264       0.828365       0.695530
            547         47.045         62.814       0.571771       0.695530
            548         22.984         82.413       0.781932       0.695530
            549         37.754         70.342       0.650740       0.695530
            550         26.084         63.532       0.708932       0.695530
            551         40.646         63.302       0.608979       0.695530
            552         14.417         90.047       0.861991       0.695530
            553         23.285         72.404       0.756659       0.695530
            554         13.691        101.708       0.881359       0.695530
            555         25.495         83.227       0.765503       0.695530
            556         30.417         77.900       0.719187       0.695530
            557         24.334         80.936       0.768844       0.695530
            558         28.837         88.744       0.754745       0.695530
            559         42.888         48.743       0.531948       0.695530
            560         24.746         83.132       0.770610       0.695530
            561         30.845         57.796       0.652021       0.695530
            562         20.724         90.098       0.812997       0.695530
            563         26.294         82.178       0.757594       0.695530
            564          6.395         42.936       0.870365       0.695530
            565         15.112        121.124       0.889075       0.695530
            566         25.596         52.562       0.672509       0.695530
            567         19.907         71.225       0.781556       0.695530
            568         42.193         91.456       0.684301       0.695530
            569         15.395         42.171       0.732566       0.695530
            570         23.761         91.172       0.793263       0.695530
            571         11.806         94.535       0.888978       0.695530
            572         38.516         52.103       0.574966       0.695530
            573         44.993        100.790       0.691370       0.695530
            574         33.309         65.541       0.663034       0.695530
            575         43.089         52.995       0.551548       0.695530
            576         34.947         54.026       0.607220       0.695530
            577         53.343         54.666       0.506121       0.695530
            578         42.652         90.045       0.678577       0.695530
            579         48.456         18.737       0.278854       0.695530
            580         25.177         52.470       0.675754       0.695530
            581         24.871         76.548       0.754771       0.695530
            582         26.817         65.100       0.708252       0.695530
            583         26.918         59.597       0.688862       0.695530
            584         11.640         60.843       0.839407       0.695530
            585         32.386         75.377       0.699474       0.695530
            586         26.540         42.503       0.615603       0.695530
            587         29.253         81.310       0.735420       0.695530
            588         39.240         44.523       0.531536       0.695530
            589         57.093         61.032       0.516677       0.695530
            590         52.965         37.049       0.411590       0.695530
            591         20.148         66.858       0.768426       0.695530
            592         21.931         52.341       0.704719       0.695530
            593         42.036         43.630       0.509303       0.695530
            594         29.503         74.322       0.715841       0.695530
            595         34.726        102.543       0.747025       0.695530
            596          5.019         68.608       0.931837       0.695530
            597         45.163         54.966       0.548953       0.695530
            598         35.431         84.813       0.705343       0.695530
            599         36.044         56.805       0.611801       0.695530
            600         36.412         90.284       0.712601       0.695530
            601         27.438         51.488       0.652359       0.695530
            602         33.439         76.012       0.694484       0.695530
            603         37.427         40.864       0.521948       0.695530
            604         12.334         64.906       0.840316       0.695530
            605         38.032         78.429       0.673433       0.695530
            606         25.817          9.626       0.271588       0.695530
            607         19.826         58.039       0.745377       0.695530
            608          7.359         88.668       0.923362       0.695530
            609         35.842         63.036       0.637508       0.695530
            610         37.960         81.366       0.681881       0.695530
            611          9.279         91.958       0.908341       0.695530
            612         31.737        121.792       0.793286       0.695530
            613         61.347         54.685       0.471292       0.695530
            614          6.028        103.048       0.944733       0.695530
            615         31.213         67.046       0.682341       0.695530
            616         34.731         60.567       0.635554       0.695530
            617         40.231         46.537       0.536337       0.695530
            618         33.131         32.665       0.496457       0.695530
            619         46.218         66.062       0.588367       0.695530
            620         39.423         34.455       0.466372       0.695530
            621          9.195         35.523       0.794374       0.695530
            622         37.974         99.919       0.724613       0.695530
            623         26.771         62.512       0.700157       0.695530
            624         33.776         89.430       0.725856       0.695530
            625         18.946         91.989       0.829218       0.695530
            626          1.320         82.352       0.984230       0.695530
            627         25.777         75.755       0.746119       0.695530
            628         50.425         59.724       0.542211       0.695530
            629         34.850         87.781       0.715813       0.695530
            630         46.454         67.932       0.593882       0.695530
            631         54.229         42.215       0.437716       0.695530
            632         49.178         87.849       0.641106       0.695530
            633          7.774         82.289       0.913684       0.695530
            634         39.517         28.624       0.420073       0.695530
            635         24.964         71.538       0.741311       0.695530
            636         32.153         90.413       0.737667       0.695530
            637         27.713         78.115       0.738133       0.695530
            638         12.130         53.231       0.814413       0.695530
            639         43.339         43.622       0.501630       0.695530
            640         18.502         69.194       0.789022       0.695530
            641         24.443         91.217       0.788662       0.695530
            642         35.532         62.394       0.637154       0.695530
            643         30.775         79.966       0.722102       0.695530
            644         47.532         49.140       0.508317       0.695530
            645         33.953         49.088       0.591130       0.695530
            646         40.027         63.737       0.614250       0.695530
            647         49.307         55.389       0.529046       0.695530
            648         19.091         69.722       0.785043       0.695530
            649         29.966         82.338       0.733172       0.695530
            650         50.629         88.963       0.637309       0.695530
            651         36.231         58.392       0.617105       0.695530
            652         33.327         81.945       0.710885       0.695530
            653         33.653         39.623       0.540738       0.695530
            654         52.636         79.977       0.603087       0.695530
            655         47.954         77.569       0.617970       0.695530
            656         36.567         68.901       0.653291       0.695530
            657         63.855         30.016       0.319758       0.695530
            658         25.710         98.747       0.793425       0.695530
            659         46.668         61.927       0.570255       0.695530
            660         12.603         77.772       0.860551       0.695530
            661         29.429         61.210       0.675318       0.695530
            662         17.881         65.741       0.786170       0.695530
            663          8.899         60.103       0.871031       0.695530
            664          9.492         50.346       0.841374       0.695530
            665         29.855         42.436       0.587018       0.695530
            666         29.668         68.721       0.698459       0.695530
            667         22.023         58.838       0.727643       0.695530
            668         23.074         65.892       0.740644       0.695530
            669         39.613         78.009       0.663216       0.695530
            670         47.197         48.236       0.505444       0.695530
            671          9.828         73.748       0.882403       0.695530
            672         17.658         62.303       0.779172       0.695530
            673         27.160         77.605       0.740754       0.695530
            674         41.488         88.043       0.679705       0.695530
            675          9.475         50.597       0.842271       0.695530
            676         28.879         92.003       0.761098       0.695530
            677         19.760         74.950       0.791363       0.695530
            678         19.310         31.231       0.617932       0.695530
            679         16.863         83.184       0.831452       0.695530
            680         36.146         78.489       0.684686       0.695530
            681         61.242         78.182       0.560751       0.695530
            682         29.700         81.582       0.733109       0.695530
            683         36.677         15.336       0.294846       0.695530
            684         35.743         25.466       0.416046       0.695530
            685         24.542         47.535       0.659505       0.695530
            686         52.060         90.344       0.634419       0.695530
            687         41.117         46.763       0.532123       0.695530
            688          9.779         56.227       0.851851       0.695530
            689         12.668         88.241       0.874464       0.695530
            690         10.365        110.159       0.913999       0.695530
            691         35.311        100.101       0.739234       0.695530
            692         14.693         59.791       0.802741       0.695530
            693         12.667         84.336       0.869421       0.695530
            694          8.742         62.956       0.878073       0.695530
            695         23.836         66.654       0.736588       0.695530
            696         50.845         92.404       0.645059       0.695530
            697         31.410         73.378       0.700252       0.695530
            698         46.011         50.361       0.522571       0.695530
            699         37.143         75.356       0.669838       0.695530
            700         30.559         50.936       0.625016       0.695530
            701         42.024         80.431       0.656822       0.695530
            702         33.548        111.211       0.768252       0.695530
            703         56.676         82.099       0.591598       0.695530
            704         43.512        113.530       0.722927       0.695530
            705         29.699         70.595       0.703880       0.695530
            706         26.341         67.333       0.718797       0.695530
            707         27.181         61.352       0.692987       0.695530
            708         32.323         75.984       0.701558       0.695530
            709         28.941         65.521       0.693622       0.695530
            710         32.507         46.220       0.587094       0.695530
            711         32.342         60.807       0.652794       0.695530
            712         30.059         76.538       0.718013       0.695530
            713         29.535         69.763       0.702562       0.695530
            714         43.637         78.872       0.643805       0.695530
            715         11.346         42.354       0.788708       0.695530
            716         18.644         89.820       0.828112       0.695530
            717         46.258         72.155       0.609351       0.695530
            718         45.501         55.522       0.549601       0.695530
            719         21.942         44.647       0.670485       0.695530
            720         40.738         72.705       0.640893       0.695530
            721         14.100         48.245       0.773842       0.695530
            722         31.216         47.188       0.601859       0.695530
            723         35.381         88.765       0.715003       0.695530
            724         17.468         33.244       0.655544       0.695530
            725         19.086         72.121       0.790738       0.792901
            726         10.580         39.025       0.786717       0.792901
            727          6.320         85.866       0.931444       0.792901
            728         18.341         61.295       0.769687       0.792901
            729          6.412         71.407       0.917600       0.792901
            730          9.194         79.243       0.896043       0.792901
            731         22.512         93.982       0.806757       0.792901
            732         34.284         80.364       0.700961       0.792901
            733          3.816         59.702       0.939928       0.792901
            734         34.767        104.756       0.750814       0.792901
            735         34.412         77.749       0.693190       0.792901
            736         24.489         83.826       0.773905       0.792901
            737          6.493         88.198       0.931429       0.792901
            738         29.208         52.701       0.643406       0.792901
            739         25.619         44.707       0.635708       0.792901
            740          7.803         77.349       0.908366       0.792901
            741         -1.487         90.867       1.016641       0.792901
            742         18.417         69.389       0.790253       0.792901
            743         35.908         68.380       0.655685       0.792901
            744          7.122        105.143       0.936558       0.792901
            745         20.226         80.402       0.798998       0.792901
            746         16.106         66.517       0.805067       0.792901
            747         20.143         68.895       0.773774       0.792901
            748         38.647         93.153       0.706775       0.792901
            749         22.595        133.090       0.854869       0.792901
            750         24.517         72.553       0.747428       0.792901
            751         10.074         80.780       0.889118       0.792901
            752         37.317        113.587       0.752711       0.792901
            753         30.927         62.734       0.669799       0.792901
            754         35.266         69.613       0.663743       0.792901
            755          5.939         12.371       0.675648       0.792901
            756         38.865         60.946       0.610616       0.792901
            757         21.959         80.687       0.786067       0.792901
            758         31.027         59.294       0.656477       0.792901
            759         11.813         69.118       0.854034       0.792901
            760         54.435         69.240       0.559855       0.792901
            761         29.091         83.937       0.742624       0.792901
            762         14.264         83.437       0.854003       0.792901
            763         15.890         77.363       0.829605       0.792901
            764          9.114         66.444       0.879378       0.792901
            765         12.682         54.513       0.811261       0.792901
            766         14.709         60.120       0.803435       0.792901
            767         23.822         90.525       0.791672       0.792901
            768         14.847         68.571       0.822013       0.792901
            769          7.240         68.765       0.904738       0.792901
            770         16.325         81.737       0.833525       0.792901
            771         19.279         90.380       0.824191       0.792901
            772         14.293         90.525       0.863636       0.792901
            773         15.914         99.725       0.862383       0.792901
            774         20.414         62.974       0.755189       0.792901
            775         22.015         59.301       0.729266       0.792901
            776          8.002        101.789       0.927120       0.792901
            777         24.544        107.461       0.814068       0.792901
            778         19.624         58.471       0.748717       0.792901
            779         11.350         98.363       0.896546       0.792901
            780         14.198         87.344       0.860177       0.792901
            781         17.159        125.298       0.879548       0.792901
            782         27.574         63.268       0.696465       0.792901
            783         17.522         77.101       0.814821       0.792901
            784         26.288         96.324       0.785597       0.792901
            785          8.488        102.533       0.923548       0.792901
            786         30.646         75.962       0.712539       0.792901
            787          6.279         54.911       0.897391       0.792901
            788         14.512         75.161       0.838169       0.792901
            789         22.480        105.498       0.824347       0.792901
            790         24.196         52.381       0.684029       0.792901
            791          1.661         76.534       0.978758       0.792901
            792          9.069        103.223       0.919236       0.792901
            793         29.449         62.692       0.680391       0.792901
            794         32.752         53.752       0.621386       0.792901
            795         -0.387         53.160       1.007334       0.792901
            796         28.501         87.218       0.753704       0.792901
            797         23.724         38.675       0.619802       0.695530
            798         40.998         90.646       0.688571       0.695530
            799         26.595         59.349       0.690555       0.695530
            800         37.798        102.468       0.730529       0.695530
            801         37.034         95.171       0.719876       0.695530
            802         57.554         80.777       0.583939       0.695530
            803         -1.702        100.504       1.017225       0.695530
            804         33.670         36.925       0.523053       0.695530
            805         38.542         33.096       0.461986       0.695530
            806         29.598         90.004       0.752531       0.695530
            807         14.757         74.992       0.835578       0.695530
            808         44.425         72.435       0.619845       0.695530
            809         32.067        110.091       0.774426       0.695530
            810         24.004         69.037       0.742006       0.695530
            811         26.487         68.797       0.722016       0.695530
            812         28.177         82.950       0.746441       0.695530
            813         20.609         75.074       0.784612       0.695530
            814         47.952         41.484       0.463835       0.695530
            815         20.688         47.746       0.697694       0.695530
            816         28.411         45.134       0.613695       0.695530
            817          8.712         76.885       0.898216       0.695530
            818         20.452         71.454       0.777466       0.695530
            819         27.369         65.956       0.706739       0.695530
            820         36.823         81.587       0.689020       0.695530
            821         12.239         68.918       0.849194       0.695530
            822         29.166         30.712       0.512910       0.695530
            823         52.820         55.978       0.514514       0.695530
            824         48.380         45.322       0.483686       0.695530
            825         42.423         14.704       0.257386       0.695530
            826         27.379         56.222       0.672509       0.695530
            827          9.984         57.482       0.852010       0.792901
            828         11.521         91.731       0.888416       0.792901
            829          7.079         10.754       0.603028       0.792901
            830         21.378        102.676       0.827672       0.792901
            831         22.638         69.800       0.755099       0.792901
            832          3.885        135.951       0.972219       0.792901
            833          3.704         61.299       0.943012       0.792901
            834         -6.811        110.471       1.065704       0.792901
            835         32.585        114.430       0.778354       0.792901
            836         13.692         71.362       0.839023       0.792901
            837         16.146         99.338       0.860188       0.792901
            838         22.938         64.893       0.738844       0.792901
            839         18.333        116.575       0.864109       0.792901
            840         21.630         73.705       0.773114       0.792901
            841         20.450         77.474       0.791161       0.792901
            842         31.738         66.840       0.678044       0.792901
            843         31.461         60.959       0.659589       0.792901
            844          1.635         85.625       0.981257       0.792901
            845         27.726        106.472       0.793392       0.792901
            846         29.432         66.179       0.692168       0.792901
            847         -8.359        113.473       1.079522       0.792901
            848         11.841         65.403       0.846701       0.792901
            849         17.380         84.205       0.828913       0.792901
            850         33.955         63.859       0.652864       0.792901
            851         10.975        103.111       0.903798       0.792901
            852         18.553         36.449       0.662690       0.792901
            853         21.669         66.064       0.753009       0.792901
            854         14.882         61.960       0.806331       0.792901
            855         30.486         35.643       0.538988       0.792901
            856         27.202         93.404       0.774458       0.792901
            857         20.548         40.026       0.660783       0.792901
            858         20.168        125.559       0.861602       0.792901
            859          3.315         86.337       0.963019       0.792901
            860         25.437        114.482       0.818204       0.792901
            861         29.336         83.624       0.740297       0.792901
            862         29.899         65.223       0.685677       0.792901
            863         20.715         57.598       0.735486       0.792901
            864         -1.028         73.260       1.014234       0.792901
            865         24.064        105.306       0.813993       0.792901
            866          5.567         84.894       0.938459       0.792901
            867         38.403         16.663       0.302603       0.792901
            868          4.595         60.386       0.929287       0.792901
            869         30.250         88.152       0.744517       0.792901
            870         31.322         58.788       0.652407       0.792901
            871         18.368         80.499       0.814216       0.792901
            872         29.022         87.203       0.750298       0.792901
            873         19.133         98.349       0.837141       0.792901
            874         17.471         78.437       0.817836       0.792901
            875         19.191        123.067       0.865095       0.792901
            876         11.282         96.377       0.895210       0.792901
            877         30.182        110.801       0.785920       0.792901
            878         36.208         86.253       0.704330       0.792901
            879         38.019         76.711       0.668619       0.792901
            880         28.183         59.084       0.677049       0.792901
            881         -0.269        100.767       1.002674       0.792901
            882         23.270         80.506       0.775766       0.792901
            883         26.792         78.443       0.745409       0.792901
            884         22.941         76.968       0.770378       0.792901
            885         28.544         80.230       0.737585       0.792901
            886         56.510         79.813       0.585472       0.695530
            887         38.661         82.479       0.680856       0.695530
            888         39.042         51.495       0.568774       0.695530
            889         16.515         51.529       0.757283       0.695530
            890         26.419         87.565       0.768220       0.695530
            891         40.297         63.715       0.612573       0.695530
            892         47.536         87.316       0.647495       0.695530
            893         17.221         56.194       0.765433       0.695530
            894         42.127        123.693       0.745948       0.695530
            895         40.497         76.930       0.655130       0.695530
            896         32.546         82.443       0.716966       0.695530
            897         13.013        101.662       0.886523       0.695530
            898         23.197         66.443       0.741218       0.695530
            899         19.953         88.083       0.815308       0.695530
            900         50.256         73.503       0.593921       0.695530
            901         -4.634         39.836       1.131623       0.695530
            902         28.048         86.267       0.754642       0.695530
            903         43.985         71.444       0.618942       0.695530
            904         21.121         38.766       0.647324       0.695530
            905         45.113         48.826       0.519763       0.695530
            906         26.730         94.260       0.779071       0.695530
            907         37.593         67.088       0.640882       0.695530
            908         37.503         75.994       0.669569       0.695530
            909         -3.023         63.401       1.050066       0.695530
            910         38.922         36.153       0.481558       0.695530
            911         26.536         66.632       0.715178       0.695530
            912         22.188         76.516       0.775210       0.695530
            913         38.024         57.957       0.603835       0.695530
            914         20.011         83.072       0.805874       0.695530
            915         42.554         87.655       0.673186       0.695530
            916          8.479         28.939       0.773396       0.695530
            917         29.229         85.527       0.745297       0.695530
            918         14.609         69.497       0.826300       0.695530
            919         19.226         91.486       0.826344       0.695530
            920         42.977         13.899       0.244374       0.695530
            921         13.576         43.316       0.761374       0.695530
            922         29.993         81.383       0.730703       0.695530
            923         31.460         72.045       0.696054       0.695530
            924         43.581         58.845       0.574511       0.695530
            925         47.027         55.610       0.541814       0.695530
            926         62.380         65.750       0.513152       0.695530
            927         27.251         53.912       0.664245       0.695530
            928         26.898         45.089       0.626345       0.695530
            929         55.604         77.261       0.581499       0.695530
            930         27.934         68.442       0.710155       0.695530
            931         27.338         44.837       0.621232       0.695530
            932         56.599         65.830       0.537699       0.695530
            933          9.283         77.262       0.892740       0.695530
            934         17.311         72.649       0.807570       0.695530
            935          1.215        105.345       0.988602       0.695530
            936         20.831         39.777       0.656304       0.695530
            937         12.774         90.452       0.876255       0.695530
            938         45.283         77.350       0.630746       0.695530
            939         39.321         67.471       0.631796       0.695530
            940         29.213         94.851       0.764534       0.695530
            941         42.742         38.866       0.476253       0.695530
            942         31.898         83.413       0.723371       0.695530
            943         10.108         60.283       0.856406       0.695530
            944         34.946         84.281       0.706893       0.695530
            945         46.367         58.635       0.558419       0.695530
            946         53.530         71.235       0.570953       0.695530
            947         24.832         64.887       0.723224       0.695530
            948         43.865         42.360       0.491271       0.695530
            949         43.458         64.524       0.597543       0.695530
            950         11.526         56.555       0.830697       0.695530
            951         50.203         69.062       0.579064       0.695530
            952         37.406         83.864       0.691549       0.695530
            953         34.711         92.501       0.727138       0.695530
            954         36.167         47.794       0.569236       0.695530
            955         45.304         67.647       0.598906       0.695530
            956         47.881         52.371       0.522394       0.695530
            957         49.976         65.726       0.568060       0.695530
            958         35.087         83.754       0.704758       0.695530
            959         45.405         76.194       0.626599       0.695530
            960         28.623          8.302       0.224840       0.695530
            961         41.342         20.705       0.333704       0.695530
            962         30.819         82.430       0.727867       0.695530
            963         47.562         76.848       0.617698       0.695530
            964         32.419         89.760       0.734658       0.695530
            965         36.823         51.517       0.583168       0.695530
            966         22.230         93.322       0.807616       0.695530
            967         33.541         83.231       0.712763       0.695530
            968          9.412         71.842       0.884163       0.695530
            969         18.443         52.665       0.740628       0.695530
            970         41.667         59.335       0.587467       0.695530
            971         48.444         70.592       0.593028       0.695530
            972         44.415         73.734       0.624075       0.695530
            973         24.912         38.618       0.607871       0.695530
            974         27.276         64.083       0.701443       0.695530
            975         28.170         76.265       0.730260       0.695530
            976         46.357         58.471       0.557781       0.695530
            977         23.138         39.964       0.633324       0.695530
            978          2.930         68.950       0.959232       0.695530
            979         46.597         51.763       0.526262       0.695530
            980          9.948         61.391       0.860554       0.792901
            981         29.781         97.308       0.765669       0.792901
            982         21.649        100.239       0.822386       0.792901
            983         30.475         40.026       0.567738       0.792901
            984         12.857         54.554       0.809269       0.792901
            985         30.974         64.754       0.676436       0.792901
            986         14.351         96.263       0.870259       0.792901
            987         25.558         80.394       0.758774       0.792901
            988         26.600         76.328       0.741565       0.792901
            989         26.929         74.942       0.735653       0.792901
            990          7.682         96.826       0.926495       0.792901
            991         18.556         98.281       0.841181       0.792901
            992         11.258         61.901       0.846111       0.792901
            993         28.221         34.331       0.548841       0.792901
            994         20.143         60.157       0.749150       0.792901
            995         13.191         62.199       0.825026       0.792901
            996         32.962         86.722       0.724592       0.792901
            997         10.520         63.321       0.857529       0.792901
            998         33.513         91.166       0.731205       0.792901
            999         -8.833         90.628       1.107997       0.792901
           1000         20.303         88.893       0.814070       0.792901
