              1         14.862         61.326       0.804933       0.707379
              2         43.289         30.723       0.415109       0.707379
              3         33.731        101.939       0.751374       0.707379
              4         31.383         87.578       0.736191       0.707379
              5         57.250         48.272       0.457461       0.707379
              6         39.595         40.952       0.508426       0.707379
              7         36.765         73.137       0.665471       0.707379
              8         27.243         92.728       0.772918       0.707379
              9         41.835         53.159       0.559602       0.707379
             10         12.606         77.695       0.860402       0.707379
             11         20.827         67.824       0.765071       0.707379
             12         35.793         77.031       0.682756       0.707379
             13         15.300         74.218       0.829085       0.707379
             14         18.769         53.805       0.741384       0.707379
             15         15.371         48.997       0.761205       0.707379
             16         61.303         59.384       0.492049       0.707379
             17         28.342         85.720       0.751519       0.707379
             18         30.732         80.106       0.722733       0.707379
             19         43.055         81.237       0.653597       0.707379
             20         19.975         68.939       0.775344       0.707379
             21         25.193         83.799       0.768853       0.707379
             22         46.160         62.358       0.574630       0.707379
             23         28.317         66.193       0.700383       0.707379
             24         13.096         92.425       0.875895       0.707379
             25         25.668         63.618       0.712522       0.707379
             26         19.685         36.128       0.647302       0.707379
             27          7.643         77.914       0.910667       0.707379
             28         20.759         94.897       0.820508       0.707379
             29         27.240         70.560       0.721475       0.707379
             30         18.273         48.079       0.724602       0.707379
             31         31.240         55.402       0.639438       0.707379
             32          6.601         60.983       0.902323       0.707379
             33         18.558         74.067       0.799643       0.707379
             34         31.328         78.386       0.714459       0.707379
             35         15.512         85.182       0.845953       0.707379
             36         38.489         60.726       0.612063       0.707379
             37         50.825         69.752       0.578484       0.707379
             38         37.753         95.315       0.716287       0.707379
             39         16.880         76.207       0.818668       0.707379
             40         30.844        105.932       0.774490       0.707379
             41         37.279         54.682       0.594622       0.707379
             42         31.155         56.148       0.643142       0.707379
             43         31.565         41.705       0.569200       0.707379
             44         31.217         50.780       0.619288       0.707379
             45         34.556         71.681       0.674731       0.707379
             46         46.540         65.118       0.583190       0.707379
             47         31.621         32.545       0.507199       0.707379
             48         34.825         47.189       0.575376       0.707379
             49         30.969         94.824       0.753808       0.707379
             50         40.215         66.176       0.622007       0.707379
             51         43.870         55.265       0.557475       0.707379
             52         37.561         40.096       0.516325       0.707379
             53         25.262         55.982       0.689056       0.707379
             54         40.762         82.784       0.670065       0.707379
             55         29.942         69.196       0.697976       0.707379
             56         34.649         63.621       0.647413       0.707379
             57         35.612         73.914       0.674854       0.707379
             58         35.941        100.807       0.737172       0.707379
             59         47.894         66.433       0.581079       0.707379
             60          7.101         32.345       0.819988       0.707379
             61         22.112         58.007       0.724011       0.707379
             62         18.061         61.065       0.771742       0.707379
             63         28.445         83.387       0.745645       0.707379
             64         47.360         88.622       0.651716       0.707379
             65          6.318         56.056       0.898710       0.707379
             66         26.707         71.336       0.727602       0.707379
             67         23.298         57.366       0.711173       0.707379
             68         45.809        107.841       0.701863       0.707379
             69         31.429         48.679       0.607664       0.707379
             70         46.601         84.024       0.643245       0.707379
             71         43.738         87.547       0.666846       0.707379
             72         44.699         63.228       0.585842       0.707379
             73         25.328         54.225       0.681619       0.707379
             74         27.547         79.089       0.741674       0.707379
             75         34.650         81.211       0.700933       0.707379
             76         35.727         62.762       0.637247       0.707379
             77         24.884         62.653       0.715733       0.707379
             78         17.110         58.850       0.774753       0.707379
             79         31.156         80.571       0.721142       0.707379
             80         17.905         94.100       0.840138       0.707379
             81         49.756         55.710       0.528230       0.707379
             82         15.320         65.912       0.811408       0.707379
             83         44.253         69.918       0.612397       0.707379
             84         42.182         24.701       0.369316       0.707379
             85         26.915         61.345       0.695050       0.707379
             86         29.871         58.521       0.662065       0.707379
             87         42.578         70.402       0.623140       0.707379
             88         26.315         42.021       0.614922       0.707379
             89         17.334         52.793       0.752819       0.707379
             90         37.389         49.144       0.567922       0.707379
             91         26.739         71.042       0.726544       0.707379
             92         29.536         72.091       0.709366       0.707379
             93         27.454         73.562       0.728221       0.707379
             94         34.562         97.583       0.738453       0.707379
             95          1.124         85.601       0.987042       0.707379
             96         31.606         55.760       0.638236       0.707379
             97         24.338         67.869       0.736049       0.707379
             98         32.812         96.805       0.746857       0.707379
             99         14.826         82.421       0.847546       0.707379
            100         20.630         97.746       0.825727       0.707379
            101         17.695         76.878       0.812894       0.707379
            102         25.911         32.496       0.556369       0.707379
            103         19.028         58.839       0.755633       0.707379
            104         25.572         68.555       0.728327       0.707379
            105         40.421         60.056       0.597712       0.707379
            106         33.908         82.684       0.709174       0.707379
            107         39.777         65.316       0.621507       0.707379
            108         28.054         69.727       0.713097       0.707379
            109         28.732         89.001       0.755954       0.707379
            110         30.382         92.698       0.753155       0.707379
            111         40.335         40.433       0.500611       0.707379
            112         53.342         68.166       0.560998       0.707379
            113         13.257         75.734       0.851026       0.707379
            114         44.179         73.405       0.624275       0.707379
            115         24.884         74.047       0.748474       0.707379
            116         31.392         86.179       0.732999       0.707379
            117         39.184         69.348       0.638965       0.707379
            118         36.958         84.376       0.695403       0.707379
            119         18.190         72.258       0.798887       0.707379
            120         38.825         69.072       0.640168       0.707379
            121         23.049         57.868       0.715153       0.707379
            122         16.600         48.351       0.744425       0.707379
            123         24.198         92.794       0.793166       0.707379
            124         36.163         67.617       0.651545       0.707379
            125         29.968         68.629       0.696055       0.707379
            126         23.818         60.076       0.716097       0.707379
            127         37.846         59.791       0.612384       0.707379
            128         33.036         55.166       0.625450       0.707379
            129         40.688         87.365       0.682258       0.707379
            130         36.016         78.256       0.684822       0.707379
            131         29.888         67.379       0.692722       0.707379
            132         42.753         76.076       0.640213       0.707379
            133         40.678         91.729       0.692781       0.707379
            134         21.749         59.665       0.732855       0.707379
            135         18.011         64.931       0.782849       0.707379
            136         40.334         51.887       0.562637       0.707379
            137         11.381         78.786       0.873776       0.707379
            138         23.586         76.146       0.763509       0.707379
            139         25.168         66.723       0.726112       0.707379
            140         24.587         86.770       0.779208       0.707379
            141          9.492         67.437       0.876612       0.707379
            142         12.057         66.411       0.846344       0.707379
            143         26.894         75.070       0.736239       0.707379
            144         27.011         67.483       0.714154       0.707379
            145         22.247         65.426       0.746254       0.707379
            146         16.382         40.239       0.710675       0.707379
            147         15.862         43.177       0.731325       0.707379
            148         47.983         37.665       0.439764       0.707379
            149         26.765         68.201       0.718160       0.707379
            150         31.006         69.198       0.690569       0.707379
            151         13.046         52.249       0.800204       0.707379
            152         31.968         55.877       0.636084       0.707379
            153         16.116         61.009       0.791037       0.799368
            154         10.321         88.967       0.896047       0.799368
            155         22.122         83.775       0.791096       0.799368
            156         21.347         94.765       0.816155       0.799368
            157         17.181         75.407       0.814437       0.799368
            158          5.340         79.780       0.937264       0.799368
            159         37.917         68.965       0.645247       0.799368
            160         16.031         60.058       0.789308       0.799368
            161         23.931         74.058       0.755781       0.799368
            162         40.627         70.694       0.635048       0.799368
            163         13.355         80.693       0.858000       0.799368
            164         14.972         58.348       0.795793       0.799368
            165         44.208        105.287       0.704284       0.799368
            166         17.591         74.574       0.809136       0.799368
            167          4.912         59.205       0.923387       0.799368
            168         24.941        110.455       0.815791       0.799368
            169          2.345         68.953       0.967111       0.799368
            170         18.035         60.619       0.770701       0.799368
            171         15.134         80.605       0.841923       0.799368
            172         19.668         89.242       0.819412       0.799368
            173         28.513         83.236       0.744849       0.799368
            174         22.085         96.343       0.813515       0.799368
            175         22.287         68.439       0.754351       0.799368
            176         16.754         72.454       0.812193       0.799368
            177         28.897         62.443       0.683629       0.707379
            178         40.200         67.436       0.626518       0.707379
            179         15.115         46.938       0.756421       0.707379
            180         24.112         88.879       0.786600       0.707379
            181         47.036         55.582       0.541637       0.707379
            182         31.090         74.115       0.704484       0.707379
            183         42.638         75.572       0.639302       0.707379
            184         26.380         82.572       0.757872       0.707379
            185         26.352         81.174       0.754926       0.707379
            186         21.652         75.760       0.777731       0.707379
            187         36.596         90.195       0.711365       0.707379
            188         33.122         37.625       0.531828       0.707379
            189         38.407         92.008       0.705502       0.707379
            190         32.054         80.988       0.716440       0.707379
            191         36.325         84.530       0.699433       0.707379
            192         23.793         66.235       0.735716       0.707379
            193         31.938         58.656       0.647463       0.707379
            194         30.155        100.765       0.769670       0.707379
            195         38.846         69.308       0.640830       0.707379
            196         25.750         58.667       0.694972       0.707379
            197         14.182         78.609       0.847157       0.707379
            198         58.568         71.319       0.549082       0.707379
            199         24.924         57.442       0.697401       0.707379
            200         41.236         80.615       0.661584       0.707379
            201         27.436         68.050       0.712667       0.707379
            202         17.164         65.968       0.793530       0.707379
            203         44.412         88.678       0.666299       0.707379
            204         12.540         83.576       0.869535       0.707379
            205         27.158         68.458       0.715971       0.707379
            206         53.284         62.781       0.540913       0.707379
            207         21.599         96.492       0.817098       0.707379
            208         40.431         70.782       0.636456       0.707379
            209          7.756         84.191       0.915645       0.707379
            210         27.947         75.989       0.731113       0.707379
            211         20.311         85.339       0.807750       0.707379
            212         21.092         55.367       0.724145       0.707379
            213         39.124         71.531       0.646431       0.707379
            214         35.652         74.095       0.675145       0.707379
            215         33.183         54.393       0.621094       0.707379
            216         10.092         76.467       0.883411       0.707379
            217         32.178         83.079       0.720813       0.707379
            218         31.911         92.239       0.742966       0.707379
            219         25.424         96.885       0.792133       0.707379
            220         21.118         89.699       0.809434       0.707379
            221         32.896         78.358       0.704318       0.707379
            222         22.660         64.129       0.738905       0.707379
            223         34.984         66.244       0.654404       0.707379
            224         44.853         51.415       0.534079       0.707379
            225         22.330         62.154       0.735690       0.707379
            226         14.305         68.416       0.827074       0.707379
            227         37.728         80.142       0.679916       0.707379
            228         45.830         80.848       0.638216       0.707379
            229         48.079         75.147       0.609832       0.707379
            230         21.149         73.171       0.775778       0.707379
            231         19.690         50.611       0.719912       0.707379
            232         24.919         52.460       0.677964       0.707379
            233         50.534         64.347       0.560122       0.707379
            234         29.591         93.874       0.760328       0.707379
            235         17.779         92.764       0.839168       0.707379
            236          8.054         76.874       0.905166       0.707379
            237         16.166         79.650       0.831282       0.707379
            238         30.247        107.467       0.780365       0.707379
            239         32.163         62.223       0.659235       0.707379
            240          9.973         64.274       0.865683       0.707379
            241         29.521         93.648       0.760323       0.707379
            242         26.591         73.342       0.733911       0.707379
            243         60.952         90.219       0.596801       0.707379
            244         21.005         61.359       0.744971       0.707379
            245         11.934         65.023       0.844930       0.707379
            246         46.243         87.084       0.653161       0.707379
            247         24.320         84.905       0.777341       0.707379
            248         36.968         71.976       0.660670       0.707379
            249         29.569         75.284       0.717997       0.707379
            250         19.398         84.499       0.813297       0.707379
            251         28.128         59.413       0.678691       0.707379
            252          5.717         76.669       0.930604       0.707379
            253         14.779         75.085       0.835540       0.707379
            254         13.185         61.366       0.823147       0.707379
            255         23.876         47.538       0.665666       0.707379
            256         38.979         56.559       0.592004       0.707379
            257         18.576         70.514       0.791489       0.707379
            258         24.109         41.676       0.633522       0.707379
            259         20.434         56.639       0.734879       0.707379
            260         33.399         76.446       0.695947       0.707379
            261         37.260        105.219       0.738491       0.707379
            262         39.955         59.491       0.598223       0.707379
            263         19.961         65.356       0.766033       0.707379
            264         23.079         74.972       0.764618       0.707379
            265         29.520         77.874       0.725126       0.707379
            266         33.932         53.127       0.610244       0.707379
            267         17.384         52.677       0.751878       0.707379
            268         25.933         65.369       0.715968       0.707379
            269         43.623         84.232       0.658809       0.707379
            270         36.523         77.173       0.678767       0.707379
            271         20.698         94.769       0.820744       0.707379
            272         39.848         53.568       0.573434       0.707379
            273         33.516         57.142       0.630306       0.707379
            274         25.477         44.424       0.635532       0.707379
            275         23.119         77.139       0.769408       0.707379
            276         27.502         68.504       0.713540       0.707379
            277         17.466         81.617       0.823722       0.707379
            278         44.973         86.242       0.657259       0.707379
            279         26.149         55.965       0.681558       0.707379
            280         27.158         51.034       0.652680       0.707379
            281         28.318         61.318       0.684076       0.707379
            282         40.603         44.204       0.521228       0.707379
            283         17.395         50.195       0.742634       0.707379
            284         28.342         77.688       0.732698       0.707379
            285         29.960         72.618       0.707929       0.707379
            286         20.302         75.311       0.787664       0.707379
            287         30.717         69.461       0.693375       0.707379
            288         38.894         57.514       0.596565       0.707379
            289         28.566         76.643       0.728481       0.707379
            290         23.454         54.044       0.697359       0.707379
            291         26.162         76.489       0.745138       0.707379
            292         28.171         50.184       0.640472       0.707379
            293         14.029         47.400       0.771627       0.707379
            294         55.086         43.047       0.438659       0.707379
            295         27.302         80.390       0.746478       0.707379
            296         24.595         53.386       0.684599       0.707379
            297         30.067         69.427       0.697799       0.707379
            298         17.572         79.187       0.818391       0.707379
            299         26.647         69.101       0.721699       0.707379
            300         25.001         96.477       0.794194       0.707379
            301         30.600         78.860       0.720443       0.707379
            302         52.550         72.999       0.581438       0.707379
            303         30.687         63.848       0.675389       0.707379
            304         22.734         39.274       0.633366       0.707379
            305         24.238         57.257       0.702585       0.707379
            306         39.983         83.710       0.676754       0.707379
            307         34.401         72.331       0.677686       0.707379
            308         34.193         87.063       0.718010       0.707379
            309         26.324         58.144       0.688360       0.707379
            310         20.658         76.658       0.787721       0.707379
            311         42.571         46.434       0.521697       0.707379
            312         12.746         88.167       0.873692       0.707379
            313         25.048         65.548       0.723517       0.707379
            314         26.936         57.949       0.682678       0.707379
            315         26.225         87.020       0.768423       0.707379
            316         20.873         62.619       0.749996       0.707379
            317         41.944         55.262       0.568503       0.707379
            318         38.626         85.872       0.689745       0.707379
            319         20.593         83.398       0.801976       0.707379
            320         40.224         91.113       0.693733       0.707379
            321         26.016         70.074       0.729255       0.707379
            322         19.125         37.768       0.663842       0.707379
            323         32.307         81.447       0.715990       0.707379
            324         22.308         73.840       0.767980       0.707379
            325         25.309         66.557       0.724502       0.707379
            326         17.222         59.231       0.774732       0.707379
            327         47.031         96.813       0.673040       0.707379
            328         38.724         69.730       0.642945       0.707379
            329         20.386         67.748       0.768694       0.707379
            330         35.730         75.097       0.677605       0.707379
            331         36.172         96.652       0.727670       0.707379
            332         53.106         39.199       0.424672       0.707379
            333         30.755         65.355       0.680004       0.707379
            334         30.350         77.102       0.717549       0.707379
            335         16.252         81.328       0.833453       0.707379
            336         44.918         73.679       0.621255       0.707379
            337         17.993         72.409       0.800969       0.707379
            338         27.220         93.889       0.775243       0.707379
            339         25.201         72.567       0.742239       0.707379
            340         10.743         81.649       0.883726       0.707379
            341         26.090         68.798       0.725045       0.707379
            342         48.180         79.830       0.623624       0.707379
            343         24.814         79.817       0.762840       0.707379
            344         28.762         85.292       0.747824       0.707379
            345         13.371         84.718       0.863689       0.707379
            346         45.691         57.368       0.556650       0.707379
            347         10.659         40.747       0.792646       0.707379
            348         35.542         71.111       0.666751       0.707379
            349         29.611         85.404       0.742548       0.707379
            350         23.743         67.864       0.740814       0.707379
            351         11.813         38.006       0.762876       0.707379
            352         32.322         91.995       0.740002       0.707379
            353         15.707         48.650       0.755933       0.707379
            354         22.150         66.628       0.750499       0.707379
            355         14.146         39.014       0.733902       0.707379
            356         25.481         73.270       0.741965       0.707379
            357         35.479         60.997       0.632253       0.707379
            358         39.249         47.747       0.548845       0.707379
            359         33.895         81.321       0.705811       0.707379
            360         11.154         80.571       0.878393       0.707379
            361         31.497         62.743       0.665779       0.707379
            362         23.922         77.525       0.764193       0.707379
            363         42.124         61.184       0.592250       0.707379
            364         32.751         53.734       0.621308       0.707379
            365         39.735         58.937       0.597304       0.707379
            366         20.312         85.885       0.808737       0.799368
            367          9.186        104.564       0.919247       0.799368
            368         24.587         90.116       0.785647       0.799368
            369         10.522         68.140       0.866238       0.799368
            370         19.715         83.534       0.809057       0.799368
            371         27.154         97.465       0.782105       0.799368
            372         22.474         71.074       0.759756       0.799368
            373         19.547         69.177       0.779683       0.799368
            374          9.863         57.732       0.854090       0.799368
            375         36.465        116.362       0.761395       0.799368
            376         24.356         84.910       0.777093       0.799368
            377         13.731         89.276       0.866697       0.799368
            378         16.921         91.405       0.843796       0.799368
            379         34.994         68.911       0.663212       0.799368
            380         13.666         64.202       0.824494       0.799368
            381         26.133         87.540       0.770102       0.799368
            382          9.083         87.809       0.906258       0.799368
            383         30.529        107.782       0.779271       0.799368
            384         15.205         76.369       0.833964       0.799368
            385         34.100         96.262       0.738419       0.799368
            386         20.491         77.868       0.791669       0.799368
            387         22.544        115.957       0.837229       0.799368
            388         24.340         48.408       0.665422       0.799368
            389         12.352         89.215       0.878388       0.799368
            390          5.989         95.469       0.940972       0.799368
            391         28.664         66.157       0.697699       0.799368
            392         29.126        100.476       0.775269       0.799368
            393         12.868         76.299       0.855691       0.799368
            394         24.833         94.895       0.792588       0.799368
            395         24.748         71.491       0.742853       0.799368
            396         28.042         90.673       0.763787       0.799368
            397         19.100         66.958       0.778054       0.799368
            398         17.889         72.167       0.801355       0.799368
            399         27.230         80.502       0.747245       0.799368
            400         40.881         67.109       0.621439       0.799368
            401          8.760         78.252       0.899324       0.799368
            402         18.538         82.472       0.816477       0.799368
            403         23.252        101.449       0.813537       0.799368
            404         26.270        104.165       0.798597       0.799368
            405         18.568        101.672       0.845578       0.799368
            406         17.378         90.511       0.838930       0.799368
            407         18.203         99.030       0.844728       0.799368
            408         23.226         84.927       0.785247       0.799368
            409          7.457         45.599       0.859456       0.799368
            410         39.476         71.858       0.645428       0.799368
            411         23.736         63.094       0.726643       0.799368
            412          6.971        105.816       0.938190       0.799368
            413         30.597        123.794       0.801823       0.799368
            414         24.690         69.637       0.738248       0.799368
            415         29.430         97.614       0.768345       0.799368
            416         28.523         70.059       0.710666       0.799368
            417         17.363         81.204       0.823850       0.799368
            418          7.698         74.769       0.906657       0.799368
            419         22.513         49.422       0.687037       0.799368
            420         31.389         94.693       0.751046       0.799368
            421         18.115         85.719       0.825540       0.799368
            422         46.499         45.820       0.496325       0.707379
            423         29.881         60.384       0.668968       0.707379
            424         13.108         92.259       0.875600       0.707379
            425         33.259         84.446       0.717439       0.707379
            426         35.855         54.216       0.601928       0.707379
            427         26.641         87.113       0.765799       0.707379
            428         30.986         80.783       0.722768       0.707379
            429         31.819         79.733       0.714759       0.707379
            430         30.738         59.768       0.660378       0.707379
            431         33.067         55.850       0.628114       0.707379
            432         26.301         75.946       0.742766       0.707379
            433         31.317         89.411       0.740599       0.707379
            434         32.390         90.384       0.736181       0.707379
            435         46.062         86.692       0.653030       0.707379
            436         30.801         72.912       0.703020       0.707379
            437         10.341         94.607       0.901468       0.799368
            438         18.356         63.770       0.776489       0.799368
            439          1.303         99.431       0.987066       0.799368
            440         11.166         71.403       0.864763       0.799368
            441         20.270         69.040       0.773036       0.799368
            442         22.971         84.392       0.786046       0.799368
            443         25.784         78.276       0.752222       0.799368
            444         22.645         96.830       0.810465       0.799368
            445         15.335         53.947       0.778656       0.799368
            446         20.090        108.815       0.844150       0.799368
            447         25.318         86.687       0.773959       0.799368
            448         18.232         87.203       0.827077       0.799368
            449         11.996         81.224       0.871316       0.799368
            450         12.974         89.582       0.873489       0.799368
            451         12.143         95.647       0.887350       0.799368
            452         29.545         87.318       0.747186       0.799368
            453          1.034         61.301       0.983414       0.799368
            454         19.220         88.782       0.822041       0.799368
            455         31.995         73.985       0.698101       0.799368
            456         28.306         55.173       0.660917       0.799368
            457         25.914         61.910       0.704929       0.799368
            458          5.499         78.672       0.934674       0.799368
            459         21.487         70.121       0.765444       0.799368
            460         10.861         78.317       0.878209       0.799368
            461         24.994         70.400       0.737992       0.799368
            462          9.729         86.569       0.898971       0.799368
            463          8.892         71.225       0.889010       0.799368
            464         31.986        105.329       0.767060       0.799368
            465         14.650         90.275       0.860377       0.799368
            466         30.233         75.444       0.713909       0.799368
            467         25.868         82.943       0.762265       0.799368
            468         24.931         91.080       0.785097       0.799368
            469         24.072         98.213       0.803151       0.799368
            470         12.846        114.072       0.898786       0.799368
            471         21.907         54.927       0.714878       0.799368
            472         23.131         82.759       0.781555       0.799368
            473          8.034         97.244       0.923684       0.799368
            474         28.213         81.495       0.742835       0.799368
            475         40.638         89.119       0.686816       0.799368
            476         30.108         64.353       0.681265       0.799368
            477         22.833         89.066       0.795948       0.799368
            478         36.412         72.805       0.666609       0.799368
            479         22.107         81.720       0.787079       0.799368
            480         20.491         56.134       0.732576       0.799368
            481         11.621         71.931       0.860916       0.799368
            482         31.069         74.633       0.706070       0.799368
            483         17.487         63.736       0.784707       0.799368
            484         24.420         98.902       0.801982       0.799368
            485         27.590         81.378       0.746808       0.799368
            486         18.703         89.715       0.827489       0.799368
            487         21.682         99.297       0.820779       0.799368
            488         11.425         71.818       0.862747       0.799368
            489         26.300         83.835       0.761199       0.799368
            490         11.629         88.818       0.884231       0.799368
            491         27.440         90.790       0.767907       0.799368
            492         32.944         63.149       0.657170       0.799368
            493         20.510         63.402       0.755574       0.799368
            494         24.288         76.254       0.758430       0.799368
            495         32.195         68.000       0.678676       0.799368
            496         -3.915         64.831       1.064274       0.799368
            497         22.090         85.252       0.794211       0.799368
            498          5.388         93.478       0.945506       0.799368
            499         19.690        118.726       0.857746       0.799368
            500         26.976        100.545       0.788457       0.799368
            501         17.733         74.552       0.807848       0.799368
            502          1.582         94.611       0.983555       0.799368
            503         18.138         93.823       0.837997       0.799368
            504         15.884         98.003       0.860530       0.799368
            505         17.288         82.025       0.825926       0.799368
            506         17.526         84.683       0.828523       0.799368
            507         14.804         82.082       0.847201       0.799368
            508         24.775         70.340       0.739526       0.799368
            509         14.928         86.659       0.853054       0.799368
            510         22.120         81.719       0.786979       0.799368
            511         16.489         78.343       0.826127       0.799368
            512         37.493         73.131       0.661077       0.799368
            513         31.413         78.170       0.713343       0.799368
            514         13.573         92.577       0.872134       0.799368
            515         28.453         70.017       0.711053       0.799368
            516         39.050         90.884       0.699462       0.799368
            517         17.388         42.995       0.712033       0.799368
            518         22.667        117.861       0.838702       0.799368
            519         28.560         62.322       0.685747       0.799368
            520         13.697         83.499       0.859081       0.799368
            521         27.837         85.808       0.755050       0.799368
            522         26.567         99.312       0.788948       0.799368
            523         18.173         68.634       0.790647       0.799368
            524         19.253         73.382       0.792160       0.799368
            525         19.037         81.968       0.811527       0.799368
            526         26.894         72.360       0.729042       0.799368
            527         21.178        100.659       0.826176       0.799368
            528         22.566         97.841       0.812584       0.799368
            529         19.588         71.080       0.783960       0.799368
            530         29.569         96.149       0.764799       0.799368
            531         26.876         80.455       0.749600       0.799368
            532         26.333         74.036       0.737637       0.799368
            533         21.172         64.017       0.751472       0.799368
            534          9.550         92.531       0.906450       0.799368
            535         20.390         71.029       0.776959       0.799368
            536         31.597         94.668       0.749753       0.799368
            537         24.655        118.585       0.827879       0.799368
            538         20.878         85.586       0.803895       0.799368
            539          5.626         66.790       0.922312       0.799368
            540         12.674         76.660       0.858124       0.799368
            541         15.675         89.506       0.850968       0.799368
            542         16.066         50.789       0.759688       0.799368
            543         36.803         89.217       0.707963       0.799368
            544         27.750         64.650       0.699676       0.799368
            545         21.168         84.163       0.799035       0.799368
            546          6.902         49.194       0.876966       0.799368
            547         24.530         97.185       0.798466       0.799368
            548         29.391         67.875       0.697830       0.799368
            549         19.047         80.684       0.809017       0.799368
            550         18.306        112.216       0.859748       0.799368
            551         19.859         82.056       0.805138       0.799368
            552          4.913         87.019       0.946562       0.799368
            553         13.519         62.997       0.823318       0.799368
            554         19.778         79.318       0.800417       0.799368
            555         36.814         85.803       0.699766       0.799368
            556         10.497         93.510       0.899070       0.799368
            557         35.897         78.310       0.685684       0.799368
            558         32.417         87.234       0.729069       0.799368
            559         29.580         66.746       0.692916       0.799368
            560         19.870         54.535       0.732946       0.799368
            561         26.841         92.153       0.774434       0.799368
            562         23.567         60.946       0.721139       0.799368
            563         23.733         66.375       0.736618       0.799368
            564         26.064         75.314       0.742900       0.799368
            565         26.713         76.606       0.741451       0.799368
            566         13.276         70.975       0.842419       0.799368
            567         10.042         71.343       0.876612       0.799368
            568         22.410         91.911       0.803969       0.799368
            569         17.773         75.141       0.808715       0.799368
            570         20.662        123.531       0.856704       0.799368
            571         29.448         76.357       0.721679       0.799368
            572         14.197         77.666       0.845450       0.799368
            573         21.025         76.158       0.783657       0.799368
            574         14.704         51.620       0.778299       0.799368
            575         28.147        114.839       0.803150       0.799368
            576         15.843        109.450       0.873550       0.799368
            577         19.913         71.124       0.781265       0.799368
            578         14.298         70.473       0.831330       0.799368
            579         32.009         73.682       0.697146       0.799368
            580         34.137         92.504       0.730441       0.799368
            581         19.538         58.465       0.749521       0.799368
            582         -0.274         46.923       1.005867       0.799368
            583         30.171         70.983       0.701735       0.799368
            584          1.326         75.591       0.982765       0.799368
            585         17.702         82.325       0.823025       0.799368
            586         17.592         76.249       0.812533       0.799368
            587         43.721         64.557       0.596216       0.799368
            588         33.554        104.026       0.756113       0.799368
            589         26.015         92.295       0.780113       0.799368
            590         12.040         83.704       0.874252       0.799368
            591         17.721         61.788       0.777123       0.799368
            592          0.177         57.658       0.996935       0.799368
            593         10.455         99.193       0.904650       0.799368
            594          3.810         84.532       0.956868       0.799368
            595          7.646         70.924       0.902682       0.799368
            596          8.821         97.025       0.916658       0.799368
            597          8.233         73.852       0.899702       0.799368
            598         13.207         52.260       0.798267       0.799368
            599         23.319        115.986       0.832605       0.799368
            600         31.555         68.661       0.685130       0.799368
            601         35.248        104.819       0.748349       0.799368
            602         29.414         74.192       0.716099       0.799368
            603         10.887         87.844       0.889730       0.799368
            604         23.549         54.607       0.698688       0.799368
            605         22.940         91.549       0.799630       0.799368
            606         31.582         76.958       0.709030       0.799368
            607         12.526        102.512       0.891116       0.799368
            608         17.548         89.291       0.835754       0.799368
            609         39.182         64.078       0.620552       0.799368
            610         32.047         49.609       0.607532       0.799368
            611         22.761         83.853       0.786506       0.799368
            612         18.816         85.376       0.819406       0.799368
            613         22.892         67.373       0.746392       0.799368
            614         12.147        109.546       0.900184       0.799368
            615         21.939         96.423       0.814643       0.799368
            616         21.511         88.806       0.805009       0.799368
            617         19.849        100.548       0.835140       0.799368
            618         34.628         90.318       0.722858       0.799368
            619         28.172         90.197       0.761999       0.799368
            620         25.960         72.381       0.736019       0.799368
            621         30.248         63.339       0.676794       0.799368
            622         12.542         89.825       0.877475       0.799368
            623         11.510         72.871       0.863596       0.799368
            624         31.841         74.970       0.701897       0.799368
            625         17.022         65.461       0.793634       0.799368
            626         19.167        138.266       0.878255       0.799368
            627         16.447         97.697       0.855907       0.799368
            628         22.843         71.528       0.757945       0.799368
            629         17.973         84.122       0.823955       0.799368
            630         43.020         75.854       0.638101       0.799368
            631         32.780         76.155       0.699088       0.799368
            632         27.957         56.078       0.667317       0.799368
            633         15.944         85.163       0.842307       0.799368
            634         24.007        106.996       0.816747       0.799368
            635         13.298         96.428       0.878810       0.799368
            636         19.213         99.149       0.837677       0.799368
            637         32.950         65.506       0.665331       0.799368
            638         33.610         99.849       0.748162       0.799368
            639         28.258         68.848       0.708995       0.799368
            640         12.813         77.633       0.858335       0.799368
            641         13.784         91.637       0.869248       0.799368
            642         18.346         86.497       0.825013       0.799368
            643         19.634         59.858       0.753010       0.799368
            644         10.874         57.817       0.841700       0.799368
            645         28.548         52.346       0.647092       0.799368
            646         -4.287         81.230       1.055722       0.799368
            647         22.736         85.945       0.790803       0.799368
            648          8.717         77.436       0.898820       0.799368
            649          3.743         66.891       0.947009       0.799368
            650         11.574         80.924       0.874872       0.799368
            651         20.322         78.554       0.794468       0.799368
            652         24.469         69.968       0.740894       0.799368
            653         20.187         32.359       0.615827       0.799368
            654         21.102         67.697       0.762363       0.799368
            655         20.649         58.383       0.738728       0.799368
            656         12.478         77.567       0.861427       0.799368
            657         17.312         75.648       0.813769       0.799368
            658          6.145         84.578       0.932262       0.799368
            659         24.276         51.777       0.680799       0.799368
            660          8.111         64.268       0.887936       0.799368
            661         19.038         99.073       0.838810       0.799368
            662         30.298         33.250       0.523223       0.799368
            663         23.566         78.700       0.769559       0.799368
            664          4.874         79.812       0.942441       0.799368
            665         -1.384         93.396       1.015043       0.799368
            666         10.588        108.928       0.911408       0.799368
            667         13.452        116.938       0.896833       0.799368
            668         17.348         95.158       0.845805       0.799368
            669         28.754        108.188       0.790029       0.799368
            670          6.940         79.502       0.919713       0.799368
            671         25.617         59.213       0.698023       0.799368
            672         14.572         72.949       0.833505       0.799368
            673         14.229         68.891       0.828817       0.799368
            674         26.092         89.218       0.773724       0.799368
            675         18.273         85.172       0.823355       0.799368
            676          8.778        108.996       0.925468       0.799368
            677         26.248         78.619       0.749702       0.799368
            678         35.351         51.777       0.594265       0.799368
            679         10.835         83.817       0.885525       0.799368
            680         19.377         87.244       0.818267       0.799368
            681         20.352         93.694       0.821542       0.799368
            682          8.304         80.863       0.906875       0.799368
            683         14.689         99.376       0.871222       0.799368
            684         21.735         76.254       0.778193       0.799368
            685         20.654         44.395       0.682491       0.799368
            686         12.851         76.032       0.855416       0.799368
            687         19.600         76.696       0.796460       0.799368
            688         20.558         71.918       0.777689       0.799368
            689         21.841         75.043       0.774568       0.799368
            690          3.878        112.682       0.966726       0.799368
            691         30.402         76.852       0.716542       0.799368
            692         24.816         75.381       0.752332       0.799368
            693         26.231        113.271       0.811967       0.799368
            694         45.715         71.723       0.610728       0.799368
            695         27.904         98.901       0.779947       0.799368
            696          7.858        108.590       0.932520       0.799368
            697         15.892         73.937       0.823084       0.799368
            698          2.570         88.231       0.971695       0.799368
            699          9.581         83.402       0.896962       0.799368
            700          7.438         74.354       0.909064       0.799368
            701         32.503        107.588       0.767985       0.799368
            702         21.296        107.817       0.835062       0.799368
            703          9.929         56.755       0.851098       0.799368
            704         17.291         62.839       0.784212       0.799368
            705          9.618         86.449       0.899881       0.799368
            706         16.247         90.890       0.848356       0.799368
            707         17.433         39.104       0.691649       0.799368
            708         20.096         98.329       0.830307       0.799368
            709         20.835        122.413       0.854551       0.799368
            710         27.787         93.901       0.771656       0.799368
            711         15.654         73.460       0.824340       0.799368
            712         18.832         63.910       0.772398       0.799368
            713         22.298         98.579       0.815532       0.799368
            714         19.266         67.394       0.777684       0.799368
            715          7.688         56.911       0.880993       0.799368
            716         23.800         74.139       0.756988       0.799368
            717         10.534         70.517       0.870037       0.799368
            718         12.648         74.870       0.855480       0.799368
            719         22.516         86.872       0.794163       0.799368
            720         20.675         86.247       0.806637       0.799368
            721         34.633         63.130       0.645747       0.799368
            722         31.039         69.770       0.692103       0.799368
            723         25.867         58.215       0.692362       0.799368
            724         21.643         57.064       0.725022       0.799368
            725         14.655        106.633       0.879174       0.799368
            726         24.056         90.411       0.789840       0.799368
            727         25.055         80.110       0.761753       0.799368
            728         17.889         87.316       0.829962       0.799368
            729         25.822         69.141       0.728080       0.799368
            730         16.541         86.591       0.839609       0.799368
            731         26.938         82.023       0.752773       0.799368
            732          4.546         90.074       0.951953       0.799368
            733         34.954         70.729       0.669258       0.799368
            734         12.485         95.483       0.884360       0.799368
            735         14.234        102.199       0.877746       0.799368
            736          3.215         58.811       0.948171       0.799368
            737         25.250         82.421       0.765487       0.799368
            738         16.851        110.177       0.867345       0.799368
            739          8.810         68.642       0.886255       0.799368
            740         12.348        102.565       0.892545       0.799368
            741         16.955         77.549       0.820591       0.799368
            742          7.454         56.017       0.882559       0.799368
            743          9.871        111.597       0.918735       0.799368
            744         22.914         64.298       0.737261       0.799368
            745         35.955         59.385       0.622877       0.799368
            746         30.037         83.986       0.736574       0.799368
            747         33.916         70.236       0.674363       0.799368
            748         20.527         98.143       0.827025       0.799368
            749         25.831        107.006       0.805544       0.799368
            750         31.701         94.559       0.748922       0.799368
            751         17.677         54.031       0.753490       0.799368
            752         20.005         84.445       0.808475       0.799368
            753         15.985         66.494       0.806198       0.799368
            754         11.838        101.055       0.895142       0.799368
            755         17.124         83.070       0.829091       0.799368
            756         18.018        101.363       0.849070       0.799368
            757          5.321         82.918       0.939693       0.799368
            758         23.755         61.164       0.720260       0.799368
            759         25.644         57.326       0.690926       0.799368
            760         16.619         71.515       0.811436       0.799368
            761         34.635         73.117       0.678569       0.799368
            762         23.841         91.176       0.792718       0.799368
            763         16.024         65.837       0.804251       0.799368
            764         12.950        101.365       0.886714       0.799368
            765         37.942         88.685       0.700363       0.799368
            766         23.801         84.291       0.779808       0.799368
            767         23.645         82.217       0.776640       0.799368
            768         26.802         70.497       0.724537       0.799368
            769         27.040         60.473       0.691021       0.799368
            770         18.009         73.190       0.802530       0.799368
            771         26.306         69.630       0.725794       0.799368
            772         19.805         58.449       0.746910       0.799368
            773          9.480         73.620       0.885917       0.799368
            774          8.807         65.118       0.880862       0.799368
            775         18.224        120.695       0.868815       0.799368
            776         19.490         97.253       0.833051       0.799368
            777         19.503         79.709       0.803421       0.799368
            778         23.729         59.033       0.713285       0.799368
            779         12.731        105.991       0.892765       0.799368
            780         19.199         66.383       0.775668       0.799368
            781         22.388         97.762       0.813667       0.799368
            782         18.118         92.302       0.835916       0.799368
            783         17.252         65.719       0.792069       0.799368
            784         18.218        110.080       0.858003       0.799368
            785         21.078         91.622       0.812975       0.799368
            786         12.758        105.748       0.892345       0.799368
            787         25.686         62.445       0.708547       0.799368
            788         20.231         92.431       0.820431       0.799368
            789         19.595         95.968       0.830440       0.799368
            790         28.894         74.306       0.720021       0.799368
            791         26.362        110.523       0.807412       0.799368
            792         25.378         69.221       0.731727       0.799368
            793         25.352        125.820       0.832296       0.799368
            794         13.485         63.794       0.825505       0.799368
            795         25.381         58.519       0.697486       0.799368
            796         13.928         62.699       0.818241       0.799368
            797          6.420         85.320       0.930017       0.799368
            798         12.087         67.883       0.848852       0.799368
            799         31.451         88.150       0.737031       0.799368
            800          2.656         86.022       0.970047       0.799368
            801         12.118         60.885       0.834011       0.799368
            802         26.032         83.851       0.763092       0.799368
            803         24.227         62.408       0.720352       0.799368
            804         41.641         56.212       0.574455       0.799368
            805         17.452         85.064       0.829760       0.799368
            806         32.072         83.001       0.721291       0.799368
            807         13.275         76.880       0.852751       0.799368
            808         27.279         49.844       0.646287       0.799368
            809         25.281         67.364       0.727117       0.799368
            810         31.547         89.294       0.738941       0.799368
            811         10.800         88.872       0.891644       0.799368
            812         19.332         64.464       0.769300       0.799368
            813         28.373         77.266       0.731414       0.799368
            814         23.012         57.450       0.714004       0.799368
            815         12.752         70.211       0.846292       0.799368
            816         11.480         84.281       0.880116       0.799368
            817         14.456         61.293       0.809158       0.799368
            818         24.385         67.534       0.734709       0.799368
            819         23.739        105.538       0.816371       0.799368
            820         28.957         75.485       0.722743       0.799368
            821         19.888         83.558       0.807743       0.799368
            822         23.464         97.964       0.806765       0.799368
            823         24.840         81.898       0.767280       0.799368
            824         23.241         88.329       0.791693       0.799368
            825         32.899        104.027       0.759733       0.799368
            826         31.588         78.095       0.712005       0.799368
            827         30.725         48.154       0.610479       0.799368
            828         24.444         71.078       0.744099       0.799368
            829         35.164         68.976       0.662341       0.799368
            830         -0.606         66.851       1.009154       0.799368
            831         18.647         65.861       0.779348       0.799368
            832         18.043         90.199       0.833313       0.799368
            833         19.026         70.211       0.786794       0.799368
            834         14.463         64.332       0.816445       0.799368
            835         36.524        110.657       0.751844       0.799368
            836         18.212         67.743       0.788123       0.799368
            837         16.041        106.068       0.868635       0.799368
            838         19.524        106.472       0.845041       0.799368
            839         12.789         78.401       0.859749       0.799368
            840          9.299         81.508       0.897597       0.799368
            841         34.028        110.098       0.763900       0.799368
            842         15.041         87.694       0.853597       0.799368
            843         33.321         83.746       0.715368       0.799368
            844         19.472         80.612       0.805448       0.799368
            845         21.978         94.053       0.810588       0.799368
            846          2.186         94.652       0.977425       0.799368
            847         15.597         81.798       0.839862       0.799368
            848         14.700        118.065       0.889279       0.799368
            849         25.972         96.130       0.787292       0.799368
            850         12.476         48.795       0.796377       0.799368
            851         29.089         95.829       0.767133       0.799368
            852         22.358         64.884       0.743724       0.799368
            853         24.288        114.409       0.824883       0.799368
            854         26.956         63.417       0.701722       0.799368
            855         33.475         52.552       0.610876       0.799368
            856         15.229         84.959       0.847996       0.799368
            857         23.631         55.650       0.701935       0.799368
            858         25.260        112.143       0.816161       0.799368
            859         17.376         60.125       0.775799       0.799368
            860         24.684        120.049       0.829453       0.799368
            861         16.514         83.688       0.835189       0.799368
            862         20.528         52.603       0.719300       0.799368
            863         15.713         83.893       0.842248       0.799368
            864         24.168         86.836       0.782278       0.799368
            865         20.768         78.295       0.790356       0.799368
            866         29.863         70.035       0.701067       0.799368
            867         20.220         55.609       0.733352       0.799368
            868         21.851         75.148       0.774730       0.799368
            869         12.286         61.665       0.833858       0.799368
            870         31.837         55.409       0.635091       0.799368
            871          2.337         75.183       0.969859       0.799368
            872         17.284         61.133       0.779592       0.799368
            873         11.405         86.093       0.883022       0.799368
            874         20.395         95.165       0.823509       0.799368
            875         23.283         75.589       0.764510       0.799368
            876         22.995         63.609       0.734483       0.799368
            877         19.612         74.831       0.792341       0.799368
            878         24.334         49.680       0.671228       0.707379
            879         37.995         65.352       0.632356       0.707379
            880         28.122         55.918       0.665376       0.707379
            881         27.644         64.968       0.701505       0.707379
            882         39.022         52.204       0.572253       0.707379
            883         28.690         97.980       0.773505       0.707379
            884         38.957         81.761       0.677287       0.707379
            885         14.931         70.926       0.826092       0.707379
            886         38.831         52.761       0.576043       0.707379
            887         40.198         67.332       0.626168       0.707379
            888         35.245         82.381       0.700362       0.707379
            889         56.570         52.738       0.482473       0.707379
            890         26.737         82.877       0.756079       0.707379
            891         38.791         51.755       0.571590       0.707379
            892         18.487         77.623       0.807643       0.707379
            893         23.510         93.710       0.799435       0.707379
            894         28.324         78.389       0.734577       0.707379
            895         36.987         71.411       0.658783       0.707379
            896         32.224         75.353       0.700453       0.707379
            897         22.250         74.519       0.770067       0.707379
            898         16.375         57.214       0.777485       0.707379
            899         34.483         49.289       0.588370       0.707379
            900         20.495         88.324       0.811660       0.707379
            901         21.363         40.167       0.652804       0.707379
            902          9.917         75.727       0.884209       0.707379
            903         10.736         80.555       0.882393       0.707379
            904         44.245         75.377       0.630131       0.707379
            905         30.646         97.528       0.760902       0.707379
            906         33.108         81.349       0.710736       0.707379
            907         33.680         45.904       0.576804       0.707379
            908         36.526         48.074       0.568255       0.707379
            909         45.103         41.312       0.478063       0.707379
            910          8.623         85.692       0.908573       0.707379
            911         14.531         72.195       0.832454       0.707379
            912         15.035         78.208       0.838751       0.707379
            913         41.201         54.888       0.571220       0.707379
            914         41.794         80.633       0.658622       0.707379
            915         36.077         96.392       0.727654       0.707379
            916          8.782         53.923       0.859943       0.707379
            917         25.484         78.889       0.755835       0.707379
            918         44.085         97.883       0.689470       0.707379
            919         38.689         68.136       0.637830       0.707379
            920         51.755         52.464       0.503400       0.707379
            921         36.924         80.794       0.686334       0.707379
            922         30.918         61.263       0.664595       0.707379
            923         28.273         66.349       0.701198       0.707379
            924         29.324         90.534       0.755344       0.707379
            925         10.802         82.658       0.884423       0.707379
            926         28.694         86.835       0.751628       0.707379
            927         13.778         65.345       0.825867       0.707379
            928         41.564         70.731       0.629867       0.707379
            929         14.931         81.590       0.845309       0.707379
            930         31.534        102.542       0.764802       0.707379
            931         24.527         61.263       0.714108       0.707379
            932         29.848         55.029       0.648334       0.707379
            933         25.121         33.409       0.570803       0.707379
            934         28.055         84.961       0.751763       0.707379
            935         16.201         92.861       0.851455       0.707379
            936         33.319         93.521       0.737317       0.707379
            937         46.007         70.144       0.603904       0.707379
            938         20.054         76.640       0.792606       0.707379
            939         39.113         77.468       0.664502       0.707379
            940         25.044         50.714       0.669422       0.707379
            941         37.769         84.683       0.691559       0.707379
            942         31.550         69.576       0.688013       0.707379
            943         18.614         75.547       0.802316       0.707379
            944         18.018         80.663       0.817408       0.707379
            945         38.151         85.614       0.691745       0.707379
            946         36.824         60.203       0.620481       0.707379
            947         40.983         74.728       0.645814       0.707379
            948         25.124         94.749       0.790412       0.707379
            949         28.561         70.523       0.711754       0.707379
            950         22.390         82.401       0.786341       0.707379
            951         33.105         60.125       0.644911       0.707379
            952         20.326         78.067       0.793422       0.707379
            953         36.791         63.847       0.634419       0.707379
            954         42.659         97.578       0.695807       0.707379
            955         44.388         71.592       0.617278       0.707379
            956         37.186         74.804       0.667951       0.707379
            957         32.094         73.574       0.696276       0.707379
            958         22.005         63.082       0.741382       0.707379
            959         29.945         38.902       0.565046       0.707379
            960         27.239         69.748       0.719149       0.707379
            961         14.979         69.470       0.822625       0.707379
            962         32.909         55.073       0.625962       0.707379
            963         23.582         69.960       0.747900       0.707379
            964         33.651         41.361       0.551398       0.707379
            965         49.839         84.627       0.629357       0.707379
            966         26.053         81.149       0.756970       0.707379
            967         26.057         80.198       0.754769       0.707379
            968         33.558         79.620       0.703494       0.707379
            969         30.013         79.586       0.726157       0.707379
            970         12.341         62.687       0.835516       0.707379
            971         15.890         95.624       0.857508       0.707379
            972         29.608         35.300       0.543847       0.707379
            973         34.195         59.032       0.633209       0.707379
            974         26.846         73.292       0.731909       0.707379
            975         40.059         83.779       0.676523       0.707379
            976         53.237         86.742       0.619678       0.707379
            977         26.906         73.071       0.730881       0.707379
            978         22.351         78.405       0.778170       0.707379
            979         51.447         81.855       0.614058       0.707379
            980         28.267         60.424       0.681288       0.707379
            981          5.334         45.435       0.894938       0.707379
            982         20.045         56.456       0.737978       0.707379
            983         25.641         58.838       0.696482       0.707379
            984         35.184         96.666       0.733150       0.707379
            985         49.765        106.157       0.680833       0.707379
            986         30.926         85.340       0.734005       0.707379
            987         15.422         65.396       0.809177       0.707379
            988         31.194         92.144       0.747086       0.707379
            989         27.056         81.460       0.750672       0.707379
            990         31.535         66.228       0.677433       0.707379
            991         26.229         64.437       0.710712       0.707379
            992         35.775         85.789       0.705708       0.707379
            993         28.577         78.612       0.733397       0.707379
            994         42.042         65.413       0.608744       0.707379
            995         22.606         43.035       0.655606       0.707379
            996         50.849         62.836       0.552720       0.707379
            997         41.748         70.661       0.628602       0.707379
            998         25.373         58.297       0.696752       0.707379
            999         27.316         99.334       0.784318       0.707379
           1000         31.994         74.679       0.700072       0.707379
