              1         17.704         61.113       0.775374       0.695678
              2         19.257         30.883       0.615939       0.695678
              3         38.108         74.860       0.662666       0.695678
              4         27.169         82.438       0.752124       0.695678
              5         41.567        103.987       0.714423       0.695678
              6         19.644         59.966       0.753247       0.695678
              7         32.485         77.211       0.703864       0.695678
              8         44.532         47.901       0.518227       0.695678
              9         24.601         93.738       0.792113       0.695678
             10         35.131         68.962       0.662505       0.695678
             11         21.321         73.749       0.775730       0.695678
             12         38.137         78.342       0.672586       0.695678
             13         26.298        113.090       0.811334       0.695678
             14         44.861         76.557       0.630525       0.695678
             15         31.006         23.346       0.429531       0.695678
             16         31.743         64.774       0.671114       0.695678
             17         40.563         84.492       0.675640       0.695678
             18         37.808         76.231       0.668468       0.695678
             19         45.542         45.798       0.501404       0.695678
             20         18.021         55.606       0.755235       0.695678
             21         32.710         59.991       0.647144       0.695678
             22         30.484         66.037       0.684169       0.695678
             23         21.726         39.456       0.644893       0.695678
             24         42.920         93.868       0.686229       0.695678
             25         42.739         86.107       0.668292       0.695678
             26         35.285         18.414       0.342907       0.695678
             27         22.501         76.202       0.772031       0.695678
             28         41.870         69.923       0.625468       0.695678
             29         16.654         95.481       0.851486       0.695678
             30         24.894         67.247       0.729830       0.695678
             31         47.641         50.546       0.514794       0.695678
             32         23.350         61.177       0.723759       0.695678
             33         27.307         97.577       0.781341       0.695678
             34         27.329         49.630       0.644888       0.695678
             35         25.037         66.754       0.727238       0.695678
             36         38.896         78.643       0.669077       0.695678
             37         34.640         67.191       0.659830       0.695678
             38         23.879         62.883       0.724772       0.695678
             39         33.113         40.262       0.548715       0.695678
             40         25.356         45.607       0.642687       0.695678
             41         37.453         90.942       0.708301       0.695678
             42         33.857         53.317       0.611618       0.695678
             43         26.945         69.641       0.721024       0.695678
             44         19.562         61.942       0.759987       0.695678
             45         40.151         60.928       0.602778       0.695678
             46         39.107         87.176       0.690320       0.695678
             47         30.048         76.810       0.718807       0.695678
             48          9.072         48.788       0.843209       0.695678
             49         26.872         97.178       0.783379       0.695678
             50         38.601         68.086       0.638186       0.695678
             51         26.579         67.951       0.718834       0.695678
             52         40.592         45.772       0.529989       0.695678
             53         27.183         71.465       0.724442       0.695678
             54         21.336         55.060       0.720719       0.695678
             55         22.543         92.169       0.803479       0.695678
             56         39.327         87.744       0.690512       0.695678
             57         42.208        105.508       0.714264       0.695678
             58         29.157         71.432       0.710141       0.695678
             59         14.149         59.027       0.806650       0.695678
             60         35.096         40.062       0.533036       0.695678
             61          8.153         85.943       0.913359       0.695678
             62         24.211         75.910       0.758185       0.695678
             63         12.959         55.768       0.811437       0.695678
             64         31.172         77.264       0.712530       0.695678
             65         35.114         57.870       0.622364       0.695678
             66         33.041         99.091       0.749940       0.695678
             67         28.200         75.813       0.728879       0.695678
             68         23.937         49.278       0.673062       0.695678
             69         39.567         84.941       0.682212       0.695678
             70         39.905         58.348       0.593857       0.695678
             71         27.026         65.535       0.708019       0.695678
             72         28.793        100.780       0.777784       0.695678
             73         52.458         84.734       0.617629       0.695678
             74         35.121         31.074       0.469430       0.695678
             75         26.996         52.770       0.661557       0.695678
             76         27.627         61.497       0.690016       0.695678
             77         32.008         62.436       0.661090       0.695678
             78         53.028         90.882       0.631520       0.695678
             79         29.920         51.155       0.630963       0.695678
             80         38.351         88.020       0.696520       0.695678
             81         19.962        105.092       0.840374       0.794636
             82         25.208         80.074       0.760570       0.794636
             83         18.414         71.122       0.794344       0.794636
             84          4.347         97.487       0.957315       0.794636
             85         31.579         76.324       0.707339       0.794636
             86         10.251         59.990       0.854062       0.794636
             87         26.128         96.212       0.786434       0.794636
             88         21.649         74.740       0.775399       0.794636
             89         29.404         95.814       0.765178       0.794636
             90         26.462         93.250       0.778956       0.794636
             91         15.375         97.967       0.864346       0.794636
             92         19.363         86.119       0.816429       0.794636
             93          5.362         96.107       0.947156       0.794636
             94         19.033         76.126       0.799986       0.794636
             95         19.509         90.716       0.823010       0.794636
             96         34.803         94.036       0.729875       0.794636
             97         14.455         77.756       0.843238       0.794636
             98         20.909         89.910       0.811326       0.794636
             99         17.784         78.746       0.815763       0.794636
            100         33.852         98.428       0.744088       0.794636
            101         30.719         77.537       0.716239       0.794636
            102         18.721        101.142       0.843812       0.794636
            103         20.723         96.104       0.822618       0.794636
            104          6.579         53.598       0.890670       0.794636
            105         34.562         71.580       0.674376       0.794636
            106         10.096         85.713       0.894624       0.794636
            107         18.706         81.090       0.812557       0.794636
            108         23.637         53.300       0.692775       0.794636
            109         13.043         86.022       0.868337       0.794636
            110         23.851         73.865       0.755916       0.794636
            111         27.765         76.230       0.733015       0.695678
            112         39.876         78.997       0.664548       0.695678
            113         31.383         70.370       0.691580       0.695678
            114         39.237         79.478       0.669488       0.695678
            115         39.981         76.077       0.655507       0.695678
            116         41.685         84.404       0.669400       0.695678
            117         13.765         76.818       0.848037       0.695678
            118         44.353         65.604       0.596636       0.695678
            119         33.651         64.139       0.655888       0.695678
            120         36.050         48.040       0.571294       0.695678
            121         52.580         70.993       0.574504       0.695678
            122         31.252         38.479       0.551824       0.695678
            123         27.539         62.579       0.694415       0.695678
            124         41.829         72.080       0.632788       0.695678
            125         29.788         47.020       0.612178       0.695678
            126         29.345        106.468       0.783929       0.695678
            127         29.994         63.732       0.679978       0.695678
            128         20.740         44.888       0.683976       0.695678
            129         24.780         65.053       0.724155       0.695678
            130         25.399         75.418       0.748067       0.695678
            131         20.022         65.238       0.765168       0.695678
            132         26.397         61.534       0.699801       0.695678
            133         21.137         76.742       0.784052       0.695678
            134         47.931         69.873       0.593128       0.695678
            135          6.692         60.742       0.900757       0.695678
            136         31.951         55.660       0.635305       0.695678
            137         38.409         69.383       0.643679       0.695678
            138         43.579         56.162       0.563080       0.695678
            139          9.920         81.077       0.890989       0.695678
            140         26.552         79.363       0.749306       0.695678
            141         15.557         78.676       0.834911       0.695678
            142         43.440         64.988       0.599367       0.695678
            143         39.011         59.155       0.602601       0.695678
            144         56.774         87.668       0.606943       0.695678
            145         46.360         91.146       0.662854       0.695678
            146         10.183         75.951       0.881779       0.695678
            147         35.372         40.641       0.534655       0.695678
            148         15.253         69.738       0.820533       0.695678
            149         37.299         44.943       0.546474       0.695678
            150         40.280         72.190       0.641859       0.695678
            151         15.410         57.374       0.788273       0.794636
            152          5.161        109.628       0.955037       0.794636
            153         26.283         74.287       0.738663       0.794636
            154         23.752         75.742       0.761270       0.794636
            155         26.870        115.662       0.811481       0.794636
            156         15.458         73.170       0.825588       0.794636
            157         12.270         71.386       0.853324       0.794636
            158         36.556         88.500       0.707682       0.794636
            159         11.642         72.962       0.862394       0.794636
            160         24.951         72.611       0.744257       0.794636
            161          7.624         83.075       0.915947       0.794636
            162         14.566         79.751       0.845562       0.794636
            163         22.400         94.368       0.808170       0.794636
            164         25.989         95.432       0.785957       0.794636
            165         18.010         61.010       0.772085       0.794636
            166          8.343         70.433       0.894087       0.794636
            167         20.357         86.362       0.809246       0.794636
            168         15.582        109.465       0.875391       0.794636
            169         38.451        109.003       0.739233       0.794636
            170         14.846         79.790       0.843123       0.794636
            171          4.842        104.625       0.955765       0.794636
            172         33.914         98.113       0.743132       0.794636
            173         24.917         62.485       0.714911       0.794636
            174         17.279         88.546       0.836717       0.794636
            175         18.580         72.848       0.796781       0.794636
            176          6.888         66.062       0.905585       0.794636
            177         32.743         75.311       0.696977       0.794636
            178         26.397         85.596       0.764295       0.794636
            179         33.451        100.731       0.750704       0.794636
            180         24.736         76.838       0.756471       0.794636
            181          8.516         85.704       0.909616       0.794636
            182         19.216         58.738       0.753500       0.794636
            183         14.163         86.075       0.858703       0.794636
            184         29.551         87.267       0.747033       0.794636
            185          8.346         73.573       0.898121       0.794636
            186          7.011        109.254       0.939696       0.794636
            187         24.790         47.436       0.656770       0.794636
            188         24.913         43.412       0.635374       0.794636
            189         19.517         57.484       0.746533       0.794636
            190         29.035         86.435       0.748549       0.794636
            191         13.196         72.354       0.845749       0.794636
            192         23.993         70.271       0.745468       0.794636
            193         -6.972         73.836       1.104266       0.794636
            194         11.223         46.779       0.806507       0.794636
            195         23.589         68.530       0.743927       0.794636
            196         17.466         90.768       0.838626       0.794636
            197         18.790         61.097       0.764798       0.794636
            198         16.287         89.504       0.846048       0.794636
            199          8.130        120.934       0.937006       0.794636
            200         12.502         67.097       0.842942       0.794636
            201         42.482         45.501       0.517160       0.794636
            202         21.144         93.477       0.815532       0.794636
            203         24.844         55.038       0.688991       0.794636
            204         22.908         90.365       0.797764       0.794636
            205         17.993        105.890       0.854758       0.794636
            206         14.226         83.265       0.854079       0.794636
            207         28.862         63.683       0.688130       0.794636
            208         34.177         70.314       0.672918       0.794636
            209         19.164         58.062       0.751844       0.794636
            210         31.615         76.405       0.707322       0.794636
            211          7.020        112.545       0.941287       0.794636
            212         18.606         99.027       0.841827       0.794636
            213         13.057         59.639       0.820393       0.794636
            214         20.968         68.641       0.766008       0.794636
            215         29.543         84.765       0.741549       0.794636
            216         20.915         61.543       0.746352       0.794636
            217         20.220         56.976       0.738066       0.794636
            218         19.146         59.063       0.755193       0.794636
            219         32.759        120.400       0.786114       0.794636
            220         19.955         68.891       0.775402       0.794636
            221          9.011        127.439       0.933960       0.794636
            222          9.236        115.476       0.925945       0.794636
            223          1.670         77.217       0.978826       0.794636
            224         23.401        100.604       0.811289       0.794636
            225         17.846         85.021       0.826510       0.794636
            226         28.351         52.576       0.649672       0.794636
            227         28.272         67.447       0.704636       0.794636
            228         29.783         58.966       0.664413       0.794636
            229         33.673         46.153       0.578165       0.794636
            230         10.561         89.794       0.894763       0.794636
            231         11.578         89.941       0.885952       0.794636
            232         10.103         85.644       0.894484       0.794636
            233         17.965         84.603       0.824850       0.794636
            234         26.866        118.745       0.815493       0.794636
            235         28.774         78.113       0.730797       0.794636
            236         10.972         46.323       0.808501       0.794636
            237         32.692         79.850       0.709515       0.794636
            238         22.854         47.274       0.674108       0.794636
            239         18.564         79.003       0.809732       0.794636
            240         35.087         72.888       0.675044       0.794636
            241         22.649         80.370       0.780151       0.794636
            242         15.584        107.159       0.873034       0.794636
            243         27.610         73.184       0.726075       0.794636
            244         27.321         86.764       0.760523       0.794636
            245         15.483         85.195       0.846216       0.794636
            246         33.598         62.812       0.651510       0.794636
            247         13.969         83.041       0.856006       0.794636
            248         25.477         90.191       0.779741       0.794636
            249         23.940         71.044       0.747956       0.794636
            250         -1.010         85.143       1.012004       0.794636
            251         16.062         88.751       0.846756       0.794636
            252         10.576         69.587       0.868074       0.794636
            253         13.791         63.420       0.821390       0.794636
            254         34.073         57.246       0.626878       0.794636
            255         28.771         69.878       0.708347       0.794636
            256          9.194         90.649       0.907920       0.794636
            257         13.017         50.611       0.795416       0.794636
            258          1.567         91.965       0.983241       0.794636
            259         30.745         79.833       0.721962       0.794636
            260         22.437         60.727       0.730206       0.794636
            261         27.608         73.631       0.727299       0.794636
            262         27.394         83.545       0.753071       0.794636
            263         14.381         55.326       0.793694       0.794636
            264         23.127         77.427       0.770005       0.794636
            265         34.901         38.987       0.527648       0.794636
            266         11.290         93.962       0.892737       0.794636
            267         14.992         49.726       0.768343       0.794636
            268         22.699         82.111       0.783425       0.794636
            269         25.342         63.411       0.714467       0.794636
            270         26.566         57.116       0.682539       0.794636
            271         25.745         91.105       0.779672       0.794636
            272         23.608         96.195       0.802941       0.794636
            273         13.828         48.397       0.777779       0.794636
            274          7.293         85.919       0.921755       0.794636
            275         32.932         88.699       0.729248       0.794636
            276         20.994         86.589       0.804857       0.794636
            277         12.479        106.476       0.895096       0.794636
            278         24.976        124.700       0.833134       0.794636
            279         24.635         89.095       0.783390       0.794636
            280         36.967         38.967       0.513167       0.794636
            281         26.496         85.601       0.763636       0.794636
            282         18.294         67.242       0.786128       0.794636
            283         21.874         65.378       0.749301       0.794636
            284          9.999         73.937       0.880871       0.794636
            285         30.330        116.026       0.792764       0.794636
            286         35.717         47.599       0.571308       0.794636
            287         14.469         90.596       0.862283       0.794636
            288          6.499         63.890       0.907675       0.794636
            289         -0.001         74.975       1.000015       0.794636
            290         24.995         85.934       0.774678       0.794636
            291          8.433        104.208       0.925136       0.794636
            292         26.314         64.799       0.711197       0.695678
            293         42.759         99.926       0.700328       0.695678
            294         27.444         68.292       0.713334       0.695678
            295         23.435         83.728       0.781311       0.695678
            296         41.122         56.843       0.580239       0.695678
            297         25.070         82.379       0.766679       0.695678
            298         31.220         64.888       0.675159       0.695678
            299         37.236         39.193       0.512803       0.695678
            300         20.569         44.310       0.682967       0.695678
            301         61.215        102.337       0.625716       0.695678
            302         36.376         80.611       0.689059       0.695678
            303          0.734         81.151       0.991042       0.695678
            304         28.369         48.355       0.630243       0.695678
            305         36.075         73.608       0.671100       0.695678
            306         37.657         55.183       0.594385       0.695678
            307         25.421         58.403       0.696736       0.695678
            308         40.955         77.849       0.655270       0.695678
            309         46.673         55.113       0.541458       0.695678
            310         31.065         64.950       0.676459       0.695678
            311         41.611         73.017       0.636992       0.695678
            312         29.759         77.122       0.721569       0.695678
            313         26.098         79.080       0.751868       0.695678
            314         26.776         38.312       0.588621       0.695678
            315         42.710         91.769       0.682400       0.695678
            316         27.291         72.872       0.727531       0.695678
            317         32.653         71.781       0.687335       0.695678
            318         23.223         32.824       0.585650       0.695678
            319         20.227         68.305       0.771529       0.695678
            320         35.924         68.994       0.657602       0.695678
            321         29.535         66.453       0.692304       0.695678
            322         27.783         87.965       0.759967       0.695678
            323         34.099         71.397       0.676773       0.695678
            324         34.661         71.519       0.673563       0.695678
            325         35.317         93.001       0.724772       0.695678
            326         24.245         86.946       0.781950       0.695678
            327         32.156         75.360       0.700919       0.695678
            328         33.163         53.830       0.618780       0.695678
            329         16.065         41.009       0.718519       0.695678
            330         23.844         55.306       0.698751       0.695678
            331         35.287         34.053       0.491102       0.695678
            332         18.023         67.003       0.788031       0.695678
            333         24.282         92.504       0.792082       0.695678
            334         28.388         91.520       0.763249       0.695678
            335         11.163        104.403       0.903407       0.695678
            336         38.232         76.980       0.668159       0.695678
            337         21.679         61.397       0.739045       0.695678
            338         47.705         91.860       0.658188       0.695678
            339         35.818         74.986       0.676743       0.695678
            340         22.332         68.317       0.753642       0.695678
            341         25.586         39.936       0.609501       0.695678
            342         34.136         68.708       0.668080       0.695678
            343         29.391         83.603       0.739889       0.695678
            344         31.592         65.944       0.676098       0.695678
            345         25.289         73.622       0.744325       0.695678
            346         20.828         75.162       0.783018       0.695678
            347         50.941         92.784       0.645565       0.695678
            348         12.094         44.390       0.785890       0.695678
            349          7.750         68.994       0.899015       0.695678
            350         33.696         69.713       0.674145       0.695678
            351         34.823         58.230       0.625773       0.695678
            352         21.526         40.303       0.651850       0.695678
            353         16.277         70.896       0.813283       0.695678
            354         17.880         47.145       0.725034       0.695678
            355         33.358         37.763       0.530967       0.695678
            356         42.127         89.833       0.680761       0.695678
            357          5.341         79.243       0.936858       0.695678
            358         31.238         36.208       0.536842       0.695678
            359         13.679         45.450       0.768662       0.695678
            360         27.207         92.331       0.772400       0.695678
            361         29.017         77.232       0.726897       0.695678
            362         45.266         79.439       0.637017       0.695678
            363         50.450         81.089       0.616463       0.695678
            364         17.502         67.992       0.795288       0.695678
            365         20.119         54.514       0.730425       0.695678
            366          5.420         73.680       0.931479       0.695678
            367         23.494         74.643       0.760599       0.695678
            368         25.263         76.832       0.752552       0.695678
            369         19.927         72.762       0.785010       0.695678
            370         29.914         59.181       0.664243       0.695678
            371         20.299         92.409       0.819897       0.695678
            372         44.694        100.400       0.691963       0.695678
            373         40.034         62.754       0.610519       0.695678
            374         12.048         72.006       0.856659       0.695678
            375         15.689         64.095       0.803361       0.695678
            376         26.089         93.654       0.782124       0.695678
            377         34.815         86.939       0.714055       0.695678
            378         42.581         78.555       0.648488       0.695678
            379         46.803         43.881       0.483891       0.695678
            380         13.120         41.734       0.760821       0.695678
            381         34.532         98.635       0.740684       0.695678
            382         38.611         72.598       0.652804       0.695678
            383         21.789         57.552       0.725377       0.695678
            384         26.810         64.245       0.705561       0.695678
            385          5.845         41.736       0.877159       0.695678
            386         32.284         70.152       0.684835       0.695678
            387         36.488         89.837       0.711159       0.695678
            388         34.363         96.128       0.736667       0.695678
            389         28.049         42.070       0.599978       0.695678
            390         15.985        103.381       0.866082       0.794636
            391         14.052         64.660       0.821476       0.794636
            392         24.802         91.523       0.786787       0.794636
            393         18.845         86.158       0.820531       0.794636
            394         22.659         91.013       0.800662       0.794636
            395         23.368         73.397       0.758506       0.794636
            396         34.490         70.351       0.671027       0.794636
            397         11.444         81.228       0.876508       0.794636
            398         22.100         96.419       0.813532       0.794636
            399         16.587         85.923       0.838194       0.794636
            400         17.072         62.393       0.785162       0.794636
            401         29.793         86.020       0.742750       0.794636
            402         19.463        101.762       0.839446       0.794636
            403         10.776         85.284       0.887821       0.794636
            404         22.301         62.841       0.738072       0.794636
            405         33.994         69.767       0.672380       0.794636
            406         25.131         75.327       0.749836       0.794636
            407         15.012         93.393       0.861519       0.794636
            408         17.957         78.060       0.812978       0.794636
            409         18.395         79.330       0.811770       0.794636
            410         22.599         67.899       0.750280       0.794636
            411         17.846         91.568       0.836898       0.794636
            412         10.608         74.163       0.874858       0.794636
            413         23.699         83.083       0.778062       0.794636
            414         32.830         79.751       0.708388       0.794636
            415         31.174         75.286       0.707175       0.794636
            416         13.218         54.570       0.805006       0.794636
            417         12.287         77.745       0.863522       0.794636
            418         15.416         88.269       0.851317       0.794636
            419         22.012         97.083       0.815173       0.794636
            420          5.125        107.289       0.954406       0.794636
            421         20.610         77.293       0.789485       0.794636
            422         18.241         76.721       0.807909       0.794636
            423         11.673         73.590       0.863093       0.794636
            424         20.970        105.917       0.834733       0.794636
            425         22.673         82.362       0.784135       0.794636
            426         31.712         52.661       0.624140       0.794636
            427         15.501         96.280       0.861329       0.794636
            428         36.496         74.581       0.671438       0.794636
            429          5.146         63.936       0.925510       0.794636
            430         13.209        105.458       0.888686       0.794636
            431         13.137         86.684       0.868392       0.794636
            432         32.535         39.441       0.547977       0.794636
            433          7.922         49.808       0.862774       0.794636
            434         25.116         70.117       0.736266       0.794636
            435         28.677        100.803       0.778523       0.794636
            436         17.632         86.182       0.830160       0.794636
            437         28.100         80.539       0.741344       0.794636
            438         18.938         71.675       0.791006       0.794636
            439         27.902         58.236       0.676075       0.794636
            440         33.973         81.635       0.706137       0.794636
            441         24.004         82.042       0.773646       0.794636
            442         13.232         81.341       0.860084       0.794636
            443         13.933         85.379       0.859702       0.794636
            444         26.953         88.003       0.765538       0.794636
            445         16.110         69.775       0.812424       0.794636
            446         19.038         63.226       0.768578       0.794636
            447         38.122        100.620       0.725231       0.794636
            448         12.764         69.333       0.844530       0.794636
            449          7.064         97.398       0.932378       0.794636
            450          9.405         81.166       0.896155       0.794636
            451         27.321         79.359       0.743901       0.794636
            452         28.572         69.928       0.709929       0.794636
            453         21.099         81.164       0.793681       0.794636
            454         10.334         85.484       0.892154       0.794636
            455         31.241         94.710       0.751960       0.794636
            456         11.999         32.143       0.728170       0.794636
            457         15.847         58.737       0.787522       0.794636
            458         18.215         93.735       0.837291       0.794636
            459         24.682        120.853       0.830405       0.794636
            460         34.492         85.685       0.712989       0.794636
            461         16.615         67.943       0.803506       0.794636
            462         26.647         80.358       0.750979       0.794636
            463         18.693         78.540       0.807748       0.794636
            464         18.607         66.889       0.782366       0.794636
            465         17.508         59.383       0.772297       0.794636
            466          5.896         82.324       0.933168       0.794636
            467         18.225         96.142       0.840643       0.794636
            468         11.102         78.775       0.876471       0.794636
            469         18.071         81.744       0.818953       0.794636
            470         22.041         57.881       0.724224       0.794636
            471         17.015         76.947       0.818918       0.794636
            472         28.945         74.172       0.719301       0.794636
            473         22.043         84.641       0.793381       0.794636
            474         24.813         62.570       0.716046       0.794636
            475         21.535         65.983       0.753934       0.794636
            476         22.695         51.424       0.693805       0.794636
            477         14.733         62.346       0.808863       0.794636
            478         37.750         87.275       0.698061       0.794636
            479         23.077         75.813       0.766640       0.794636
            480         23.001         95.360       0.805670       0.794636
            481         16.377         80.896       0.831639       0.794636
            482         16.682         77.930       0.823677       0.794636
            483         19.290         89.319       0.822388       0.794636
            484         18.453        100.664       0.845084       0.794636
            485         11.175         73.778       0.868455       0.794636
            486         16.775         85.313       0.835684       0.794636
            487          4.993        107.329       0.955551       0.794636
            488         19.755        104.171       0.840594       0.794636
            489         31.624         64.698       0.671687       0.794636
            490         17.015         93.155       0.845553       0.794636
            491         32.579         74.659       0.696199       0.794636
            492          8.019         63.999       0.888652       0.794636
            493         13.866         81.251       0.854221       0.794636
            494         31.274         80.444       0.720064       0.794636
            495         21.582         83.789       0.795183       0.794636
            496         28.628         74.555       0.722550       0.794636
            497         33.077         64.801       0.662060       0.794636
            498         15.537        117.567       0.883274       0.794636
            499         10.636         79.254       0.881682       0.794636
            500         20.521         82.123       0.800079       0.794636
            501         17.275         86.804       0.834018       0.794636
            502         16.030         95.055       0.855697       0.794636
            503         22.898         68.521       0.749528       0.794636
            504          6.646         79.555       0.922902       0.794636
            505         24.711         88.777       0.782261       0.794636
            506         42.869         79.452       0.649538       0.794636
            507         14.294         81.482       0.850759       0.794636
            508         19.325         96.527       0.833192       0.794636
            509          3.631         87.152       0.960006       0.794636
            510         25.437         91.366       0.782222       0.794636
            511         24.115         92.339       0.792926       0.794636
            512         23.382         83.601       0.781442       0.794636
            513         37.715         78.860       0.676475       0.794636
            514         16.990        106.333       0.862230       0.794636
            515         26.445         88.862       0.770657       0.794636
            516         10.305         70.981       0.873221       0.794636
            517          7.336        126.845       0.945327       0.794636
            518         20.283         88.871       0.814177       0.794636
            519         21.665        100.838       0.823144       0.794636
            520         15.682         75.074       0.827209       0.794636
            521         23.844         53.557       0.691942       0.794636
            522         34.595         76.583       0.688834       0.794636
            523         23.813         66.228       0.735532       0.794636
            524         16.203         79.659       0.830973       0.794636
            525         22.172         73.793       0.768961       0.794636
            526         20.551         98.641       0.827580       0.794636
            527         31.170         93.936       0.750850       0.794636
            528         14.331         91.125       0.864105       0.794636
            529         22.796        113.766       0.833071       0.794636
            530         16.699         73.639       0.815148       0.794636
            531         31.617         45.573       0.590405       0.695678
            532         20.591         48.870       0.703558       0.695678
            533         36.429         60.719       0.625014       0.695678
            534         21.588         82.782       0.793161       0.695678
            535         30.158         44.665       0.596937       0.695678
            536         36.889         76.064       0.673417       0.695678
            537         19.495        109.411       0.848768       0.695678
            538         35.087         62.443       0.640245       0.695678
            539         23.045         68.025       0.746953       0.695678
            540         27.439         65.547       0.704909       0.695678
            541         10.193         57.438       0.849284       0.695678
            542         42.688         96.847       0.694069       0.695678
            543         22.468         47.835       0.680414       0.695678
            544         27.378         54.381       0.665135       0.695678
            545         39.780         67.583       0.629479       0.695678
            546         33.475         56.597       0.628352       0.695678
            547         20.640         61.970       0.750154       0.695678
            548         37.050         87.991       0.703698       0.695678
            549         11.910         76.662       0.865532       0.695678
            550         54.201         70.167       0.564186       0.695678
            551         44.312         66.376       0.599670       0.695678
            552         34.694         92.570       0.727383       0.695678
            553         36.645         66.588       0.645027       0.695678
            554         17.717         63.823       0.782718       0.695678
            555         28.622         91.869       0.762454       0.695678
            556         34.253         87.679       0.719082       0.695678
            557         28.525         86.549       0.752118       0.695678
            558         40.634         52.970       0.565892       0.695678
            559         25.380         33.183       0.566627       0.695678
            560         32.953         67.552       0.672127       0.695678
            561         53.172         56.156       0.513648       0.695678
            562         32.209         66.536       0.673820       0.695678
            563         36.729         44.681       0.548838       0.695678
            564         39.842         88.225       0.688899       0.695678
            565         25.801         64.939       0.715657       0.695678
            566         10.720         82.203       0.884635       0.695678
            567         17.125         91.762       0.842729       0.695678
            568         37.584         25.568       0.404869       0.695678
            569         39.628         75.256       0.655060       0.695678
            570         39.144         71.066       0.644823       0.695678
            571         17.302         77.380       0.817262       0.695678
            572         21.834         65.067       0.748745       0.695678
            573         15.259        105.759       0.873909       0.695678
            574         34.663         88.497       0.718552       0.695678
            575         42.035         44.058       0.511751       0.695678
            576         54.355         46.079       0.458800       0.695678
            577         35.164         84.229       0.705480       0.695678
            578         33.778         82.816       0.710294       0.695678
            579         28.366         85.042       0.749879       0.695678
            580         18.182         97.559       0.842907       0.695678
            581         25.690         42.168       0.621422       0.695678
            582         13.755         73.483       0.842324       0.695678
            583         12.892         45.285       0.778399       0.695678
            584         27.983         57.168       0.671374       0.695678
            585         26.813         68.883       0.719814       0.695678
            586         22.368         75.446       0.771320       0.695678
            587         11.203         86.130       0.884899       0.695678
            588         36.020         41.357       0.534488       0.695678
            589         20.962         68.228       0.764973       0.695678
            590         35.259         90.979       0.720692       0.695678
            591         14.826         55.766       0.789971       0.695678
            592         20.396         30.590       0.599971       0.695678
            593         30.148         60.411       0.667088       0.695678
            594         38.683         82.357       0.680413       0.695678
            595         46.836         96.267       0.672709       0.695678
            596         15.182         80.432       0.841213       0.695678
            597         22.066         71.216       0.763445       0.695678
            598         28.820         81.922       0.739754       0.695678
            599         38.864         50.264       0.563951       0.695678
            600         38.338         49.179       0.561938       0.695678
            601         30.385         86.509       0.740063       0.695678
            602         22.466         74.465       0.768224       0.695678
            603         35.527         60.343       0.629425       0.695678
            604         15.721         66.576       0.808971       0.695678
            605         31.880         56.786       0.640446       0.695678
            606         11.105         65.883       0.855756       0.695678
            607         42.001         68.764       0.620813       0.695678
            608         31.185         66.736       0.681532       0.695678
            609         19.949         51.330       0.720122       0.695678
            610         42.683         65.952       0.607095       0.695678
            611         38.788         56.313       0.592139       0.695678
            612         15.138         39.047       0.720631       0.695678
            613         46.712         67.981       0.592720       0.695678
            614         44.656         54.369       0.549042       0.695678
            615         26.259         71.640       0.731775       0.695678
            616         31.761         71.893       0.693590       0.695678
            617         44.222         80.740       0.646117       0.695678
            618         32.635         82.418       0.716346       0.695678
            619         30.875         81.427       0.725071       0.695678
            620         36.047         60.217       0.625539       0.695678
            621         13.058         54.897       0.807849       0.695678
            622         18.499         53.951       0.744665       0.695678
            623         13.908         75.864       0.845075       0.695678
            624         22.609         81.255       0.782318       0.695678
            625          4.002         64.850       0.941869       0.695678
            626         41.331         69.320       0.626470       0.695678
            627         32.586         93.031       0.740596       0.695678
            628         34.971         57.052       0.619978       0.695678
            629         42.626         65.070       0.604202       0.695678
            630         57.406         25.534       0.307858       0.695678
            631         31.233         61.463       0.663061       0.695678
            632         27.472         75.757       0.733869       0.695678
            633         46.181         97.519       0.678627       0.695678
            634         30.220         95.234       0.759114       0.695678
            635         30.866         66.111       0.681719       0.695678
            636         34.557         43.405       0.556750       0.695678
            637         16.243        100.695       0.861097       0.695678
            638         27.408         54.190       0.664109       0.695678
            639         18.500         69.830       0.790555       0.695678
            640         31.491         68.553       0.685227       0.695678
            641         38.751         70.152       0.644168       0.695678
            642         46.974         91.550       0.660893       0.695678
            643         38.399         55.929       0.592923       0.695678
            644         34.254         76.339       0.690270       0.695678
            645         39.909         96.272       0.706944       0.695678
            646         25.787         56.360       0.686091       0.695678
            647         26.393         75.648       0.741347       0.695678
            648         35.304         77.478       0.686971       0.695678
            649          0.977         52.102       0.981590       0.695678
            650         42.505         94.810       0.690459       0.695678
            651         35.011         53.766       0.605635       0.695678
            652         30.451         62.027       0.670720       0.695678
            653         23.030         30.803       0.572191       0.695678
            654         18.090         49.129       0.730875       0.695678
            655         44.712         52.942       0.542141       0.695678
            656         39.321         81.013       0.673234       0.695678
            657         22.432         63.360       0.738531       0.695678
            658         17.712         75.257       0.809483       0.695678
            659         45.218         62.172       0.578934       0.695678
            660         31.203         85.801       0.733319       0.695678
            661         35.788         79.343       0.689156       0.695678
            662         -6.214         60.495       1.114473       0.695678
            663         29.567        114.369       0.794581       0.695678
            664         24.951         80.553       0.763507       0.695678
            665         29.098        107.723       0.787330       0.695678
            666         43.767         67.035       0.604997       0.695678
            667         52.342         66.106       0.558103       0.695678
            668         28.743         73.251       0.718187       0.695678
            669         31.706        108.810       0.774362       0.695678
            670         36.780         99.485       0.730086       0.695678
            671         47.426         83.676       0.638249       0.695678
            672         30.559         88.962       0.744321       0.695678
            673         31.206         84.510       0.730322       0.695678
            674         32.648         40.561       0.554039       0.695678
            675         28.108         69.316       0.711486       0.695678
            676         50.578         75.562       0.599031       0.695678
            677         18.285         73.613       0.801033       0.695678
            678         39.572         58.340       0.595842       0.695678
            679         20.541         66.792       0.764802       0.695678
            680         36.706         83.148       0.693747       0.695678
            681         35.451         61.795       0.635450       0.695678
            682         20.436         55.938       0.732425       0.695678
            683         37.012         79.568       0.682517       0.695678
            684         32.400         74.516       0.696956       0.695678
            685         37.535         80.452       0.681873       0.695678
            686         37.809         68.846       0.645505       0.695678
            687         28.233         80.181       0.739583       0.695678
            688         41.286         51.809       0.556519       0.695678
            689         31.670         71.409       0.692756       0.695678
            690         43.026         70.409       0.620697       0.695678
            691         33.312         71.526       0.682253       0.695678
            692         22.461         47.018       0.676720       0.695678
            693         20.239         78.580       0.795193       0.695678
            694         31.639         88.440       0.736519       0.695678
            695         37.274         96.118       0.720567       0.695678
            696         31.702        110.910       0.777703       0.695678
            697         21.873         53.860       0.711186       0.695678
            698         49.463         72.970       0.596000       0.695678
            699         46.405         69.482       0.599569       0.695678
            700         30.446         42.585       0.583104       0.695678
            701         22.603         92.317       0.803318       0.695678
            702         23.254         82.780       0.780694       0.695678
            703         30.243         61.013       0.668589       0.695678
            704         11.606         89.188       0.884857       0.695678
            705         21.988         54.202       0.711409       0.695678
            706         21.870         72.792       0.768967       0.695678
            707         11.202        100.652       0.899853       0.695678
            708         15.115         48.002       0.760521       0.695678
            709         52.764         67.325       0.560627       0.695678
            710         34.245         41.161       0.545859       0.695678
            711         39.260         84.988       0.684022       0.695678
            712         37.719         80.678       0.681420       0.695678
            713         36.980         90.412       0.709716       0.695678
            714         19.963         92.360       0.822268       0.695678
            715         21.746         56.356       0.721566       0.695678
            716         40.912         58.828       0.589812       0.695678
            717         24.825         58.583       0.702366       0.695678
            718         45.701         76.788       0.626898       0.695678
            719         46.265         53.490       0.536213       0.695678
            720         40.231         68.884       0.631296       0.695678
            721         42.487         54.498       0.561923       0.695678
            722         13.954         75.402       0.843838       0.695678
            723         28.518         47.541       0.625055       0.695678
            724         28.412        106.578       0.789525       0.695678
            725         31.492         65.262       0.674518       0.695678
            726         16.551         98.068       0.855599       0.695678
            727         23.910         64.582       0.729806       0.695678
            728         31.420         38.731       0.552112       0.695678
            729         27.665         29.824       0.518780       0.695678
            730         26.354         49.705       0.653503       0.695678
            731         28.954         56.735       0.662102       0.695678
            732         42.932         57.342       0.571852       0.695678
            733         25.793         60.592       0.701420       0.695678
            734         25.631         46.762       0.645945       0.695678
            735         14.936        100.519       0.870632       0.695678
            736         42.723         52.288       0.550334       0.695678
            737         24.365         72.361       0.748106       0.695678
            738         57.625         89.077       0.607195       0.695678
            739         49.868         41.474       0.454050       0.695678
            740         24.264         50.047       0.673476       0.695678
            741         23.658         64.642       0.732073       0.695678
            742         24.979        117.135       0.824231       0.695678
            743         25.652         75.299       0.745894       0.695678
            744         42.773         88.014       0.672955       0.695678
            745         25.250         81.157       0.762704       0.695678
            746         53.879         69.353       0.562783       0.695678
            747         52.753        114.980       0.685495       0.695678
            748         26.409         74.946       0.739444       0.695678
            749         22.486         75.210       0.769841       0.695678
            750         16.734         79.011       0.825225       0.695678
            751         17.354         54.943       0.759959       0.695678
            752         47.724        104.866       0.687238       0.695678
            753         22.604         67.184       0.748251       0.695678
            754         29.911         89.178       0.748835       0.695678
            755          5.762         48.663       0.894136       0.695678
            756         40.424        104.576       0.721214       0.695678
            757         19.560         80.087       0.803707       0.695678
            758         33.156         59.136       0.640748       0.695678
            759         32.144         44.669       0.581532       0.695678
            760         33.228         54.341       0.620552       0.695678
            761         28.280         71.591       0.716833       0.695678
            762         38.893         62.778       0.617463       0.695678
            763         38.261         76.364       0.666211       0.695678
            764         12.231         72.422       0.855521       0.695678
            765         33.984         74.044       0.685417       0.695678
            766         33.168         65.086       0.662428       0.695678
            767         18.628         56.931       0.753462       0.695678
            768         27.410         70.903       0.721198       0.695678
            769          8.438         93.209       0.916984       0.695678
            770         34.414         66.475       0.658890       0.695678
            771         21.382         47.885       0.691311       0.695678
            772         61.544         81.124       0.568619       0.695678
            773         12.911         81.818       0.863709       0.695678
            774         28.265         46.350       0.621185       0.695678
            775         21.726         69.250       0.761193       0.695678
            776         40.602        112.528       0.734852       0.695678
            777         30.190         71.192       0.702219       0.695678
            778         47.494         59.640       0.556686       0.695678
            779         37.606         59.657       0.613357       0.695678
            780         39.752         54.639       0.578858       0.695678
            781         22.154         78.206       0.779254       0.695678
            782         37.936         67.695       0.640864       0.695678
            783         21.952        100.750       0.821095       0.695678
            784         33.031         52.844       0.615356       0.695678
            785         25.977         57.509       0.688844       0.695678
            786         28.357         85.533       0.751014       0.695678
            787         28.049         44.343       0.612539       0.695678
            788         37.196         60.818       0.620504       0.695678
            789         45.283         93.232       0.673085       0.695678
            790         13.180         63.257       0.827570       0.695678
            791         26.044         63.616       0.709526       0.695678
            792         42.278         68.672       0.618945       0.695678
            793         31.783         49.723       0.610055       0.695678
            794         27.916         54.441       0.661037       0.695678
            795         28.634         76.771       0.728341       0.695678
            796         34.536         82.573       0.705094       0.695678
            797         30.072        108.771       0.783409       0.695678
            798         27.406         43.601       0.614039       0.695678
            799         19.620         98.539       0.833954       0.695678
            800         20.350         45.281       0.689928       0.695678
            801         28.888         94.328       0.765552       0.695678
            802         42.427         52.955       0.555188       0.695678
            803         34.945         73.227       0.676949       0.695678
            804         23.229         58.299       0.715077       0.695678
            805         21.131         55.107       0.722824       0.695678
            806         21.913         92.559       0.808576       0.695678
            807         51.592         40.733       0.441188       0.695678
            808         18.350         56.286       0.754143       0.695678
            809         19.263         80.310       0.806543       0.695678
            810         30.032        104.761       0.777198       0.695678
            811         23.156         68.137       0.746357       0.695678
            812         50.162         61.026       0.548854       0.695678
            813         27.567         68.658       0.713514       0.695678
            814         14.753         38.729       0.724148       0.695678
            815         30.284         57.239       0.653992       0.695678
            816         34.048         75.963       0.690502       0.695678
            817         28.029         73.627       0.724278       0.695678
            818         34.439         60.127       0.635821       0.695678
            819         35.467         89.272       0.715669       0.695678
            820         46.675         18.557       0.284480       0.695678
            821         31.125         75.494       0.708073       0.695678
            822         61.683         54.546       0.469298       0.695678
            823         30.105         93.014       0.755481       0.695678
            824         21.090         54.919       0.722532       0.695678
            825         31.969         79.668       0.713634       0.695678
            826         25.825         76.991       0.748825       0.695678
            827         32.323         64.268       0.665364       0.695678
            828         35.540         75.144       0.678905       0.695678
            829         46.461         52.406       0.530066       0.695678
            830         32.253        122.823       0.792019       0.695678
            831         17.700         76.788       0.812678       0.695678
            832         29.469         77.280       0.723943       0.695678
            833         21.013        109.687       0.839227       0.695678
            834         33.457         45.167       0.574469       0.695678
            835         33.597         92.518       0.733597       0.695678
            836         41.246         50.506       0.550464       0.695678
            837         25.323         85.206       0.770892       0.695678
            838         28.936         51.915       0.642110       0.695678
            839         14.515         78.097       0.843274       0.695678
            840         30.113         49.977       0.624007       0.695678
            841         34.532         90.188       0.723122       0.695678
            842         37.932         57.595       0.602915       0.695678
            843         44.953         54.479       0.547901       0.695678
            844         34.081         80.500       0.702559       0.695678
            845         45.343         72.496       0.615215       0.695678
            846         27.800         56.025       0.668358       0.695678
            847         31.658         27.645       0.466167       0.695678
            848         27.302         72.916       0.727578       0.695678
            849         13.655         84.585       0.861003       0.695678
            850         35.175         90.359       0.719797       0.695678
            851         27.393         63.120       0.697358       0.695678
            852         24.605         88.248       0.781972       0.695678
            853         31.651         57.758       0.645999       0.695678
            854         21.988         67.375       0.753947       0.695678
            855         56.353         60.234       0.516643       0.695678
            856         32.031         89.537       0.736521       0.695678
            857         45.070         66.268       0.595198       0.695678
            858         44.429         61.587       0.580921       0.695678
            859         26.831         86.224       0.762672       0.695678
            860         39.168         65.607       0.626173       0.695678
            861         31.934         81.944       0.719575       0.695678
            862         30.446         55.791       0.646947       0.695678
            863         24.972         77.268       0.755756       0.695678
            864         17.364         40.391       0.699351       0.695678
            865         25.454         51.639       0.669830       0.695678
            866         19.856         72.486       0.784971       0.794636
            867         18.326        103.905       0.850071       0.794636
            868         23.538         57.715       0.710316       0.794636
            869         13.687         80.715       0.855017       0.794636
            870         20.561         45.340       0.688003       0.794636
            871         11.097         71.519       0.865681       0.794636
            872         16.508         59.928       0.784023       0.794636
            873         32.036         67.384       0.677775       0.794636
            874         14.472        107.307       0.881160       0.794636
            875         14.565         84.078       0.852345       0.794636
            876         20.693         99.164       0.827349       0.794636
            877         11.690         53.627       0.821024       0.794636
            878         32.953        106.372       0.763482       0.794636
            879         14.662        109.783       0.882181       0.794636
            880         23.934         67.790       0.739061       0.794636
            881         30.006         76.264       0.717642       0.794636
            882         25.191         72.181       0.741289       0.794636
            883         17.850         87.878       0.831169       0.794636
            884         26.196         74.016       0.738598       0.794636
            885         18.617         88.335       0.825934       0.794636
            886          9.367         62.761       0.870138       0.794636
            887         31.299         60.395       0.658658       0.794636
            888         24.555         72.819       0.747829       0.794636
            889         27.891         53.906       0.659024       0.794636
            890         22.855         74.142       0.764375       0.794636
            891         24.336        106.020       0.813311       0.794636
            892         17.390        107.664       0.860942       0.794636
            893         13.067         97.052       0.881335       0.794636
            894         13.436        104.811       0.886376       0.794636
            895         18.522         55.600       0.750112       0.794636
            896         14.925         73.702       0.831595       0.794636
            897         16.412        101.981       0.861381       0.794636
            898          8.220         50.951       0.861082       0.794636
            899         19.407         65.438       0.771265       0.794636
            900         33.061         62.219       0.653009       0.794636
            901         17.664         70.476       0.799588       0.794636
            902         27.502         49.984       0.645076       0.794636
            903         17.036         80.189       0.824776       0.794636
            904         15.565         91.284       0.854328       0.794636
            905          1.003         91.125       0.989118       0.794636
            906         18.696         80.867       0.812224       0.794636
            907         17.285         93.517       0.844002       0.794636
            908         26.541         69.619       0.723990       0.794636
            909          0.196         53.823       0.996373       0.794636
            910         16.985        104.795       0.860529       0.794636
            911         26.944         77.232       0.741365       0.794636
            912         17.238         99.336       0.852129       0.794636
            913         33.091         38.824       0.539861       0.794636
            914         17.219         87.604       0.835733       0.794636
            915          5.993         71.127       0.922284       0.794636
            916         12.440         40.912       0.766835       0.794636
            917         15.349         44.295       0.742663       0.794636
            918         16.693         80.515       0.828275       0.794636
            919         24.727         31.883       0.563206       0.794636
            920         23.316         88.470       0.791423       0.794636
            921         38.706         48.531       0.556311       0.794636
            922         19.438         95.266       0.830536       0.794636
            923         14.354         54.752       0.792289       0.794636
            924         21.133         39.962       0.654093       0.794636
            925         25.682         93.497       0.784509       0.794636
            926         19.476         74.695       0.793186       0.794636
            927         15.753         92.115       0.853963       0.794636
            928          8.822        133.179       0.937876       0.794636
            929         27.039         67.634       0.714393       0.794636
            930         17.812         86.425       0.829117       0.794636
            931         10.553         74.839       0.876414       0.794636
            932         20.712         80.821       0.796005       0.794636
            933         28.260         76.373       0.729915       0.794636
            934         28.167         90.113       0.761861       0.794636
            935         29.630         52.369       0.638653       0.794636
            936         30.659        106.278       0.776110       0.794636
            937         15.583         56.701       0.784420       0.794636
            938         14.019         67.860       0.828783       0.794636
            939          2.114         69.854       0.970623       0.794636
            940         20.649         40.559       0.662641       0.794636
            941         13.277        102.909       0.885726       0.794636
            942          9.123         94.629       0.912065       0.794636
            943         21.609         96.719       0.817378       0.794636
            944         27.319         85.983       0.758887       0.794636
            945         30.021         49.403       0.622015       0.794636
            946         17.731        100.345       0.849835       0.794636
            947         13.843         88.800       0.865139       0.794636
            948         37.197         98.910       0.726706       0.794636
            949         28.665         74.041       0.720903       0.794636
            950         28.442         97.004       0.773274       0.794636
            951         31.110         93.731       0.750806       0.794636
            952         35.181         66.910       0.655395       0.794636
            953         18.693         56.236       0.750525       0.794636
            954         15.402         91.278       0.855622       0.794636
            955         36.635        104.385       0.740213       0.794636
            956          5.280         69.987       0.929846       0.794636
            957          7.075         96.203       0.931492       0.794636
            958         25.245         75.929       0.750476       0.794636
            959          3.631         91.368       0.961777       0.794636
            960         31.628         71.422       0.693082       0.794636
            961         20.447         79.882       0.796203       0.794636
            962         13.246         58.495       0.815364       0.794636
            963         23.485         63.590       0.730295       0.794636
            964         20.681         65.074       0.758839       0.794636
            965         33.832        114.973       0.772641       0.794636
            966          1.890         77.250       0.976119       0.794636
            967         30.300         96.165       0.760405       0.794636
            968         13.828         62.152       0.818002       0.794636
            969         38.416         60.099       0.610049       0.794636
            970         24.296        103.728       0.810225       0.794636
            971         31.194         90.281       0.743205       0.794636
            972         12.007         68.110       0.850133       0.794636
            973         29.411         91.482       0.756720       0.794636
            974         14.535         59.477       0.803617       0.794636
            975         35.315         74.964       0.679768       0.794636
            976         16.789        103.244       0.860131       0.794636
            977          9.095         73.771       0.890243       0.794636
            978         14.108         65.045       0.821767       0.794636
            979         26.481         70.931       0.728157       0.794636
            980         28.933         38.113       0.568457       0.794636
            981          5.832         87.133       0.937265       0.794636
            982          7.580         52.283       0.873374       0.794636
            983         22.671         54.408       0.705875       0.695678
            984         32.165         65.828       0.671761       0.695678
            985         36.263         95.219       0.724200       0.695678
            986         26.680         45.534       0.630540       0.695678
            987         25.471         44.405       0.635485       0.695678
            988         14.280         67.399       0.825171       0.695678
            989         21.004         71.278       0.772390       0.695678
            990         32.251         68.850       0.681002       0.695678
            991         21.701         65.777       0.751922       0.695678
            992         45.733         80.453       0.637575       0.695678
            993         24.259         59.624       0.710798       0.695678
            994          8.991         67.226       0.882029       0.695678
            995         41.592         43.891       0.513444       0.695678
            996         32.222         63.893       0.664754       0.695678
            997         31.624         62.032       0.662339       0.695678
            998         38.650        112.362       0.744061       0.695678
            999         21.312         91.329       0.810797       0.695678
           1000          8.210         85.868       0.912734       0.695678
