              1         26.864         90.956       0.771993       0.808047
              2         27.621         83.197       0.750756       0.808047
              3         17.734        117.857       0.869212       0.808047
              4         24.964         78.082       0.757739       0.808047
              5         11.496         67.528       0.854521       0.808047
              6         -7.791         67.474       1.130535       0.808047
              7         28.285         82.010       0.743552       0.808047
              8         22.677        102.124       0.818293       0.808047
              9         14.509        102.061       0.875531       0.808047
             10         35.582         42.535       0.544503       0.808047
             11         20.848         71.163       0.773419       0.808047
             12          3.398         94.296       0.965217       0.808047
             13         28.450         62.719       0.687942       0.808047
             14         25.452         69.142       0.730934       0.808047
             15         23.797         70.812       0.748472       0.808047
             16         30.450         88.171       0.743301       0.808047
             17         14.087         98.267       0.874617       0.808047
             18         19.387         84.874       0.814056       0.808047
             19         33.395         66.348       0.665191       0.808047
             20          9.235         46.854       0.835355       0.808047
             21         23.343         86.007       0.786526       0.808047
             22         26.451         71.646       0.730359       0.808047
             23         16.477         76.452       0.822689       0.808047
             24         23.034        103.840       0.818447       0.808047
             25          6.374         68.937       0.915360       0.808047
             26         30.323        107.201       0.779507       0.808047
             27         22.675         94.956       0.807236       0.808047
             28         32.111         79.418       0.712083       0.808047
             29          9.526         86.742       0.901045       0.808047
             30          0.749         71.227       0.989598       0.808047
             31         20.349         49.577       0.708995       0.808047
             32         24.654        101.765       0.804983       0.808047
             33         25.781         97.548       0.790956       0.808047
             34         25.741         67.375       0.723558       0.808047
             35         12.845         39.461       0.754421       0.808047
             36         11.446         82.478       0.878136       0.808047
             37         17.801         89.488       0.834082       0.808047
             38          6.870         70.883       0.911642       0.808047
             39         20.691         96.273       0.823099       0.808047
             40         28.696         55.301       0.658367       0.808047
             41         20.773         75.942       0.785215       0.808047
             42         16.119        102.993       0.864674       0.808047
             43         25.506         85.013       0.769217       0.808047
             44          6.923         89.850       0.928460       0.808047
             45         30.144        116.063       0.793825       0.808047
             46         11.188         66.886       0.856703       0.808047
             47          9.025         95.401       0.913574       0.808047
             48         25.056         77.822       0.756453       0.808047
             49          0.958         94.136       0.989929       0.808047
             50         19.052         74.889       0.797192       0.808047
             51         12.332         71.911       0.853613       0.808047
             52         22.560         58.482       0.721624       0.808047
             53         13.801        111.123       0.889525       0.808047
             54         21.960         82.010       0.788782       0.808047
             55         15.283         98.299       0.865449       0.808047
             56         17.438         87.874       0.834416       0.808047
             57         39.150         89.599       0.695922       0.808047
             58          3.016         62.695       0.954100       0.808047
             59         18.748         55.554       0.747681       0.808047
             60         19.227         56.048       0.744579       0.808047
             61         32.554         68.383       0.677483       0.808047
             62         24.519         97.756       0.799478       0.808047
             63         43.338         85.051       0.662446       0.808047
             64         34.716         39.782       0.534005       0.808047
             65         21.308         75.982       0.780988       0.808047
             66         21.633         63.016       0.744434       0.808047
             67         14.476         91.277       0.863115       0.808047
             68         35.620         74.456       0.676407       0.808047
             69         16.809         66.173       0.797444       0.808047
             70         36.071        102.011       0.738769       0.808047
             71         27.820         73.474       0.725354       0.808047
             72         38.382         63.032       0.621529       0.808047
             73         14.925         81.502       0.845218       0.808047
             74          7.334         67.415       0.901880       0.808047
             75         11.375        108.133       0.904822       0.808047
             76         37.343         90.368       0.707598       0.808047
             77         25.087         52.869       0.678191       0.808047
             78         23.385         63.459       0.730724       0.808047
             79          7.016         84.317       0.923181       0.808047
             80         21.655         96.462       0.816666       0.808047
             81         11.432         90.681       0.888042       0.808047
             82         18.102         81.138       0.817590       0.808047
             83         17.702         60.795       0.774485       0.808047
             84         25.732         78.703       0.753605       0.808047
             85          8.785         76.059       0.896458       0.808047
             86         25.180        111.684       0.816024       0.808047
             87         27.520         97.823       0.780442       0.808047
             88         27.595         79.442       0.742194       0.808047
             89         21.837        138.574       0.863871       0.808047
             90         27.808         91.570       0.767057       0.808047
             91         26.078         83.268       0.761507       0.808047
             92         26.364         72.232       0.732610       0.808047
             93          8.435         86.218       0.910881       0.808047
             94         26.336         70.051       0.726772       0.708707
             95         24.263         61.097       0.715755       0.708707
             96         29.665         70.284       0.703203       0.708707
             97         25.612         71.431       0.736074       0.708707
             98         34.751         91.484       0.724714       0.708707
             99         19.738         73.563       0.788452       0.708707
            100         38.001         75.907       0.666391       0.708707
            101         35.016         75.862       0.684194       0.708707
            102         37.805         51.814       0.578160       0.708707
            103         39.799         83.358       0.676843       0.708707
            104         26.047         73.830       0.739210       0.708707
            105         36.738         86.905       0.702870       0.708707
            106         39.983         67.913       0.629431       0.708707
            107         17.461         70.497       0.801487       0.708707
            108         11.761         82.938       0.875807       0.708707
            109         44.029         56.582       0.562382       0.708707
            110         22.611         57.907       0.719181       0.708707
            111         34.433         83.845       0.708879       0.708707
            112         42.618         68.161       0.615288       0.708707
            113         14.862         67.697       0.819984       0.708707
            114         16.086         64.004       0.799148       0.708707
            115         19.006         46.257       0.708775       0.708707
            116         32.237         76.775       0.704279       0.708707
            117         37.586         85.642       0.694985       0.708707
            118         31.428         64.138       0.671139       0.708707
            119         32.261         85.194       0.725334       0.708707
            120         25.042         80.037       0.761687       0.708707
            121         14.498         56.024       0.794419       0.708707
            122         19.727         66.751       0.771880       0.708707
            123         40.255         87.112       0.683944       0.708707
            124         33.140         39.830       0.545846       0.708707
            125         42.324         59.614       0.584806       0.708707
            126         32.511         77.605       0.704755       0.708707
            127         15.321         62.172       0.802291       0.708707
            128         33.567         79.906       0.704188       0.708707
            129         22.551         72.626       0.763059       0.708707
            130         48.752         45.375       0.482065       0.708707
            131         40.289         49.370       0.550641       0.708707
            132         31.487         74.490       0.702891       0.708707
            133         23.097         67.900       0.746182       0.708707
            134         34.446         80.512       0.700363       0.708707
            135         18.814         36.880       0.662186       0.708707
            136         26.400         65.257       0.711973       0.708707
            137         30.273         78.484       0.721644       0.708707
            138         31.658         70.607       0.690431       0.708707
            139         27.546         55.729       0.669220       0.708707
            140         23.410         81.415       0.776680       0.708707
            141         49.125         86.711       0.638351       0.708707
            142         25.674         66.214       0.720597       0.708707
            143         22.709         78.556       0.775745       0.708707
            144         28.973         74.416       0.719769       0.708707
            145         39.364         35.387       0.473399       0.708707
            146         43.862         52.975       0.547057       0.708707
            147         21.771         61.367       0.738132       0.708707
            148         37.881        101.546       0.728310       0.708707
            149         14.613         47.488       0.764686       0.708707
            150         24.977         85.753       0.774434       0.708707
            151         24.031         68.254       0.739599       0.708707
            152         19.779         80.554       0.802870       0.708707
            153         32.655         52.264       0.615458       0.708707
            154         50.812         76.511       0.600920       0.708707
            155         28.406         90.390       0.760883       0.708707
            156         50.788         41.394       0.449046       0.708707
            157         41.951         64.649       0.606464       0.708707
            158         32.187        108.879       0.771832       0.708707
            159         37.281         52.968       0.586909       0.708707
            160         17.458         72.686       0.806331       0.708707
            161         14.016         78.275       0.848135       0.708707
            162         25.765         79.420       0.755048       0.708707
            163         32.418         81.179       0.714622       0.708707
            164         46.618         68.596       0.595376       0.708707
            165         34.029         38.332       0.529729       0.708707
            166         21.294         67.675       0.760659       0.708707
            167         23.417        107.448       0.821062       0.708707
            168         26.248         61.879       0.702157       0.708707
            169         43.566        104.640       0.706044       0.708707
            170          5.934        103.757       0.945900       0.808047
            171         17.293         67.535       0.796144       0.808047
            172         32.895         55.749       0.628910       0.808047
            173         19.877         69.565       0.777766       0.808047
            174          6.990         85.956       0.924792       0.808047
            175          5.343         50.236       0.903864       0.808047
            176         16.525         47.216       0.740749       0.808047
            177          7.827         54.856       0.875137       0.808047
            178          5.453         35.471       0.866758       0.808047
            179          9.371         76.267       0.890573       0.808047
            180         24.481         93.977       0.793338       0.808047
            181         28.109        100.439       0.781334       0.808047
            182          8.268         71.082       0.895798       0.808047
            183         29.383         93.842       0.761550       0.808047
            184         20.344         54.976       0.729898       0.808047
            185         12.658         77.574       0.859717       0.808047
            186         24.837         88.315       0.780495       0.808047
            187         30.900         88.480       0.741162       0.808047
            188          5.248         96.995       0.948669       0.808047
            189         25.255         50.564       0.666908       0.808047
            190         16.524         99.126       0.857119       0.808047
            191          3.645         74.883       0.953589       0.808047
            192          7.841         78.464       0.909145       0.808047
            193         13.095         85.498       0.867183       0.808047
            194         16.064         61.189       0.792065       0.808047
            195         14.186         76.777       0.844050       0.808047
            196         16.481         60.266       0.785257       0.808047
            197         22.402         91.584       0.803466       0.808047
            198         11.888         94.524       0.888280       0.808047
            199         26.626         60.666       0.694979       0.808047
            200         18.580         49.474       0.726983       0.808047
            201         29.787        109.053       0.785457       0.808047
            202          8.657         79.719       0.902044       0.808047
            203         22.542         86.547       0.793364       0.808047
            204         28.531        100.155       0.778291       0.808047
            205         26.465         71.114       0.728786       0.808047
            206         10.874         74.946       0.873293       0.808047
            207         27.767         43.201       0.608736       0.808047
            208         21.895         91.438       0.806805       0.808047
            209         18.149        100.599       0.847166       0.808047
            210          7.146         70.059       0.907447       0.808047
            211         31.500        106.305       0.771416       0.808047
            212         19.020         82.055       0.811822       0.808047
            213          5.716        111.751       0.951342       0.808047
            214         17.864        110.788       0.861145       0.808047
            215         22.552         89.556       0.798839       0.808047
            216         15.896         85.055       0.842535       0.808047
            217         23.557         83.226       0.779394       0.808047
            218          8.014         77.245       0.905999       0.808047
            219         33.623         23.364       0.409995       0.708707
            220         12.428         61.434       0.831745       0.708707
            221         35.635         83.019       0.699673       0.708707
            222         40.006         39.056       0.493994       0.708707
            223         33.666         97.237       0.742814       0.708707
            224         22.528         80.790       0.781958       0.708707
            225         34.952         77.178       0.688289       0.708707
            226         28.932         81.043       0.736922       0.708707
            227         14.936         83.254       0.847884       0.708707
            228         53.273         91.038       0.630844       0.708707
            229         26.659         75.009       0.737787       0.708707
            230         38.720         83.148       0.682278       0.708707
            231         17.505         86.800       0.832171       0.708707
            232         27.747         96.029       0.775829       0.708707
            233         42.524         58.190       0.577775       0.708707
            234         39.178         63.634       0.618939       0.708707
            235         33.422         72.683       0.685007       0.708707
            236         35.162         48.787       0.581150       0.708707
            237         31.344         59.221       0.653908       0.708707
            238         40.408         81.735       0.669175       0.708707
            239         46.756         44.954       0.490176       0.708707
            240         13.962         78.461       0.848935       0.708707
            241         17.574         50.743       0.742756       0.708707
            242         34.617         76.037       0.687158       0.708707
            243         34.805         54.315       0.609460       0.708707
            244         29.162         43.477       0.598531       0.708707
            245         41.374         86.696       0.676940       0.708707
            246         16.028         54.614       0.773112       0.708707
            247         27.208         77.817       0.740937       0.708707
            248         34.434         97.944       0.739883       0.708707
            249         28.932         75.083       0.721845       0.708707
            250         29.033         71.028       0.709846       0.708707
            251         31.707         83.736       0.725346       0.708707
            252         44.815         58.028       0.564239       0.708707
            253         32.333         61.372       0.654951       0.708707
            254         40.998         58.808       0.589227       0.708707
            255         42.202         59.904       0.586681       0.708707
            256         21.620         68.578       0.760304       0.708707
            257         17.602         92.990       0.840838       0.708707
            258          5.125         56.891       0.917358       0.708707
            259         14.880         76.017       0.836294       0.708707
            260         27.777         77.843       0.737012       0.708707
            261         19.752         72.110       0.784984       0.708707
            262          6.114         86.805       0.934196       0.708707
            263         40.670         68.295       0.626760       0.708707
            264         33.053         77.609       0.701318       0.708707
            265         46.442         79.101       0.630071       0.708707
            266         37.708         54.517       0.591134       0.708707
            267         40.596         53.550       0.568795       0.708707
            268         15.095        110.583       0.879890       0.708707
            269         26.397         47.991       0.645144       0.708707
            270         37.853         74.502       0.663092       0.708707
            271         18.278         55.423       0.751997       0.708707
            272         35.333         80.554       0.695110       0.708707
            273         25.953         72.533       0.736485       0.708707
            274         31.237         61.562       0.663396       0.708707
            275         32.249         68.750       0.680699       0.708707
            276         39.186         74.730       0.656009       0.708707
            277         33.609         71.413       0.679982       0.708707
            278         25.842         68.102       0.724922       0.708707
            279         24.649         54.636       0.689112       0.708707
            280         41.372         81.408       0.663039       0.708707
            281         11.140         75.436       0.871327       0.708707
            282         41.413         70.339       0.629419       0.708707
            283         20.419         90.594       0.816065       0.708707
            284         19.084         65.187       0.773539       0.708707
            285         36.948         78.046       0.678698       0.708707
            286         22.652         70.368       0.756483       0.708707
            287         28.070         70.032       0.713871       0.708707
            288         28.967         62.980       0.684962       0.708707
            289         30.548         71.148       0.699617       0.708707
            290         18.438         78.869       0.810517       0.708707
            291         18.086         87.275       0.828346       0.708707
            292         28.030         52.968       0.653941       0.708707
            293         27.954         95.193       0.773001       0.708707
            294         39.682         66.904       0.627703       0.708707
            295         23.629         78.835       0.769392       0.708707
            296         21.428         88.946       0.805863       0.708707
            297         22.464         57.407       0.718751       0.708707
            298         43.117         74.931       0.634749       0.708707
            299         15.326         84.541       0.846533       0.708707
            300         53.164         57.292       0.518682       0.708707
            301         -2.355         82.317       1.029456       0.708707
            302         36.842         70.478       0.656710       0.708707
            303         40.055         75.879       0.654501       0.708707
            304         34.916         69.265       0.664851       0.708707
            305         37.930         63.905       0.627530       0.708707
            306         30.126         96.959       0.762946       0.708707
            307         18.941         75.842       0.800168       0.708707
            308         39.510         70.109       0.639568       0.708707
            309         37.902         84.016       0.689117       0.708707
            310         28.860         76.776       0.726801       0.708707
            311         20.687         55.808       0.729564       0.708707
            312         34.411         82.154       0.704794       0.708707
            313         13.024         49.215       0.790738       0.708707
            314         24.723         90.307       0.785075       0.708707
            315         28.624         82.485       0.742381       0.708707
            316         13.776        127.939       0.902788       0.708707
            317         19.722        115.413       0.854059       0.708707
            318          7.277         58.309       0.889044       0.708707
            319         -1.366         94.167       1.014725       0.708707
            320         20.596         94.626       0.821250       0.708707
            321         32.670        105.781       0.764032       0.708707
            322         19.188        100.496       0.839681       0.708707
            323         27.247         61.325       0.692372       0.708707
            324         11.237         68.164       0.858482       0.708707
            325         34.524         55.805       0.617799       0.708707
            326         24.987         78.022       0.757430       0.708707
            327         19.527         86.420       0.815688       0.708707
            328         31.709         68.929       0.684920       0.708707
            329         15.616         58.852       0.790293       0.708707
            330         26.045         22.941       0.468318       0.708707
            331         29.757         70.897       0.704363       0.708707
            332         33.543         85.927       0.719232       0.708707
            333         30.019         88.085       0.745825       0.708707
            334         33.059         40.503       0.550603       0.708707
            335         24.506         45.764       0.651256       0.708707
            336         17.094         75.554       0.815492       0.808047
            337         24.699         89.491       0.783706       0.808047
            338         31.807         91.547       0.742147       0.808047
            339         25.538         72.382       0.739196       0.808047
            340         16.093        122.685       0.884039       0.808047
            341         12.514         64.052       0.836557       0.808047
            342         15.335         46.425       0.751701       0.808047
            343         15.307         78.108       0.836140       0.808047
            344         25.828         72.900       0.738389       0.808047
            345         23.448         56.453       0.706541       0.808047
            346         10.990        105.135       0.905363       0.808047
            347         35.205         45.036       0.561260       0.808047
            348         10.422         90.804       0.897039       0.808047
            349         17.951         73.601       0.803927       0.808047
            350         16.754         72.525       0.812342       0.808047
            351         35.787         80.088       0.691156       0.808047
            352         14.281         80.675       0.849603       0.808047
            353         27.933         89.043       0.761206       0.808047
            354         29.380         89.548       0.752961       0.808047
            355         12.695         78.886       0.861381       0.808047
            356         13.045         92.059       0.875887       0.808047
            357         18.169         99.551       0.845659       0.808047
            358         12.703         82.882       0.867107       0.808047
            359         22.010         86.686       0.797508       0.808047
            360         39.593         89.332       0.692900       0.808047
            361         29.221        102.939       0.778896       0.808047
            362         23.957         75.796       0.759833       0.808047
            363         28.615         61.851       0.683692       0.808047
            364         -3.437         71.310       1.050644       0.808047
            365         23.425         94.224       0.800891       0.808047
            366         -2.847        100.705       1.029090       0.808047
            367         20.008         72.533       0.783794       0.808047
            368          4.717         84.630       0.947207       0.808047
            369         24.629         95.278       0.794602       0.808047
            370         16.152         72.589       0.817985       0.808047
            371         17.289         78.656       0.819806       0.808047
            372         21.946         90.577       0.804961       0.808047
            373         15.412         66.421       0.811660       0.808047
            374         30.023         86.693       0.742769       0.808047
            375         25.738         67.528       0.724038       0.808047
            376          5.969         86.506       0.935457       0.808047
            377         33.288         73.169       0.687308       0.808047
            378         -0.506         80.452       1.006328       0.808047
            379         23.666        103.295       0.813599       0.808047
            380          8.450         58.948       0.874631       0.808047
            381         20.994         60.942       0.743774       0.808047
            382         18.262         91.926       0.834264       0.808047
            383         19.062         62.696       0.766844       0.808047
            384          6.413         98.306       0.938762       0.808047
            385          8.042         57.446       0.877195       0.808047
            386         25.590         96.808       0.790927       0.808047
            387         19.960         78.639       0.797564       0.808047
            388         22.760         73.300       0.763068       0.808047
            389         29.735         57.665       0.659785       0.808047
            390         28.601        105.390       0.786544       0.808047
            391         15.382         88.287       0.851625       0.808047
            392         16.696         73.568       0.815032       0.808047
            393         35.999         77.445       0.682670       0.808047
            394         30.714        103.520       0.771194       0.808047
            395         27.237         57.719       0.679399       0.808047
            396         12.283         97.271       0.887884       0.808047
            397         35.225        102.180       0.743640       0.808047
            398         28.408         97.540       0.774449       0.808047
            399         20.252         81.060       0.800105       0.808047
            400         19.382         73.971       0.792381       0.808047
            401         19.836         55.791       0.737717       0.808047
            402         22.989         74.423       0.764006       0.808047
            403         31.032         74.789       0.706748       0.808047
            404          8.508         79.806       0.903667       0.808047
            405         10.820         67.146       0.861220       0.808047
            406         14.128         99.702       0.875884       0.808047
            407         20.650         60.961       0.746972       0.808047
            408         39.874         56.934       0.588110       0.808047
            409         -1.799         84.438       1.021764       0.808047
            410         27.356        102.010       0.788540       0.808047
            411         17.414         63.648       0.785177       0.808047
            412          5.111        100.226       0.951483       0.808047
            413         27.551         61.539       0.690753       0.808047
            414         10.953         62.442       0.850763       0.808047
            415         -0.481        104.672       1.004614       0.808047
            416         14.324         84.261       0.854708       0.808047
            417         43.998         82.277       0.651567       0.808047
            418         14.980         75.360       0.834182       0.808047
            419         14.351         69.735       0.829324       0.808047
            420         29.925         93.043       0.756645       0.808047
            421         12.228         93.116       0.883922       0.808047
            422         10.861         73.122       0.870676       0.808047
            423         26.606         82.416       0.755960       0.808047
            424         25.231        101.503       0.800910       0.808047
            425         26.809         40.548       0.601987       0.808047
            426          5.554         80.997       0.935832       0.808047
            427         26.831         79.459       0.747567       0.808047
            428         13.862         82.714       0.856467       0.808047
            429         16.825         82.583       0.830749       0.808047
            430         12.548         79.584       0.863806       0.808047
            431         21.510         68.474       0.760962       0.808047
            432         33.621         85.981       0.718893       0.808047
            433         19.990         85.946       0.811304       0.808047
            434         30.317         86.253       0.739921       0.808047
            435         14.455         74.751       0.837955       0.808047
            436         27.144         57.245       0.678343       0.808047
            437         15.668         91.240       0.853443       0.808047
            438         12.945         89.583       0.873745       0.808047
            439         13.422         91.749       0.872377       0.808047
            440         24.566         65.715       0.727895       0.808047
            441         17.524         33.266       0.654973       0.808047
            442         27.703         97.504       0.778742       0.808047
            443         19.965         95.066       0.826437       0.808047
            444         15.929         84.943       0.842084       0.808047
            445          0.473         97.764       0.995183       0.808047
            446         31.942        103.263       0.763751       0.808047
            447         17.559         92.525       0.840491       0.808047
            448          8.532         87.018       0.910705       0.808047
            449          9.274        105.267       0.919033       0.808047
            450         12.142        116.866       0.905878       0.808047
            451         17.064         88.224       0.837926       0.808047
            452         44.550         75.396       0.628584       0.808047
            453         27.436         79.147       0.742585       0.808047
            454         33.484         61.242       0.646516       0.808047
            455         17.016         69.417       0.803134       0.808047
            456         18.328        100.117       0.845262       0.808047
            457         13.155         50.281       0.792625       0.808047
            458         17.049         67.434       0.798194       0.808047
            459         20.839         89.586       0.811282       0.808047
            460         29.401         94.362       0.762440       0.808047
            461         32.336         47.871       0.596846       0.708707
            462         47.038         65.949       0.583688       0.708707
            463         32.387         61.469       0.654928       0.708707
            464         37.721         26.921       0.416465       0.708707
            465         22.360         71.255       0.761148       0.708707
            466         31.155         67.692       0.684820       0.708707
            467         50.777         49.088       0.491542       0.708707
            468         24.846         75.096       0.751392       0.708707
            469         24.624         82.326       0.769765       0.708707
            470         17.175         77.325       0.818255       0.708707
            471         30.602         78.474       0.719439       0.708707
            472         22.214        102.320       0.821620       0.708707
            473         25.788         63.447       0.711009       0.708707
            474         40.324         78.221       0.659841       0.708707
            475         26.131         71.504       0.732365       0.708707
            476         14.137         64.180       0.819493       0.708707
            477         26.646        101.917       0.792736       0.708707
            478         33.537         56.307       0.626716       0.708707
            479         26.991         83.997       0.756808       0.708707
            480         17.644         62.582       0.780068       0.708707
            481         47.664         79.514       0.625219       0.708707
            482         27.159         64.954       0.705151       0.708707
            483         32.695         92.063       0.737936       0.708707
            484         39.562         89.915       0.694449       0.708707
            485         35.221         55.342       0.611088       0.708707
            486         11.342         48.244       0.809659       0.708707
            487         56.954         53.289       0.483375       0.708707
            488         19.568         56.294       0.742061       0.708707
            489         35.716         90.920       0.717965       0.708707
            490         49.834         78.606       0.612003       0.708707
            491         43.288         78.999       0.646015       0.708707
            492         36.723         55.541       0.601984       0.708707
            493         44.579        105.370       0.702704       0.708707
            494         40.209         55.927       0.581750       0.708707
            495         33.164        106.918       0.763256       0.708707
            496         28.161         46.346       0.622035       0.708707
            497         29.986         49.807       0.624198       0.708707
            498         33.079         70.745       0.681391       0.708707
            499         37.965         41.316       0.521138       0.708707
            500         25.352         61.914       0.709483       0.708707
            501         41.226         92.292       0.691235       0.708707
            502         33.243         29.932       0.473796       0.708707
            503         43.205         79.475       0.647825       0.708707
            504         20.480         99.076       0.828700       0.708707
            505         50.960         65.748       0.563356       0.708707
            506         36.310         69.870       0.658033       0.708707
            507         43.975         50.266       0.533378       0.708707
            508         31.654         68.824       0.684968       0.708707
            509         16.440         94.279       0.851514       0.708707
            510         28.785         98.002       0.772964       0.708707
            511         17.670         77.094       0.813534       0.708707
            512         45.927         33.740       0.423513       0.708707
            513         22.495         68.167       0.751884       0.708707
            514         33.012         68.845       0.675901       0.708707
            515         21.037         81.996       0.795823       0.708707
            516         24.374         85.892       0.778951       0.708707
            517         29.123         81.093       0.735762       0.708707
            518         18.722         94.694       0.834924       0.708707
            519         42.852         48.540       0.531119       0.708707
            520         32.237         76.076       0.702369       0.708707
            521         40.272         87.318       0.684361       0.708707
            522         23.387         51.433       0.687428       0.708707
            523         34.220         80.477       0.701648       0.708707
            524         18.400         98.924       0.843167       0.708707
            525         33.067         73.037       0.688350       0.708707
            526          9.921         73.344       0.880847       0.708707
            527         32.441         46.174       0.587342       0.708707
            528          0.860         38.406       0.978103       0.708707
            529         32.687         53.194       0.619392       0.708707
            530         30.455         42.543       0.582799       0.708707
            531         27.194         96.288       0.779772       0.708707
            532         27.985         76.648       0.732543       0.708707
            533         18.891         75.823       0.800545       0.708707
            534         23.521         92.298       0.796917       0.708707
            535         31.828         83.885       0.724940       0.708707
            536         32.863         31.184       0.486892       0.708707
            537         34.112        102.961       0.751141       0.708707
            538         16.201         71.400       0.815059       0.708707
            539         32.145         86.196       0.728370       0.708707
            540          5.797         82.682       0.934483       0.708707
            541         17.797         70.780       0.799076       0.708707
            542         31.514         63.598       0.668665       0.708707
            543         26.654         68.563       0.720068       0.708707
            544         26.076         65.363       0.714828       0.708707
            545         28.531         81.013       0.739546       0.708707
            546         -2.052         51.234       1.041732       0.708707
            547         47.961         90.447       0.653483       0.708707
            548         13.882        110.007       0.887950       0.708707
            549         15.518         88.211       0.850398       0.708707
            550         32.963         82.729       0.715080       0.708707
            551         45.617         56.040       0.551270       0.708707
            552         39.538         65.015       0.621836       0.708707
            553         49.992         96.415       0.658542       0.708707
            554         46.980         80.555       0.631630       0.708707
            555         18.153         67.624       0.788368       0.708707
            556         36.046         41.816       0.537053       0.708707
            557          7.226         74.539       0.911630       0.708707
            558         26.488         69.175       0.723109       0.708707
            559         43.351         84.602       0.661197       0.708707
            560          7.580         71.982       0.904727       0.708707
            561          6.930         92.182       0.930075       0.708707
            562          2.096         78.971       0.974141       0.708707
            563         17.572         77.314       0.814814       0.708707
            564         33.403         98.873       0.747476       0.708707
            565         28.923         36.445       0.557542       0.708707
            566         20.681         24.654       0.543822       0.708707
            567         32.485         76.975       0.703223       0.708707
            568         27.842         69.196       0.713085       0.708707
            569          7.674         85.704       0.917821       0.708707
            570         27.848         54.690       0.662606       0.708707
            571         23.540         79.472       0.771480       0.708707
            572         34.153         51.955       0.603366       0.708707
            573         41.078         76.987       0.652071       0.708707
            574         24.129         63.904       0.725908       0.708707
            575         27.465         79.878       0.744140       0.708707
            576         44.382         63.529       0.588714       0.708707
            577         19.208         59.842       0.757010       0.708707
            578         26.620         85.122       0.761769       0.708707
            579         25.048         53.325       0.680397       0.708707
            580         32.102         54.842       0.630775       0.708707
            581         23.639         89.652       0.791341       0.708707
            582         27.164         89.967       0.768090       0.708707
            583         31.125         40.604       0.566079       0.708707
            584         27.006         78.821       0.744811       0.708707
            585         36.956         35.359       0.488958       0.708707
            586         41.295         77.830       0.653346       0.708707
            587         32.107         62.330       0.660018       0.708707
            588         25.617         69.526       0.730750       0.708707
            589         22.731         88.386       0.795435       0.708707
            590         32.324         92.746       0.741552       0.708707
            591         51.437         72.277       0.584226       0.708707
            592         20.836         74.839       0.782221       0.708707
            593         48.442         78.267       0.617691       0.708707
            594         28.601         61.647       0.683083       0.708707
            595         17.136         65.505       0.792642       0.708707
            596         13.589         33.129       0.709127       0.708707
            597         22.560         77.345       0.774185       0.708707
            598         21.174         59.185       0.736506       0.708707
            599         33.083         69.248       0.676703       0.708707
            600         31.785         72.287       0.694584       0.708707
            601         36.391         73.350       0.668391       0.708707
            602         32.142         59.641       0.649804       0.708707
            603         25.989        107.238       0.804926       0.708707
            604         42.729         78.291       0.646927       0.708707
            605         27.770         49.765       0.641833       0.708707
            606         33.600         65.095       0.659554       0.708707
            607         32.246         51.553       0.615200       0.708707
            608          9.570         40.291       0.808064       0.708707
            609         26.845         65.965       0.710755       0.708707
            610         14.131         52.859       0.789061       0.708707
            611         33.791         74.154       0.686965       0.708707
            612         41.917         87.815       0.676896       0.708707
            613         36.836         69.897       0.654874       0.708707
            614         31.411         50.679       0.617358       0.708707
            615         36.929         96.187       0.722577       0.708707
            616         20.570         72.082       0.777985       0.708707
            617         25.009         82.718       0.767849       0.708707
            618         17.260         53.299       0.755380       0.708707
            619         19.406         65.217       0.770682       0.708707
            620         27.398         61.748       0.692657       0.708707
            621         31.087         79.595       0.719132       0.708707
            622         29.650         68.790       0.698798       0.708707
            623         34.600         51.935       0.600166       0.708707
            624         36.527         77.597       0.679932       0.708707
            625         18.162         76.022       0.807169       0.708707
            626         19.995         76.135       0.792000       0.708707
            627         27.860         67.127       0.706692       0.708707
            628         24.549         72.520       0.747096       0.708707
            629         30.878         59.689       0.659054       0.708707
            630         46.975         80.266       0.630821       0.708707
            631         37.139         37.441       0.502028       0.708707
            632         31.326         90.245       0.742322       0.708707
            633         12.608         49.092       0.795653       0.708707
            634         26.448         62.956       0.704176       0.708707
            635         28.055         45.454       0.618347       0.708707
            636         38.933         63.201       0.618806       0.708707
            637         18.088        102.211       0.849643       0.708707
            638         20.056         63.742       0.760661       0.708707
            639         60.826         64.694       0.515408       0.708707
            640         22.038         75.470       0.773987       0.708707
            641          8.943        102.153       0.919501       0.708707
            642         58.243         93.759       0.616829       0.708707
            643          9.976         98.771       0.908262       0.708707
            644         33.823         58.337       0.633002       0.708707
            645         19.949         51.679       0.721489       0.708707
            646         35.886         82.541       0.696978       0.708707
            647         12.652         80.218       0.863765       0.708707
            648         35.042         81.443       0.699173       0.708707
            649         49.528         69.603       0.584255       0.708707
            650         42.231         80.943       0.657143       0.708707
            651         26.006         11.018       0.297587       0.708707
            652         41.592         78.301       0.653090       0.708707
            653         30.063         88.316       0.746043       0.708707
            654         24.973        110.651       0.815865       0.708707
            655         26.955         46.433       0.632704       0.708707
            656         41.718         38.966       0.482949       0.708707
            657         27.882         63.572       0.695127       0.708707
            658         26.254         58.301       0.689506       0.708707
            659         25.850         63.525       0.710768       0.708707
            660         30.185         59.850       0.664739       0.708707
            661         31.895         59.995       0.652898       0.708707
            662         26.178         87.843       0.770409       0.708707
            663          4.661         59.425       0.927276       0.708707
            664         41.358         71.486       0.633491       0.708707
            665         47.298         82.273       0.634961       0.708707
            666         26.027         67.821       0.722671       0.708707
            667          9.349         59.623       0.864459       0.708707
            668         22.283         69.738       0.757848       0.708707
            669         16.021         58.053       0.783720       0.708707
            670         58.369         63.590       0.521403       0.708707
            671         30.352         79.965       0.724864       0.708707
            672         33.212         75.025       0.693158       0.708707
            673         35.496         64.109       0.643628       0.708707
            674         37.887         71.808       0.654616       0.708707
            675         20.753         75.708       0.784858       0.708707
            676         29.472         38.670       0.567488       0.708707
            677         38.918         63.826       0.621215       0.708707
            678         29.311         90.338       0.755029       0.708707
            679         47.075         70.585       0.599907       0.708707
            680         20.528         50.709       0.711835       0.708707
            681         42.930         47.441       0.524955       0.708707
            682         15.961         87.985       0.846445       0.708707
            683         44.704         23.294       0.342566       0.708707
            684         25.669        108.772       0.809070       0.708707
            685         28.687         61.714       0.682669       0.708707
            686         12.337         57.614       0.823631       0.708707
            687         37.526         69.643       0.649843       0.708707
            688         50.755         93.285       0.647631       0.708707
            689         37.918         59.714       0.611623       0.708707
            690         32.188         44.757       0.581670       0.708707
            691         26.334         69.491       0.725183       0.708707
            692         12.426         60.241       0.829000       0.708707
            693         24.991         76.564       0.753918       0.708707
            694         25.410         91.396       0.782456       0.708707
            695         33.970         60.335       0.639782       0.708707
            696         32.048         70.162       0.686451       0.708707
            697         22.712         70.934       0.757468       0.708707
            698         23.323         74.301       0.761097       0.708707
            699         31.379         54.133       0.633043       0.708707
            700         28.415         59.564       0.677021       0.708707
            701         17.763         62.845       0.779642       0.708707
            702         28.670         68.346       0.704480       0.708707
            703         19.644         93.505       0.826388       0.708707
            704         29.234         43.596       0.598602       0.708707
            705         25.997         78.832       0.752009       0.708707
            706         31.935         85.039       0.726993       0.708707
            707         23.719         59.369       0.714529       0.708707
            708         13.388         60.893       0.819761       0.708707
            709         43.496         72.288       0.624337       0.708707
            710         27.644         80.884       0.745283       0.708707
            711         32.628         56.458       0.633747       0.708707
            712         10.045         87.048       0.896545       0.708707
            713         26.570         60.837       0.696022       0.708707
            714         38.941        109.795       0.738186       0.708707
            715         28.360         73.770       0.722313       0.708707
            716         26.525         60.870       0.696496       0.708707
            717         36.694         53.182       0.591725       0.708707
            718         39.074         83.637       0.681576       0.708707
            719         21.467         41.241       0.657669       0.708707
            720         41.137         57.054       0.581049       0.708707
            721         34.115         81.731       0.705518       0.708707
            722         21.509         57.488       0.727719       0.708707
            723         39.316         64.776       0.622297       0.708707
            724         29.231         80.056       0.732532       0.708707
            725         13.721         63.673       0.822716       0.708707
            726         19.017         86.034       0.818976       0.708707
            727         35.383         78.002       0.687938       0.708707
            728         24.216         79.013       0.765414       0.708707
            729         28.903         43.406       0.600291       0.708707
            730         56.387         88.118       0.609790       0.708707
            731         43.432         52.378       0.546690       0.708707
            732         35.820         91.743       0.719195       0.708707
            733         47.384         44.414       0.483822       0.708707
            734         39.290         54.996       0.583286       0.708707
            735         13.683         91.771       0.870248       0.708707
            736         40.463         72.035       0.640320       0.708707
            737         40.566         78.967       0.660628       0.708707
            738         25.333         74.960       0.747408       0.708707
            739         14.211         62.367       0.814427       0.708707
            740         11.570         63.475       0.845826       0.708707
            741         28.682         59.013       0.672932       0.708707
            742         27.011        108.241       0.800292       0.708707
            743         15.287         83.045       0.844539       0.708707
            744         18.042         61.769       0.773940       0.708707
            745         24.728         76.709       0.756227       0.708707
            746         19.036         55.244       0.743721       0.708707
            747         20.327         49.232       0.707771       0.708707
            748         29.560         52.104       0.638030       0.708707
            749         29.205         95.248       0.765336       0.708707
            750          9.264         67.952       0.880028       0.708707
            751         40.993         88.356       0.683081       0.708707
            752         26.036         67.918       0.722887       0.708707
            753         38.013         67.920       0.641159       0.708707
            754         33.549         84.524       0.715860       0.708707
            755         33.923         41.757       0.551762       0.708707
            756         22.927        104.541       0.820134       0.708707
            757         12.683         60.484       0.826657       0.708707
            758          5.330         90.098       0.944144       0.708707
            759          8.959         93.697       0.912726       0.708707
            760         16.922         67.032       0.798442       0.708707
            761         29.877         58.303       0.661183       0.708707
            762         40.618         83.913       0.673832       0.708707
            763         44.759         60.060       0.572986       0.708707
            764         37.439         56.523       0.601551       0.708707
            765         29.509         42.468       0.590021       0.708707
            766         30.385        101.624       0.769827       0.708707
            767         29.382         84.533       0.742068       0.708707
            768         17.225         96.492       0.848528       0.708707
            769         46.212         47.503       0.506886       0.708707
            770         45.118         68.466       0.602777       0.708707
            771         23.666         64.495       0.731560       0.708707
            772         12.358         86.539       0.875042       0.708707
            773         20.363         59.294       0.744367       0.708707
            774          9.689        102.408       0.913569       0.708707
            775         26.086         77.760       0.748801       0.708707
            776         34.308         85.234       0.713004       0.708707
            777         21.488         74.717       0.776647       0.708707
            778         19.105         77.368       0.801967       0.708707
            779         24.668         81.555       0.767773       0.708707
            780         30.428         87.425       0.741811       0.708707
            781         22.523         46.976       0.675924       0.708707
            782         26.000         83.790       0.763185       0.708707
            783         29.484         59.426       0.668381       0.708707
            784         31.731        106.538       0.770515       0.708707
            785         15.438         97.184       0.862922       0.708707
            786         13.063         91.804       0.875433       0.708707
            787         47.429         58.952       0.554157       0.708707
            788         25.598         80.400       0.758505       0.708707
            789         44.843         66.275       0.596437       0.708707
            790         51.546         66.048       0.561661       0.708707
            791         34.031         94.638       0.735514       0.708707
            792         22.157         54.188       0.709780       0.708707
            793         29.434         66.230       0.692317       0.708707
            794         21.460         87.871       0.803712       0.708707
            795         44.155         88.923       0.668199       0.708707
            796         18.611         99.437       0.842341       0.708707
            797         30.608         52.586       0.632092       0.708707
            798         40.311         74.998       0.650411       0.708707
            799         35.904         44.998       0.556205       0.708707
            800         20.277         69.461       0.774039       0.708707
            801         17.166         84.054       0.830413       0.708707
            802         26.701         86.176       0.763453       0.708707
            803         26.615         78.142       0.745933       0.708707
            804         27.237         56.968       0.676536       0.708707
            805         37.710         62.126       0.622282       0.708707
            806         14.752         81.091       0.846081       0.708707
            807         36.092         99.584       0.733985       0.708707
            808         28.980         95.177       0.766588       0.708707
            809         33.081         59.188       0.641469       0.708707
            810         20.092         54.976       0.732350       0.708707
            811          8.397         63.321       0.882923       0.708707
            812         25.298         51.923       0.672395       0.708707
            813         34.605         73.441       0.679721       0.708707
            814         14.034         69.105       0.831198       0.708707
            815         27.685         73.877       0.727412       0.708707
            816         23.729         77.104       0.764669       0.708707
            817         31.002         62.623       0.668873       0.708707
            818         25.685         87.755       0.773579       0.708707
            819         38.651         68.503       0.639294       0.708707
            820         28.091         46.419       0.622990       0.708707
            821         18.254         89.907       0.831235       0.708707
            822         27.287         54.127       0.664837       0.708707
            823         -0.704         69.562       1.010221       0.708707
            824         33.262         50.352       0.602196       0.708707
            825         23.554         50.216       0.680710       0.708707
            826         34.467         58.337       0.628606       0.708707
            827         14.140         81.561       0.852252       0.708707
            828         15.821         67.148       0.809314       0.708707
            829         37.230         81.308       0.685926       0.708707
            830         17.810         68.995       0.794829       0.708707
            831         22.980         85.601       0.788362       0.708707
            832         28.368         86.738       0.753547       0.708707
            833         18.316         65.405       0.781227       0.708707
            834         21.524         78.097       0.783940       0.708707
            835         27.971         62.108       0.689483       0.708707
            836         13.102         54.348       0.805748       0.708707
            837         36.456        100.897       0.734584       0.708707
            838         32.065         82.171       0.719308       0.708707
            839         40.689         85.896       0.678564       0.708707
            840         24.401         56.828       0.699601       0.708707
            841         34.435         93.626       0.731105       0.708707
            842          8.063         73.703       0.901391       0.708707
            843         25.543         60.763       0.704040       0.708707
            844         53.741         72.691       0.574944       0.708707
            845         15.393         42.748       0.735244       0.708707
            846         44.058         49.050       0.526806       0.708707
            847         34.587         90.645       0.723817       0.708707
            848         33.240         60.931       0.647022       0.708707
            849         25.239         57.205       0.693867       0.708707
            850         35.107         61.981       0.638402       0.708707
            851         27.449         87.503       0.761211       0.708707
            852         51.012         78.588       0.606386       0.708707
            853         27.475         71.340       0.721955       0.708707
            854         31.492         75.947       0.706886       0.708707
            855         37.935         82.959       0.686215       0.708707
            856         37.759         68.709       0.645351       0.708707
            857         31.848         75.776       0.704078       0.708707
            858         27.694         53.495       0.658891       0.708707
            859         29.877         78.977       0.725534       0.708707
            860         33.571         62.086       0.649044       0.708707
            861         47.145         53.809       0.533008       0.708707
            862         13.255        108.180       0.890848       0.708707
            863         19.166         78.574       0.803908       0.708707
            864         26.257         65.584       0.714108       0.708707
            865         31.714         75.423       0.703986       0.708707
            866         20.539         68.086       0.768250       0.708707
            867         30.602         55.681       0.645327       0.708707
            868         34.311         81.598       0.703980       0.708707
            869         33.804         76.680       0.694036       0.708707
            870         29.851         83.106       0.735733       0.708707
            871         36.613        104.091       0.739789       0.708707
            872         56.263         83.204       0.596587       0.708707
            873         24.031         72.300       0.750535       0.708707
            874         29.949         55.855       0.650961       0.708707
            875         31.415         92.595       0.746675       0.708707
            876         19.792         98.705       0.832977       0.708707
            877         41.429         85.075       0.672509       0.708707
            878         23.218         77.477       0.769425       0.708707
            879         31.191         83.586       0.728245       0.708707
            880         37.449         69.914       0.651192       0.708707
            881         26.569         80.201       0.751158       0.708707
            882         21.620         95.617       0.815585       0.708707
            883         21.086         44.866       0.680278       0.708707
            884         29.435         59.207       0.667935       0.708707
            885         21.362         44.443       0.675370       0.708707
            886         28.164         68.435       0.708442       0.708707
            887         14.888         90.039       0.858112       0.708707
            888         35.728         73.067       0.671604       0.708707
            889         19.180         28.070       0.594075       0.708707
            890         34.614         83.143       0.706055       0.708707
            891         21.512         85.769       0.799483       0.708707
            892         36.961         85.785       0.698885       0.708707
            893         51.289         79.923       0.609112       0.708707
            894         22.088         68.974       0.757444       0.708707
            895         34.720         53.223       0.605194       0.708707
            896         29.525         54.000       0.646511       0.708707
            897          9.357         59.215       0.863545       0.708707
            898         36.355         58.887       0.618287       0.708707
            899         36.997         43.443       0.540064       0.708707
            900         31.362         84.596       0.729541       0.708707
            901         18.760         88.058       0.824377       0.708707
            902          3.307         80.358       0.960470       0.708707
            903         28.309         83.746       0.747365       0.708707
            904         34.644         78.905       0.694895       0.708707
            905         17.404         51.707       0.748168       0.708707
            906         26.968         47.562       0.638163       0.708707
            907         22.044         55.365       0.715226       0.708707
            908         20.832         69.051       0.768236       0.708707
            909         14.384         80.957       0.849127       0.708707
            910         16.763         77.447       0.822073       0.708707
            911         18.679         65.994       0.779396       0.708707
            912         -0.441         50.112       1.008879       0.708707
            913         31.748         28.408       0.472239       0.708707
            914         31.919         67.993       0.680529       0.708707
            915         40.055         40.301       0.501533       0.708707
            916         35.349         73.953       0.676594       0.708707
            917         23.939         70.040       0.745277       0.708707
            918         35.240         75.205       0.680928       0.708707
            919         14.123         92.620       0.867692       0.708707
            920         40.124        103.927       0.721460       0.708707
            921         26.209         56.746       0.684058       0.708707
            922         23.837         57.307       0.706242       0.708707
            923         35.547         63.482       0.641044       0.708707
            924         41.022         80.234       0.661693       0.708707
            925         33.792         62.207       0.647995       0.708707
            926         29.006         88.046       0.752192       0.708707
            927         27.885         61.085       0.686576       0.708707
            928         25.141         81.362       0.763941       0.708707
            929         23.165         57.640       0.713317       0.708707
            930         24.036         45.422       0.653950       0.708707
            931         32.311         91.029       0.738034       0.708707
            932         44.290         72.138       0.619594       0.708707
            933         21.581         42.097       0.661089       0.708707
            934         39.136         65.358       0.625468       0.708707
            935         30.213         38.647       0.561244       0.708707
            936         23.762         60.954       0.719508       0.708707
            937         38.092         56.042       0.595342       0.708707
            938         40.840         44.843       0.523361       0.708707
            939         54.676         92.462       0.628403       0.708707
            940         44.011         91.533       0.675303       0.708707
            941         18.370         63.189       0.774764       0.708707
            942         23.960         58.480       0.709363       0.708707
            943         22.892         95.634       0.806861       0.708707
            944         35.132         88.093       0.714894       0.708707
            945         24.946         78.922       0.759828       0.708707
            946         29.474         84.967       0.742453       0.708707
            947         36.600         58.574       0.615443       0.708707
            948         30.365         89.169       0.745974       0.708707
            949         35.850         69.874       0.660911       0.708707
            950         34.409         83.159       0.707329       0.708707
            951         20.931         61.422       0.745836       0.708707
            952         38.115         66.573       0.635921       0.708707
            953         38.689         92.163       0.704328       0.708707
            954         22.956         67.137       0.745196       0.708707
            955         24.900         40.609       0.619893       0.708707
            956         44.398         78.334       0.638250       0.708707
            957         37.349         60.725       0.619173       0.708707
            958         31.489         56.876       0.643648       0.708707
            959         13.778         70.208       0.835950       0.708707
            960         31.326         45.678       0.593188       0.708707
            961         30.371         77.750       0.719103       0.708707
            962         21.160         55.481       0.723902       0.708707
            963         25.614         65.229       0.718038       0.708707
            964         24.064         73.052       0.752212       0.708707
            965         30.702         72.001       0.701057       0.708707
            966         34.024         75.128       0.688289       0.708707
            967         27.060         97.315       0.782431       0.708707
            968         23.941         63.539       0.726328       0.708707
            969         52.342         94.295       0.643048       0.708707
            970         30.284         93.560       0.755468       0.708707
            971         28.514         82.086       0.742187       0.708707
            972         21.416         54.640       0.718418       0.708707
            973         27.852         37.613       0.574547       0.708707
            974         10.148         94.553       0.903074       0.708707
            975         29.289         46.619       0.614149       0.708707
            976         23.211         69.140       0.748663       0.708707
            977         22.532         40.006       0.639708       0.708707
            978         23.958         77.969       0.764951       0.708707
            979         34.862         81.813       0.701204       0.708707
            980         36.830         48.371       0.567731       0.708707
            981         27.812         71.222       0.719166       0.708707
            982         16.573         58.452       0.779105       0.708707
            983         28.454         50.394       0.639133       0.708707
            984         34.448         66.557       0.658949       0.708707
            985         41.929         76.332       0.645454       0.708707
            986         31.721         71.937       0.693983       0.708707
            987         19.912         85.160       0.810489       0.708707
            988         36.490         83.871       0.696832       0.708707
            989         -4.749         83.009       1.060682       0.708707
            990         29.257         85.199       0.744382       0.708707
            991         30.118         79.181       0.724446       0.708707
            992         43.542         81.433       0.651595       0.708707
            993         35.002         48.582       0.581235       0.708707
            994         31.111         75.522       0.708238       0.708707
            995         20.765         80.915       0.795779       0.708707
            996         27.130         91.561       0.771420       0.708707
            997         37.964         58.202       0.605227       0.708707
            998         23.539         67.418       0.741204       0.708707
            999         21.459         83.023       0.794612       0.708707
           1000         21.909         69.633       0.760671       0.708707
