              1         30.449         71.036       0.699966       0.699563
              2         30.322         66.134       0.685643       0.699563
              3         16.331         74.158       0.819523       0.699563
              4         18.880         55.378       0.745748       0.699563
              5         28.322         53.349       0.653218       0.699563
              6         20.737         65.173       0.758619       0.699563
              7         16.306         71.713       0.814745       0.699563
              8         30.182         87.032       0.742509       0.699563
              9         36.068         54.845       0.603267       0.699563
             10         28.326         72.296       0.718493       0.699563
             11         44.352         68.062       0.605458       0.699563
             12         43.283         43.108       0.498989       0.699563
             13         26.835         58.919       0.687071       0.699563
             14         31.912         50.761       0.614000       0.699563
             15         31.021         48.850       0.611610       0.699563
             16         13.073         52.828       0.801631       0.699563
             17         24.158         91.646       0.791387       0.699563
             18          9.766         53.467       0.845559       0.699563
             19         31.908         78.130       0.710026       0.699563
             20         55.660         64.881       0.538246       0.699563
             21         53.558         64.365       0.545825       0.699563
             22         34.823         99.808       0.741343       0.699563
             23         20.907         68.721       0.766734       0.699563
             24         34.649          4.786       0.121369       0.753612
             25         38.669         59.033       0.604217       0.699563
             26         25.583         58.654       0.696298       0.699563
             27         31.621         59.810       0.654151       0.699563
             28         42.218         41.787       0.497437       0.699563
             29         42.304         50.738       0.545325       0.699563
             30         36.721         84.734       0.697657       0.699563
             31         10.318         84.050       0.890666       0.699563
             32         14.012         67.484       0.828061       0.699563
             33         22.228         70.223       0.759571       0.699563
             34         13.493        105.077       0.886200       0.699563
             35         26.057         64.160       0.711173       0.699563
             36         50.693         53.122       0.511698       0.699563
             37         18.628         56.293       0.751364       0.699563
             38         27.453         84.297       0.754339       0.699563
             39         29.004         65.990       0.694672       0.699563
             40         18.581         85.500       0.821476       0.699563
             41         52.508         57.097       0.520937       0.699563
             42         31.758         62.805       0.664161       0.699563
             43         28.971         91.210       0.758936       0.699563
             44         39.327         56.529       0.589728       0.699563
             45          7.245         54.632       0.882910       0.699563
             46         33.382         61.789       0.649238       0.699563
             47         33.989         68.006       0.666756       0.699563
             48         20.042         70.305       0.778165       0.699563
             49         25.863         76.127       0.746416       0.699563
             50         22.243         73.279       0.767140       0.699563
             51         22.728         84.310       0.787660       0.699563
             52         35.332        100.212       0.739334       0.699563
             53         34.011         83.169       0.709753       0.699563
             54         19.377         82.317       0.809462       0.699563
             55         42.707         66.052       0.607324       0.699563
             56         34.306         71.902       0.676990       0.699563
             57         18.729         98.748       0.840572       0.699563
             58         41.367         93.043       0.692233       0.699563
             59         50.490         48.238       0.488595       0.699563
             60         30.405         66.771       0.687114       0.699563
             61         24.674         44.735       0.644516       0.699563
             62         41.945         74.554       0.639954       0.699563
             63         40.163         61.278       0.604074       0.699563
             64         26.784         64.352       0.706109       0.699563
             65         15.296         81.839       0.842523       0.699563
             66         53.154         90.159       0.629105       0.699563
             67         15.971         90.253       0.849653       0.699563
             68         31.756         84.876       0.727727       0.699563
             69          7.666         59.897       0.886537       0.699563
             70         38.987         83.147       0.680788       0.699563
             71         28.041         94.609       0.771372       0.699563
             72         30.116         63.889       0.679636       0.699563
             73         34.139         81.253       0.704149       0.699563
             74         35.062         53.039       0.602030       0.699563
             75         34.330         42.191       0.551364       0.699563
             76         34.155         68.258       0.666497       0.699563
             77         63.909         80.717       0.558108       0.699563
             78         29.494         90.428       0.754058       0.699563
             79         33.456         48.657       0.592562       0.699563
             80         44.431         67.620       0.603477       0.699563
             81          6.364         65.642       0.911613       0.699563
             82         34.585         50.442       0.593247       0.699563
             83         45.398         50.421       0.526212       0.699563
             84         31.971         66.186       0.674286       0.699563
             85         22.925         63.211       0.733851       0.699563
             86         19.579         49.294       0.715729       0.699563
             87         35.872         84.225       0.701309       0.699563
             88         24.784         84.758       0.773750       0.699563
             89         37.330         60.073       0.616746       0.699563
             90         31.359         36.553       0.538236       0.699563
             91         15.299         67.129       0.814393       0.699563
             92         20.520         73.194       0.781034       0.699563
             93         32.286         48.329       0.599506       0.699563
             94         19.503         68.153       0.777502       0.699563
             95         39.421         63.373       0.616506       0.699563
             96         -2.209         78.457       1.028971       0.699563
             97         26.367         58.208       0.688241       0.699563
             98         18.007         63.553       0.779222       0.699563
             99         30.566         76.338       0.714080       0.699563
            100         31.650         44.878       0.586430       0.699563
            101         39.304         67.081       0.630546       0.699563
            102         35.134         35.178       0.500307       0.699563
            103         19.024         76.117       0.800040       0.699563
            104         24.325         69.103       0.739641       0.699563
            105         31.277         95.594       0.753476       0.699563
            106         38.902         78.787       0.669451       0.699563
            107          5.952         92.140       0.939322       0.699563
            108         35.270         58.239       0.622818       0.699563
            109         -1.039         93.216       1.011268       0.699563
            110         32.168        117.056       0.784433       0.699563
            111         45.282         88.801       0.662284       0.699563
            112         31.384         59.872       0.656093       0.699563
            113         35.215         72.461       0.672952       0.699563
            114         44.840         60.278       0.573429       0.699563
            115         40.018         56.119       0.583737       0.699563
            116         48.665         27.337       0.359688       0.699563
            117          5.970         77.927       0.928843       0.699563
            118         37.732         63.581       0.627572       0.699563
            119         54.378         38.189       0.412556       0.699563
            120         23.656         85.600       0.783477       0.699563
            121         51.654         89.524       0.634122       0.699563
            122         40.637         81.130       0.666276       0.699563
            123         26.495         82.097       0.756017       0.699563
            124         24.389        102.775       0.808205       0.699563
            125         49.027         75.260       0.605533       0.699563
            126         29.151         77.669       0.727103       0.699563
            127         32.214         77.971       0.707638       0.699563
            128         29.320         61.777       0.678147       0.699563
            129         19.448         45.205       0.699197       0.699563
            130         33.072         77.072       0.699742       0.699563
            131         26.735         51.350       0.657614       0.699563
            132         35.342         63.797       0.643510       0.699563
            133         28.518         77.846       0.731880       0.699563
            134         28.570         91.367       0.761789       0.699563
            135          0.070         69.651       0.999001       0.699563
            136         18.733         69.048       0.786594       0.699563
            137         45.952         72.080       0.610681       0.699563
            138         22.008         49.167       0.690787       0.699563
            139         19.278         99.405       0.837564       0.794743
            140         13.886         80.497       0.852876       0.794743
            141         36.457         69.555       0.656107       0.794743
            142         25.579        108.964       0.809885       0.794743
            143         33.305         58.697       0.637999       0.794743
            144         16.673         75.649       0.819405       0.794743
            145         19.612         78.619       0.800348       0.794743
            146         25.107         94.929       0.790835       0.794743
            147         21.442         56.249       0.724007       0.794743
            148         14.709         88.782       0.857872       0.794743
            149          2.080         91.466       0.977761       0.794743
            150         10.460        106.699       0.910718       0.794743
            151         19.585         67.962       0.776294       0.794743
            152         12.886         68.346       0.841372       0.794743
            153         22.188         65.025       0.745585       0.794743
            154         20.760         67.132       0.763801       0.794743
            155          1.105         77.441       0.985927       0.794743
            156         16.166         74.967       0.822609       0.794743
            157         22.444         32.663       0.592719       0.794743
            158         12.024         58.670       0.829919       0.794743
            159         10.660         57.361       0.843290       0.794743
            160          0.152         60.530       0.997487       0.794743
            161         26.592         65.942       0.712624       0.794743
            162         17.092         85.306       0.833082       0.794743
            163         27.432         72.055       0.724267       0.794743
            164         25.259         65.301       0.721083       0.794743
            165         23.397         92.761       0.798577       0.794743
            166         40.068         68.627       0.631373       0.699563
            167         34.559         81.413       0.702003       0.699563
            168         28.109        105.722       0.789968       0.699563
            169         37.109         87.245       0.701586       0.699563
            170         35.351         87.689       0.712689       0.699563
            171         31.808         95.341       0.749836       0.699563
            172         32.789        113.630       0.776059       0.699563
            173         45.756         37.777       0.452241       0.699563
            174         20.555         65.931       0.762327       0.699563
            175         27.881         39.598       0.586819       0.699563
            176         23.490         95.434       0.802479       0.699563
            177         45.376         69.526       0.605087       0.699563
            178         23.483         47.914       0.671096       0.699563
            179         17.580         91.550       0.838908       0.699563
            180         36.672         73.012       0.665655       0.699563
            181         20.460         63.033       0.754950       0.699563
            182         37.594         85.764       0.695246       0.699563
            183         28.384         66.823       0.701871       0.699563
            184         51.013         82.959       0.619228       0.699563
            185         32.172         57.710       0.642066       0.699563
            186         30.818         68.506       0.689722       0.699563
            187         36.896         73.419       0.665540       0.699563
            188         36.621         70.193       0.657152       0.699563
            189         46.446        109.494       0.702154       0.699563
            190         45.378         77.800       0.631605       0.699563
            191         28.552         63.216       0.688866       0.699563
            192         21.875         57.390       0.724023       0.699563
            193         25.929         97.923       0.790643       0.699563
            194         31.437         78.438       0.713883       0.699563
            195         21.356         56.344       0.725150       0.699563
            196         39.783         74.066       0.650559       0.699563
            197         30.573         72.604       0.703685       0.699563
            198         20.928         42.429       0.669685       0.699563
            199         41.331         79.485       0.657902       0.699563
            200         36.888         94.010       0.718194       0.699563
            201         37.603         62.912       0.625895       0.699563
            202         28.287         51.565       0.645760       0.699563
            203         52.229         73.875       0.585825       0.699563
            204         34.636         60.917       0.637517       0.699563
            205         21.750         52.897       0.708632       0.699563
            206         32.373         81.563       0.715868       0.699563
            207         11.015         36.060       0.766018       0.794743
            208         20.719         76.283       0.786408       0.794743
            209         26.623         75.969       0.740497       0.794743
            210         16.072         69.869       0.812988       0.794743
            211          2.617         78.392       0.967699       0.794743
            212         31.681        100.764       0.760801       0.794743
            213         15.023         83.953       0.848214       0.794743
            214         21.730         74.659       0.774561       0.794743
            215         16.804         70.203       0.806864       0.794743
            216         24.176         74.541       0.755096       0.794743
            217         26.064         85.375       0.766115       0.794743
            218         37.719         73.311       0.660281       0.794743
            219         26.162         55.123       0.678145       0.794743
            220         12.234         56.722       0.822587       0.794743
            221         21.736         89.218       0.804097       0.794743
            222         20.257         42.458       0.677005       0.794743
            223         12.679         82.578       0.866901       0.794743
            224         18.127         84.635       0.823598       0.794743
            225         17.033         97.175       0.850857       0.794743
            226         -4.420         77.698       1.060325       0.794743
            227         18.691         69.675       0.788480       0.794743
            228         14.620         62.314       0.809967       0.794743
            229         15.965         50.824       0.760959       0.794743
            230         21.146         78.821       0.788473       0.794743
            231         24.219         71.913       0.748068       0.794743
            232         17.944         65.408       0.784717       0.794743
            233         13.780         87.334       0.863717       0.794743
            234         25.159         93.448       0.787875       0.794743
            235         11.067         79.977       0.878447       0.794743
            236         23.881         72.193       0.751429       0.794743
            237         26.653         87.486       0.766484       0.794743
            238         18.631         97.383       0.839404       0.794743
            239         11.296         89.189       0.887587       0.794743
            240          4.449        114.449       0.962583       0.794743
            241         11.745         88.486       0.882820       0.794743
            242         15.315         78.866       0.837384       0.794743
            243         20.600         67.045       0.764959       0.794743
            244         44.092         76.594       0.634659       0.794743
            245         16.883         90.827       0.843251       0.794743
            246         37.724        121.633       0.763273       0.794743
            247         20.921         56.191       0.728694       0.794743
            248         18.726         66.353       0.779897       0.794743
            249         24.537         67.247       0.732667       0.794743
            250         19.520         92.649       0.825979       0.794743
            251        -18.676         56.782       1.490121       0.753612
            252         27.530         40.612       0.595992       0.699563
            253         10.983         99.037       0.900174       0.699563
            254         30.999         51.973       0.626389       0.699563
            255         11.749         61.948       0.840577       0.699563
            256         26.103         69.221       0.726169       0.699563
            257          9.480         68.236       0.878017       0.699563
            258         15.974         53.687       0.770694       0.699563
            259         14.433         60.075       0.806284       0.699563
            260         33.096         76.241       0.697301       0.699563
            261         14.042         40.447       0.742292       0.699563
            262         27.266         61.252       0.691975       0.699563
            263         18.813         70.744       0.789937       0.699563
            264         38.271         85.909       0.691811       0.699563
            265         23.338         79.998       0.774158       0.699563
            266         14.925         71.308       0.826925       0.699563
            267         16.760         70.231       0.807341       0.699563
            268         10.285         97.793       0.904840       0.699563
            269         24.087         94.952       0.797655       0.699563
            270         34.179         85.425       0.714235       0.699563
            271         26.516         99.577       0.789711       0.699563
            272         35.344         59.600       0.627740       0.699563
            273         37.404         90.381       0.707287       0.699563
            274         33.808         65.958       0.661128       0.699563
            275         25.980         65.513       0.716045       0.699563
            276         22.720         69.639       0.754002       0.699563
            277         34.712         67.604       0.660741       0.699563
            278         24.822         71.308       0.741791       0.699563
            279         32.451        106.886       0.767105       0.699563
            280         37.213         56.026       0.600885       0.699563
            281         52.513         29.381       0.358767       0.699563
            282         34.948         73.700       0.678335       0.699563
            283         17.380         59.341       0.773468       0.699563
            284         15.671         73.797       0.824845       0.699563
            285         19.822         67.738       0.773618       0.699563
            286         45.042         54.412       0.547104       0.699563
            287         48.135         71.818       0.598715       0.699563
            288         36.684         38.633       0.512942       0.699563
            289         31.391         70.297       0.691301       0.699563
            290         24.158         77.191       0.761634       0.699563
            291         12.220         60.592       0.832166       0.699563
            292         18.717         51.206       0.732323       0.699563
            293         20.949         57.181       0.731872       0.699563
            294         23.688         86.431       0.784887       0.699563
            295         29.543         66.589       0.692684       0.699563
            296         28.488         55.518       0.660882       0.699563
            297         20.321         61.899       0.752846       0.699563
            298         11.948         43.054       0.782778       0.699563
            299         38.762         82.602       0.680615       0.699563
            300         11.059         60.655       0.845794       0.699563
            301          5.541         82.936       0.937376       0.699563
            302         34.126         45.209       0.569849       0.699563
            303         31.996         87.359       0.731924       0.699563
            304         26.357         68.466       0.722039       0.699563
            305         18.355         80.408       0.814153       0.699563
            306         28.903         55.304       0.656761       0.699563
            307         24.956         78.576       0.758955       0.794743
            308         14.520         62.166       0.810657       0.794743
            309         29.609         70.810       0.705148       0.794743
            310          9.852        102.447       0.912269       0.794743
            311         10.543         76.752       0.879227       0.794743
            312         18.451         62.660       0.772521       0.794743
            313          1.950         91.946       0.979234       0.794743
            314         17.697         79.689       0.818276       0.794743
            315         10.815         49.168       0.819699       0.794743
            316         15.961         96.417       0.857971       0.794743
            317         16.336         81.243       0.832583       0.794743
            318         18.762         85.544       0.820126       0.794743
            319         15.234         77.141       0.835087       0.794743
            320         26.380         79.605       0.751099       0.794743
            321         27.499         74.542       0.730509       0.794743
            322         16.736        106.262       0.863935       0.794743
            323          8.346         72.235       0.896431       0.794743
            324         22.594         37.383       0.623287       0.794743
            325         25.125         79.203       0.759176       0.794743
            326          8.969         82.629       0.902081       0.794743
            327         16.218         69.524       0.810849       0.794743
            328         15.725         97.899       0.861604       0.794743
            329         22.009         82.155       0.788707       0.794743
            330         31.638        122.386       0.794591       0.794743
            331         19.427        101.081       0.838790       0.794743
            332         17.119         95.818       0.848417       0.794743
            333         21.457         84.648       0.797774       0.794743
            334         25.708         92.342       0.782231       0.794743
            335         29.353         98.390       0.770221       0.794743
            336         20.645         73.985       0.781832       0.794743
            337         24.322         79.182       0.765015       0.794743
            338         30.398         84.463       0.735353       0.794743
            339         11.428         81.510       0.877033       0.794743
            340         25.920        115.641       0.816900       0.794743
            341         15.329         84.669       0.846709       0.794743
            342         23.890         74.421       0.756994       0.794743
            343         23.347         98.114       0.807783       0.794743
            344         12.112         69.684       0.851922       0.794743
            345         14.955         88.267       0.855118       0.794743
            346         30.998         49.668       0.615723       0.699563
            347         25.775         76.067       0.746911       0.699563
            348         17.523         58.316       0.768948       0.699563
            349         21.939         66.064       0.750706       0.699563
            350         23.073         55.516       0.706408       0.699563
            351         32.341         53.600       0.623689       0.699563
            352         28.194         31.496       0.527657       0.699563
            353         26.517         95.184       0.782116       0.699563
            354         30.631         82.852       0.730084       0.699563
            355         49.682         76.879       0.607449       0.699563
            356         24.880         56.215       0.693201       0.699563
            357         37.589         47.656       0.559048       0.699563
            358         21.603         83.680       0.794813       0.699563
            359         24.054         68.043       0.738817       0.699563
            360         32.664         80.450       0.711231       0.699563
            361         24.775         76.813       0.756125       0.699563
            362         37.688         35.640       0.486035       0.699563
            363         29.313         79.540       0.730713       0.699563
            364         28.212        101.053       0.781749       0.699563
            365         30.406         60.996       0.667336       0.699563
            366         40.265         82.152       0.671084       0.699563
            367         23.953         95.503       0.799486       0.794743
            368         16.564         93.854       0.849989       0.794743
            369         14.975         99.328       0.868989       0.794743
            370         15.124         78.189       0.837921       0.794743
            371         29.351        108.294       0.786763       0.794743
            372         20.240         81.801       0.801648       0.794743
            373         14.087        108.819       0.885387       0.794743
            374         -1.768        110.136       1.016312       0.794743
            375         10.884         60.550       0.847640       0.794743
            376         14.858         71.404       0.827758       0.794743
            377         16.830         81.852       0.829451       0.794743
            378         15.482         62.447       0.801331       0.794743
            379         21.346         50.322       0.702151       0.794743
            380         34.188         73.356       0.682104       0.794743
            381         19.753         48.391       0.710124       0.794743
            382         12.313         69.881       0.850193       0.794743
            383         23.019         66.366       0.742472       0.794743
            384         20.336         74.037       0.784515       0.794743
            385         27.179        121.519       0.817219       0.794743
            386         16.290         59.970       0.786387       0.794743
            387         18.587         64.548       0.776428       0.794743
            388         12.368         65.972       0.842121       0.794743
            389         37.273        119.514       0.762269       0.794743
            390         34.230         55.622       0.619042       0.699563
            391         46.880         92.152       0.662812       0.699563
            392         29.833         60.694       0.670450       0.699563
            393         37.994         79.535       0.676724       0.699563
            394         25.679         74.453       0.743545       0.699563
            395         19.609         57.175       0.744621       0.699563
            396         24.964         54.113       0.684308       0.699563
            397         29.929         92.442       0.755423       0.699563
            398         21.906         75.422       0.774924       0.699563
            399         36.033         62.134       0.632942       0.699563
            400         14.473         98.529       0.871921       0.699563
            401         41.190         85.205       0.674118       0.699563
            402         47.432         73.972       0.609305       0.699563
            403         41.291         82.767       0.667166       0.699563
            404         25.676         54.160       0.678389       0.699563
            405         35.976         48.773       0.575495       0.699563
            406         19.443         61.908       0.760997       0.699563
            407         29.243         50.394       0.632801       0.699563
            408         39.613         68.777       0.634534       0.699563
            409         13.585         70.751       0.838916       0.699563
            410         12.991         63.271       0.829649       0.699563
            411         45.115         57.307       0.559515       0.699563
            412         27.264         48.294       0.639170       0.699563
            413         30.299         71.826       0.703314       0.699563
            414         16.786         58.021       0.775605       0.699563
            415         17.419         45.414       0.722769       0.699563
            416         28.245         68.460       0.707928       0.699563
            417         32.854         72.997       0.689621       0.699563
            418         29.795         66.094       0.689277       0.699563
            419         30.119         80.146       0.726851       0.699563
            420         18.737         80.126       0.810476       0.699563
            421         19.265         94.159       0.830153       0.699563
            422         31.071         89.073       0.741386       0.699563
            423         19.229         71.131       0.787199       0.699563
            424         33.104         68.018       0.672633       0.699563
            425         17.480         47.100       0.729325       0.699563
            426         39.141         79.818       0.670974       0.699563
            427         35.236        104.552       0.747935       0.699563
            428         40.413         56.880       0.584629       0.699563
            429         18.974         94.888       0.833358       0.699563
            430         31.740         72.145       0.694470       0.699563
            431         31.144         75.858       0.708940       0.699563
            432          8.227         53.282       0.866246       0.699563
            433         17.878         68.509       0.793053       0.699563
            434         19.191         90.609       0.825219       0.699563
            435         24.219         50.156       0.674365       0.699563
            436         35.918         74.612       0.675041       0.699563
            437         25.456         43.078       0.628567       0.699563
            438         26.187         78.130       0.748971       0.699563
            439         34.582         64.717       0.651736       0.699563
            440         16.899         98.350       0.853373       0.699563
            441         21.181         88.740       0.807310       0.699563
            442         26.608         43.397       0.619915       0.699563
            443         30.374         72.018       0.703354       0.699563
            444         46.505         64.603       0.581445       0.699563
            445         26.415         55.223       0.676438       0.699563
            446         19.908         87.148       0.814043       0.699563
            447         28.634         82.622       0.742627       0.699563
            448         29.076         84.761       0.744581       0.699563
            449         19.346         42.471       0.687043       0.699563
            450         39.200         91.553       0.700199       0.699563
            451         37.864         60.219       0.613959       0.699563
            452         30.355         83.467       0.733310       0.699563
            453         42.254         71.352       0.628069       0.699563
            454         35.636         90.684       0.717890       0.699563
            455         27.048         47.832       0.638783       0.699563
            456         42.342         76.178       0.642742       0.699563
            457         34.209         67.549       0.663823       0.699563
            458         40.141         70.291       0.636512       0.699563
            459         42.102         63.459       0.601158       0.699563
            460         32.089         52.810       0.622031       0.699563
            461         31.972         88.957       0.735613       0.699563
            462         19.125         47.046       0.710972       0.699563
            463         36.836        107.360       0.744542       0.699563
            464          4.016         43.473       0.915438       0.699563
            465         33.029         69.433       0.677647       0.699563
            466         26.611         70.786       0.726780       0.699563
            467         40.835         69.921       0.631309       0.699563
            468         38.296         65.713       0.631800       0.699563
            469         19.023         56.152       0.746955       0.699563
            470         22.101         70.435       0.761164       0.699563
            471         27.486         83.107       0.751468       0.699563
            472         29.666         80.930       0.731765       0.699563
            473         21.655         59.746       0.733969       0.699563
            474         14.036         69.260       0.831496       0.699563
            475         37.713         83.555       0.689011       0.699563
            476         34.609         71.717       0.674498       0.699563
            477         38.562         52.072       0.574532       0.699563
            478         13.072         79.385       0.858617       0.699563
            479         30.487         73.381       0.706483       0.699563
            480         27.583         78.868       0.740888       0.699563
            481         27.605         55.959       0.669655       0.699563
            482         24.364         74.265       0.752974       0.699563
            483         39.954         88.182       0.688187       0.699563
            484         34.136         60.778       0.640346       0.699563
            485         20.349         73.796       0.783855       0.699563
            486         44.763         39.618       0.469515       0.699563
            487         24.464         50.518       0.673736       0.699563
            488         23.679         76.278       0.763105       0.699563
            489         30.614         51.679       0.627991       0.699563
            490         32.740         57.821       0.638475       0.699563
            491         33.089         68.435       0.674076       0.699563
            492         23.132         75.322       0.765050       0.699563
            493         16.709         49.784       0.748711       0.699563
            494         37.500         89.612       0.704985       0.699563
            495         22.058         97.811       0.815983       0.699563
            496         27.155         60.776       0.691182       0.699563
            497         37.151         73.090       0.663001       0.699563
            498         26.766         78.657       0.746109       0.699563
            499         48.515         68.236       0.584461       0.699563
            500         36.551         56.496       0.607179       0.699563
            501         31.207         63.202       0.669448       0.699563
            502         30.611         64.773       0.679077       0.699563
            503         22.708         90.808       0.799957       0.699563
            504         32.900         29.353       0.471511       0.699563
            505         15.117         60.328       0.799629       0.699563
            506         42.287         89.361       0.678789       0.699563
            507         28.208         62.935       0.690509       0.699563
            508         29.424         59.804       0.670235       0.699563
            509         35.768         68.679       0.657549       0.699563
            510         43.919         58.975       0.573163       0.699563
            511         15.710         65.564       0.806705       0.699563
            512         25.315         36.722       0.591937       0.699563
            513         10.664         82.409       0.885419       0.699563
            514         27.253         35.082       0.562798       0.699563
            515         45.838         55.511       0.547725       0.699563
            516         32.271         50.513       0.610181       0.699563
            517         16.459         52.981       0.762980       0.699563
            518         18.928         44.537       0.701754       0.699563
            519         39.185         60.706       0.607723       0.699563
            520         32.078         76.699       0.705104       0.699563
            521          8.812        109.032       0.925220       0.699563
            522         41.616         80.246       0.658500       0.699563
            523         48.352         76.605       0.613048       0.699563
            524         29.439         83.025       0.738238       0.699563
            525         23.791         64.239       0.729737       0.699563
            526         19.692         90.736       0.821677       0.699563
            527         19.650         66.158       0.771004       0.699563
            528         30.474         53.795       0.638375       0.699563
            529         55.342         78.525       0.586592       0.699563
            530         14.581         92.169       0.863411       0.699563
            531         18.652         71.986       0.794212       0.699563
            532         27.051         71.016       0.724158       0.699563
            533         12.553         82.842       0.868407       0.699563
            534         38.271         51.766       0.574945       0.699563
            535         25.711         66.193       0.720239       0.699563
            536         41.439         56.704       0.577766       0.699563
            537         35.442         57.337       0.617996       0.699563
            538         18.098         59.979       0.768201       0.699563
            539         23.413         47.062       0.667779       0.699563
            540         22.608         81.567       0.782978       0.699563
            541          9.352         78.380       0.893400       0.699563
            542         29.157         64.165       0.687561       0.699563
            543         43.537         61.926       0.587186       0.699563
            544         47.839         67.950       0.586842       0.699563
            545         32.152         84.205       0.723680       0.699563
            546         28.779         54.601       0.654844       0.699563
            547         29.721         63.244       0.680298       0.699563
            548         38.945         93.055       0.704961       0.699563
            549         52.442         75.378       0.589721       0.699563
            550         21.316         84.464       0.798486       0.699563
            551         26.782         64.786       0.707518       0.699563
            552         32.046         56.627       0.638607       0.699563
            553         23.386         94.645       0.801866       0.699563
            554         51.877         96.846       0.651183       0.699563
            555         16.678         89.783       0.843344       0.699563
            556         33.965         92.029       0.730421       0.699563
            557         26.879         71.468       0.726689       0.699563
            558         48.323         82.325       0.630129       0.699563
            559         20.258         56.455       0.735923       0.699563
            560         39.597         63.536       0.616060       0.699563
            561         44.772         73.959       0.622911       0.699563
            562         23.352         62.110       0.726755       0.699563
            563         24.436         66.008       0.729824       0.699563
            564         29.162        102.990       0.779331       0.699563
            565          7.254         76.840       0.913741       0.699563
            566         31.287         61.784       0.663840       0.699563
            567         21.705         83.039       0.792781       0.699563
            568         20.069         71.807       0.781559       0.699563
            569         45.903         39.021       0.459479       0.699563
            570         40.828         72.350       0.639256       0.699563
            571         47.691         87.466       0.647146       0.699563
            572         27.439         38.390       0.583177       0.699563
            573         39.432         51.631       0.566981       0.699563
            574         20.243         60.163       0.748238       0.699563
            575         45.855         39.934       0.465492       0.699563
            576         28.557         82.401       0.742630       0.699563
            577         27.067         55.105       0.670601       0.699563
            578         41.639         60.358       0.591763       0.699563
            579         25.754         46.307       0.642602       0.699563
            580         29.737         73.231       0.711200       0.699563
            581         42.769         56.674       0.569915       0.699563
            582         38.809         68.038       0.636779       0.699563
            583         38.978        111.818       0.741520       0.699563
            584         14.668         50.650       0.775437       0.699563
            585         19.091         45.454       0.704225       0.699563
            586         16.828         84.811       0.834436       0.699563
            587         36.028         64.038       0.639956       0.699563
            588         32.464         57.404       0.638756       0.699563
            589         25.439         66.564       0.723500       0.699563
            590         24.033         65.500       0.731572       0.699563
            591         28.542         66.785       0.700587       0.699563
            592         41.595         43.502       0.511201       0.699563
            593         40.841         67.715       0.623782       0.699563
            594         40.883         80.056       0.661952       0.699563
            595         27.436         67.950       0.712371       0.699563
            596         42.961         52.125       0.548186       0.699563
            597         40.718         74.992       0.648103       0.699563
            598         49.288         64.709       0.567635       0.699563
            599         27.275         88.238       0.763880       0.699563
            600         37.901         65.657       0.634014       0.699563
            601         35.989         48.363       0.573347       0.699563
            602         32.853         63.551       0.659219       0.699563
            603         19.224         53.502       0.735664       0.699563
            604         26.174         51.031       0.660983       0.699563
            605         53.620         71.968       0.573047       0.699563
            606         38.985         68.288       0.636580       0.699563
            607         30.364         74.711       0.711028       0.699563
            608         25.200         48.495       0.658054       0.699563
            609         32.649         67.083       0.672632       0.699563
            610         28.322         76.793       0.730563       0.699563
            611         29.750         56.663       0.655725       0.699563
            612         40.897         81.224       0.665112       0.699563
            613         27.955         65.111       0.699620       0.699563
            614         19.216         56.232       0.745308       0.699563
            615          5.851         76.014       0.928529       0.699563
            616         13.275         79.643       0.857132       0.699563
            617         39.183         45.589       0.537781       0.699563
            618         39.187         76.785       0.662099       0.699563
            619         43.746         75.172       0.632136       0.699563
            620         27.961         16.135       0.365900       0.699563
            621         15.403         82.156       0.842117       0.699563
            622         36.847         60.083       0.619862       0.699563
            623         30.602         52.771       0.632949       0.699563
            624         36.357         80.817       0.689716       0.699563
            625         40.540         63.186       0.609163       0.699563
            626         25.053         43.474       0.634405       0.699563
            627         37.869         90.973       0.706082       0.699563
            628          7.189         72.499       0.909784       0.699563
            629         23.381         67.677       0.743233       0.699563
            630         34.976         40.589       0.537138       0.699563
            631         31.862         58.557       0.647616       0.699563
            632          8.911         64.906       0.879280       0.699563
            633         53.360         83.548       0.610250       0.699563
            634         24.788         57.666       0.699376       0.699563
            635         41.501         64.927       0.610052       0.699563
            636         23.398         87.507       0.789027       0.699563
            637         30.053         44.240       0.595479       0.699563
            638          9.344         88.260       0.904269       0.699563
            639         28.733         71.790       0.714165       0.699563
            640         61.413         78.778       0.561933       0.699563
            641         15.697         71.346       0.819664       0.699563
            642         35.839         83.034       0.698512       0.699563
            643         21.573         61.659       0.740806       0.699563
            644         21.945         68.367       0.757012       0.699563
            645         19.536         79.348       0.802433       0.699563
            646         16.702         63.039       0.790542       0.699563
            647         50.784         54.169       0.516128       0.699563
            648         26.751         88.056       0.766995       0.794743
            649         19.310         63.189       0.765940       0.794743
            650         36.426         84.682       0.699224       0.794743
            651          9.977         35.981       0.782917       0.794743
            652         25.901        108.860       0.807804       0.794743
            653         10.168         65.462       0.865552       0.794743
            654         18.988         99.464       0.839699       0.794743
            655         29.178         96.493       0.767821       0.794743
            656         12.837         58.785       0.820771       0.794743
            657         32.544         76.915       0.702684       0.794743
            658          6.127         91.797       0.937428       0.794743
            659         20.812         86.539       0.806133       0.794743
            660         31.787         84.288       0.726152       0.794743
            661         19.929         75.452       0.791058       0.794743
            662         33.293         67.375       0.669279       0.794743
            663         16.401         62.743       0.792775       0.794743
            664         13.182        100.105       0.883638       0.794743
            665         16.882         80.334       0.826349       0.794743
            666         27.146         98.204       0.783436       0.794743
            667         19.912         69.871       0.778221       0.794743
            668         22.692        113.310       0.833148       0.794743
            669         26.738        104.032       0.795532       0.794743
            670         29.226         68.954       0.702326       0.794743
            671         20.521         77.424       0.790483       0.794743
            672         32.115         61.243       0.656006       0.794743
            673         13.481         78.182       0.852926       0.794743
            674         19.804         66.373       0.770192       0.794743
            675         21.835        100.236       0.821130       0.794743
            676         22.253         53.724       0.707106       0.794743
            677          1.176         90.677       0.987200       0.794743
            678         10.645         55.427       0.838891       0.794743
            679         36.498         68.293       0.651704       0.794743
            680         11.541         64.857       0.848938       0.794743
            681         17.502         78.650       0.817976       0.794743
            682         29.988         70.208       0.700706       0.794743
            683         24.195         77.546       0.762189       0.794743
            684         24.620        103.152       0.807313       0.794743
            685         21.992        105.223       0.827125       0.794743
            686         41.285         45.382       0.523636       0.794743
            687         24.810        102.773       0.805541       0.794743
            688         19.088        114.056       0.856640       0.794743
            689         28.336         68.732       0.708077       0.794743
            690         14.097         52.867       0.789490       0.794743
            691         20.935         90.673       0.812423       0.794743
            692         16.130         80.791       0.833580       0.794743
            693         33.317        102.100       0.753968       0.794743
            694         31.788         60.887       0.656994       0.794743
            695         10.489         62.172       0.855640       0.794743
            696         33.151         66.784       0.668275       0.794743
            697         26.879         63.935       0.704019       0.794743
            698         24.597         64.203       0.723004       0.794743
            699         13.237         48.962       0.787177       0.794743
            700         14.600         71.066       0.829575       0.794743
            701         10.488         88.727       0.894287       0.794743
            702         19.089        102.444       0.842932       0.794743
            703         33.361         74.561       0.690877       0.794743
            704         27.656         75.506       0.731916       0.794743
            705         16.984         90.761       0.842369       0.794743
            706         21.599         79.876       0.787151       0.794743
            707         10.870         85.439       0.887133       0.794743
            708         29.268        105.190       0.782326       0.794743
            709         15.894         68.411       0.811475       0.794743
            710         25.829         80.748       0.757647       0.794743
            711         27.054        103.874       0.793369       0.794743
            712         13.677         84.438       0.860599       0.794743
            713         24.086         87.235       0.783633       0.794743
            714         25.247         73.437       0.744160       0.794743
            715         11.621         70.656       0.858762       0.794743
            716         10.568         94.695       0.899603       0.794743
            717         22.477         70.695       0.758756       0.794743
            718          8.809         86.385       0.907466       0.794743
            719         20.651         74.874       0.783816       0.794743
            720         25.430         86.119       0.772031       0.794743
            721         17.736         68.128       0.793435       0.794743
            722         23.071         70.854       0.754365       0.794743
            723         10.808         80.915       0.882170       0.794743
            724         -0.869        121.327       1.007211       0.794743
            725         20.660        101.562       0.830966       0.794743
            726         31.519         79.780       0.716808       0.794743
            727         32.032         62.423       0.660873       0.794743
            728         32.396         82.008       0.716832       0.794743
            729         17.144        103.637       0.858056       0.794743
            730         22.234        100.448       0.818769       0.794743
            731         18.652         81.396       0.813566       0.794743
            732         25.021         68.512       0.732491       0.794743
            733         28.245         84.517       0.749518       0.794743
            734         20.494         70.665       0.775180       0.794743
            735         29.915         28.892       0.491302       0.699563
            736         20.623         85.854       0.806315       0.699563
            737         13.817         78.390       0.850154       0.699563
            738         19.183         48.022       0.714559       0.699563
            739          5.697        104.557       0.948328       0.699563
            740         35.120         87.725       0.714113       0.699563
            741         18.567         71.660       0.794219       0.699563
            742         51.286         57.440       0.528301       0.699563
            743         25.125         49.210       0.662009       0.699563
            744         21.427         70.369       0.766579       0.699563
            745         13.611         81.726       0.857231       0.699563
            746         26.962         66.083       0.710222       0.699563
            747         36.630         86.381       0.702222       0.699563
            748         26.370         66.063       0.714712       0.699563
            749         33.478         88.754       0.726110       0.699563
            750         50.447         56.810       0.529659       0.699563
            751         36.707         91.529       0.713756       0.699563
            752         13.363         74.050       0.847128       0.699563
            753          8.246         79.415       0.905935       0.699563
            754         23.486         76.554       0.765235       0.699563
            755         31.501         45.275       0.589701       0.699563
            756         26.892         87.541       0.764995       0.699563
            757         31.472         64.736       0.672877       0.699563
            758         45.255         55.551       0.551070       0.699563
            759         25.221         82.370       0.765581       0.699563
            760         46.403         65.273       0.584488       0.699563
            761         25.587         70.832       0.734625       0.699563
            762         39.432        101.132       0.719473       0.699563
            763         14.874         89.611       0.857642       0.699563
            764         35.716         93.845       0.724329       0.699563
            765         39.021         71.364       0.646498       0.699563
            766         40.331         80.662       0.666668       0.699563
            767         27.657         85.389       0.755346       0.699563
            768         21.327         78.053       0.785397       0.699563
            769         19.279         84.871       0.814890       0.699563
            770         28.463         62.263       0.686279       0.699563
            771         29.502         63.313       0.682142       0.699563
            772         33.749         55.293       0.620973       0.699563
            773         25.400         98.489       0.794978       0.699563
            774         45.697         89.049       0.660866       0.699563
            775         27.154         40.899       0.600987       0.699563
            776         12.690         80.817       0.864287       0.699563
            777         14.707         35.512       0.707135       0.699563
            778          3.961         59.329       0.937420       0.699563
            779         48.485         89.049       0.647468       0.699563
            780         35.090         69.533       0.664609       0.699563
            781         31.065         80.867       0.722467       0.699563
            782         36.423         51.491       0.585696       0.699563
            783         31.635         89.242       0.738289       0.699563
            784         35.644         62.507       0.636848       0.699563
            785         16.108         56.653       0.778615       0.699563
            786         51.714         92.393       0.641143       0.699563
            787         36.226         55.205       0.603788       0.699563
            788         11.513         38.579       0.770163       0.699563
            789         33.588         75.660       0.692550       0.699563
            790         41.874         55.071       0.568063       0.699563
            791         28.001         50.278       0.642295       0.699563
            792         28.112         84.666       0.750730       0.699563
            793         21.480         78.081       0.784254       0.699563
            794         14.073         53.996       0.793253       0.699563
            795         53.401         41.145       0.435185       0.699563
            796         14.030         82.944       0.855322       0.699563
            797         31.358         82.947       0.725663       0.699563
            798         35.183         58.497       0.624435       0.699563
            799         47.053         49.679       0.513570       0.699563
            800         22.560         98.114       0.813053       0.699563
            801         41.504         61.839       0.598388       0.699563
            802         30.448         88.986       0.745065       0.699563
            803         30.937         61.305       0.664609       0.699563
            804         44.239         42.465       0.489770       0.699563
            805         30.337         93.442       0.754909       0.699563
            806         21.659         56.318       0.722238       0.699563
            807         34.391         42.987       0.555546       0.699563
            808         38.301         88.512       0.697974       0.699563
            809         38.106         36.745       0.490909       0.699563
            810         27.193         84.168       0.755810       0.699563
            811         39.367         61.705       0.610508       0.699563
            812         25.135         58.970       0.701143       0.699563
            813         31.868         70.313       0.688120       0.699563
            814         17.420         45.277       0.722159       0.699563
            815         39.962         75.973       0.655309       0.699563
            816         25.522         79.386       0.756720       0.699563
            817         18.841         83.362       0.815649       0.699563
            818         30.888         51.880       0.626809       0.699563
            819         17.655         75.033       0.809521       0.699563
            820         17.710         94.072       0.841565       0.699563
            821         31.133         69.725       0.691318       0.699563
            822         22.651        104.874       0.822382       0.699563
            823         25.083         65.809       0.724036       0.699563
            824         56.806         73.282       0.563325       0.699563
            825         21.748         67.713       0.756904       0.699563
            826         41.600         57.566       0.580501       0.699563
            827         52.677         24.292       0.315607       0.699563
            828         33.046         85.888       0.722149       0.699563
            829         28.109         60.504       0.682786       0.699563
            830         37.379         74.891       0.667062       0.699563
            831         21.999         85.080       0.794557       0.699563
            832         14.171         73.844       0.838998       0.699563
            833         37.382         69.730       0.650997       0.699563
            834         15.876         67.162       0.808810       0.699563
            835         26.333         42.482       0.617335       0.699563
            836         13.125         74.088       0.849511       0.699563
            837         25.833         55.739       0.683310       0.699563
            838         31.468         62.364       0.664633       0.699563
            839         27.847         87.846       0.759304       0.699563
            840         47.797         50.225       0.512387       0.699563
            841         44.824         44.230       0.496670       0.699563
            842         32.634         53.497       0.621110       0.699563
            843         27.897         33.048       0.542258       0.699563
            844         29.561         74.356       0.715530       0.699563
            845         19.498         56.134       0.742196       0.699563
            846         51.159         97.610       0.656118       0.699563
            847         31.489         88.469       0.737501       0.699563
            848         19.349         74.116       0.792979       0.699563
            849         16.621        105.162       0.863518       0.699563
            850         23.030         40.205       0.635802       0.699563
            851         29.498         66.606       0.693063       0.699563
            852         36.290         67.817       0.651412       0.699563
            853         19.669         70.865       0.782748       0.699563
            854         24.018         97.758       0.802768       0.699563
            855         25.816         69.163       0.728188       0.699563
            856         26.881         81.996       0.753103       0.699563
            857         24.830         76.442       0.754822       0.699563
            858         17.209         48.651       0.738708       0.699563
            859         30.598         73.340       0.705617       0.699563
            860         15.249         84.179       0.846629       0.699563
            861         33.413         60.571       0.644484       0.699563
            862         31.861         82.164       0.720578       0.699563
            863         51.915         78.527       0.602008       0.699563
            864         21.314         80.971       0.791621       0.699563
            865         30.210         52.371       0.634175       0.699563
            866         40.994         48.559       0.542237       0.699563
            867         22.172         68.709       0.756030       0.794743
            868         26.151        115.736       0.815693       0.794743
            869         13.987         55.409       0.798449       0.794743
            870         23.896         58.182       0.708862       0.794743
            871         16.666         59.789       0.782015       0.794743
            872         11.585         99.789       0.895984       0.794743
            873         25.007         85.868       0.774457       0.794743
            874          2.806         84.379       0.967814       0.794743
            875         20.587         92.317       0.817660       0.794743
            876         21.844         59.177       0.730396       0.794743
            877         31.928         89.107       0.736209       0.794743
            878         22.974         55.010       0.705403       0.794743
            879         15.970         59.797       0.789219       0.794743
            880         31.237        116.978       0.789245       0.794743
            881         21.368         88.695       0.805855       0.794743
            882         18.481         73.573       0.799243       0.794743
            883          0.845        124.578       0.993264       0.794743
            884         13.719         83.301       0.858596       0.794743
            885         13.896         67.492       0.829267       0.794743
            886          8.946         72.088       0.889597       0.794743
            887         28.332         56.441       0.665787       0.794743
            888          8.762         69.535       0.888094       0.794743
            889         11.125         39.976       0.782302       0.794743
            890         24.347         89.729       0.786575       0.794743
            891         17.736         67.785       0.792611       0.794743
            892         19.090         76.505       0.800303       0.794743
            893         24.425         97.539       0.799734       0.794743
            894         17.785        104.534       0.854600       0.794743
            895         24.872         78.304       0.758939       0.794743
            896         26.383         81.512       0.755476       0.794743
            897         26.425         81.114       0.754274       0.794743
            898         16.189         56.172       0.776270       0.794743
            899         26.532         83.359       0.758564       0.794743
            900         21.640         54.370       0.715301       0.794743
            901         18.478         61.987       0.770360       0.794743
            902         23.168         66.719       0.742252       0.794743
            903         18.923         74.869       0.798248       0.794743
            904         18.167         56.311       0.756073       0.794743
            905         16.692         89.626       0.842998       0.794743
            906         19.976         82.160       0.804416       0.794743
            907         25.727         46.409       0.643356       0.794743
            908         16.869         62.555       0.787605       0.794743
            909         16.761         84.152       0.833908       0.794743
            910         25.449         77.123       0.751890       0.794743
            911         18.821        113.484       0.857749       0.794743
            912         34.940         52.402       0.599961       0.794743
            913         15.490         63.133       0.802979       0.794743
            914         15.936         83.987       0.840517       0.794743
            915         17.607        112.565       0.864740       0.794743
            916         14.922        109.684       0.880248       0.794743
            917         25.370         84.568       0.769231       0.794743
            918         29.502         86.965       0.746691       0.794743
            919         23.837         63.839       0.728123       0.794743
            920         22.598         71.773       0.760543       0.794743
            921         18.220         62.132       0.773242       0.794743
            922         26.080         96.099       0.786544       0.794743
            923         13.176         40.685       0.755370       0.794743
            924         40.192         57.404       0.588179       0.794743
            925         30.057         93.663       0.757054       0.794743
            926         10.927        115.698       0.913704       0.794743
            927          3.650         66.987       0.948322       0.794743
            928         18.953         87.113       0.821308       0.794743
            929         22.873         95.992       0.807571       0.794743
            930         25.575         76.481       0.749402       0.794743
            931         20.146         94.141       0.823723       0.794743
            932         14.766         95.431       0.866005       0.794743
            933         29.896         56.700       0.654769       0.794743
            934         16.733         75.653       0.818882       0.794743
            935         12.050         66.589       0.846766       0.794743
            936         17.960         59.467       0.768040       0.794743
            937          9.576         85.625       0.899414       0.794743
            938         25.076         80.083       0.761543       0.794743
            939         18.004         50.975       0.738993       0.794743
            940          9.181         82.946       0.900339       0.794743
            941         25.931         71.933       0.735028       0.794743
            942         23.084         62.721       0.730970       0.794743
            943         16.062         50.074       0.757135       0.794743
            944         23.468         77.013       0.766439       0.794743
            945         27.807         50.321       0.644085       0.794743
            946         18.550         84.042       0.819188       0.794743
            947          2.282         88.065       0.974743       0.794743
            948         30.675         87.144       0.739641       0.794743
            949         21.273         93.434       0.814547       0.794743
            950         26.947         81.880       0.752387       0.794743
            951         24.990         79.257       0.760278       0.794743
            952         22.170         92.764       0.807106       0.794743
            953         17.287         95.049       0.846116       0.794743
            954         18.782         95.347       0.835433       0.794743
            955         16.393         95.420       0.853392       0.794743
            956         19.780         83.966       0.809343       0.794743
            957         26.462         81.805       0.755583       0.794743
            958         11.685         94.067       0.889508       0.794743
            959         33.486         45.758       0.577431       0.794743
            960         25.935         64.299       0.712578       0.794743
            961         18.847         97.892       0.838555       0.794743
            962         29.179         76.601       0.724158       0.794743
            963         18.875        101.720       0.843488       0.794743
            964         29.818        101.769       0.773394       0.794743
            965         21.519         74.776       0.776529       0.794743
            966         32.041        105.867       0.767665       0.794743
            967         18.190         63.815       0.778182       0.794743
            968         19.887         65.725       0.767709       0.794743
            969         21.597         76.831       0.780583       0.794743
            970         12.379         69.626       0.849051       0.794743
            971         36.068         71.718       0.665374       0.794743
            972         18.515         68.176       0.786429       0.794743
            973         16.716         72.859       0.813388       0.794743
            974         19.644         68.620       0.777442       0.794743
            975         25.393         48.352       0.655662       0.794743
            976         33.837         60.390       0.640897       0.794743
            977         26.728         80.438       0.750595       0.794743
            978         14.517        111.094       0.884431       0.794743
            979         20.581         90.575       0.814845       0.794743
            980         29.224         87.530       0.749697       0.794743
            981         25.295         84.999       0.770657       0.794743
            982         25.793         56.800       0.687711       0.794743
            983          1.237         93.003       0.986871       0.794743
            984         20.178         76.495       0.791277       0.794743
            985         23.939         77.448       0.763886       0.794743
            986         10.943         95.939       0.897617       0.794743
            987         16.180        112.442       0.874204       0.794743
            988          1.278         55.185       0.977363       0.794743
            989         20.908         71.211       0.773035       0.794743
            990         17.455        100.232       0.851684       0.794743
            991         16.078         65.792       0.803620       0.794743
            992         12.112         68.113       0.849021       0.794743
            993         21.256         90.855       0.810403       0.794743
            994         12.446        105.589       0.894559       0.794743
            995         10.947         78.124       0.877100       0.794743
            996         35.223         94.767       0.729032       0.794743
            997         17.808         70.287       0.797850       0.794743
            998         32.548         77.269       0.703614       0.794743
            999         20.565        109.394       0.841758       0.794743
           1000         14.787         83.626       0.849746       0.794743
