              1         41.484        103.165       0.713212       0.789074
              2         21.425         54.343       0.717229       0.789074
              3         28.021         56.799       0.669645       0.789074
              4         29.227         94.989       0.764706       0.789074
              5         32.762         61.173       0.651227       0.789074
              6         42.072         72.570       0.633015       0.789074
              7         10.913         71.140       0.866997       0.789074
              8         33.504         55.258       0.622539       0.789074
              9         32.720         87.115       0.726955       0.789074
             10         21.617         52.536       0.708477       0.789074
             11         22.070         92.797       0.807864       0.789074
             12         18.335         70.309       0.793156       0.789074
             13         27.541         53.988       0.662197       0.789074
             14          2.079         95.588       0.978716       0.789074
             15         17.375         79.677       0.820971       0.789074
             16         10.351         77.645       0.882373       0.789074
             17         18.499         78.408       0.809102       0.789074
             18          3.362         91.970       0.964735       0.789074
             19          0.921        125.976       0.992739       0.789074
             20         15.032         70.403       0.824051       0.789074
             21         18.021         74.907       0.806077       0.789074
             22         22.330         69.922       0.757944       0.789074
             23         36.789         82.876       0.692568       0.789074
             24         34.235         81.887       0.705180       0.789074
             25         21.767         74.548       0.774001       0.789074
             26          5.195         80.569       0.939422       0.789074
             27         24.421         70.751       0.743403       0.789074
             28          9.518         73.794       0.885753       0.789074
             29         36.488        115.014       0.759157       0.789074
             30         32.334         81.674       0.716391       0.789074
             31         16.607        105.627       0.864139       0.789074
             32          8.373         71.018       0.894535       0.789074
             33         37.987        110.898       0.744858       0.789074
             34         37.504         89.520       0.704751       0.789074
             35         -0.887         69.651       1.012893       0.789074
             36         26.175         85.854       0.766356       0.789074
             37         32.855         83.186       0.716868       0.695178
             38         41.862        106.560       0.717951       0.695178
             39         37.907         14.334       0.274383       0.695178
             40         30.779         86.436       0.737415       0.695178
             41         29.361         48.972       0.625172       0.695178
             42         21.661         43.869       0.669452       0.695178
             43         44.598         56.106       0.557141       0.695178
             44         42.881         58.957       0.578928       0.695178
             45         35.842         75.902       0.679248       0.695178
             46         24.198         54.335       0.691870       0.695178
             47         42.071         60.482       0.589763       0.695178
             48         34.465         72.563       0.677980       0.695178
             49         37.894         72.421       0.656492       0.695178
             50         21.079         44.457       0.678361       0.695178
             51         50.215         24.738       0.330050       0.695178
             52         37.984         47.710       0.556747       0.695178
             53         51.271         67.815       0.569463       0.695178
             54         20.411         78.343       0.793317       0.695178
             55         23.861         50.853       0.680635       0.695178
             56          8.902         86.056       0.906255       0.695178
             57         32.258         45.705       0.586242       0.695178
             58         20.920         32.599       0.609116       0.695178
             59         33.200         90.970       0.732624       0.695178
             60         47.861         60.664       0.558985       0.695178
             61         41.288         73.663       0.640822       0.695178
             62         41.469         62.416       0.600819       0.695178
             63         37.304         66.782       0.641604       0.695178
             64         36.546         61.634       0.627769       0.695178
             65         47.033         33.577       0.416538       0.695178
             66         16.496         50.522       0.753852       0.695178
             67          3.592         57.285       0.940996       0.695178
             68         34.981         70.944       0.669757       0.695178
             69         22.158         80.126       0.783367       0.695178
             70         16.836         96.691       0.851699       0.695178
             71         25.396         78.780       0.756222       0.695178
             72         19.118         62.085       0.764564       0.695178
             73         32.315         71.365       0.688321       0.695178
             74         23.600         64.343       0.731646       0.695178
             75         51.489         50.546       0.495380       0.695178
             76         28.181         45.625       0.618179       0.695178
             77         26.736         54.247       0.669855       0.695178
             78         32.588         67.815       0.675429       0.695178
             79         36.640         60.015       0.620922       0.695178
             80         35.256         71.423       0.669515       0.695178
             81         41.718         87.121       0.676201       0.695178
             82         51.385         62.770       0.549870       0.695178
             83         55.072         83.156       0.601584       0.695178
             84         29.500         73.168       0.712664       0.695178
             85         22.311         49.126       0.687682       0.695178
             86         46.792         71.400       0.604104       0.695178
             87         28.419         87.692       0.755241       0.695178
             88         34.889         74.890       0.682191       0.695178
             89         33.735         52.639       0.609428       0.695178
             90         31.209         73.395       0.701650       0.695178
             91         33.344         64.889       0.660564       0.695178
             92         34.501         40.668       0.541020       0.695178
             93         23.364         79.478       0.772814       0.695178
             94         29.468         74.234       0.715836       0.695178
             95         22.267         84.622       0.791682       0.695178
             96         37.834         68.060       0.642719       0.695178
             97         22.702         84.146       0.787532       0.695178
             98         31.015         69.451       0.691291       0.695178
             99         26.209         66.146       0.716214       0.695178
            100         41.057         37.609       0.478081       0.695178
            101         52.608         84.699       0.616857       0.695178
            102         10.996         77.123       0.875214       0.695178
            103         20.342         77.205       0.791465       0.695178
            104         34.146         84.929       0.713239       0.695178
            105         15.938         53.435       0.770258       0.695178
            106         27.100         52.079       0.657737       0.695178
            107         40.079        100.227       0.714345       0.695178
            108         38.669         58.708       0.602894       0.695178
            109         30.311         54.584       0.642955       0.695178
            110         19.610         69.221       0.779244       0.695178
            111         42.949         53.197       0.553292       0.695178
            112         36.321         66.886       0.648080       0.695178
            113         18.742         55.559       0.747756       0.695178
            114         33.682         58.933       0.636324       0.695178
            115         21.754         50.078       0.697154       0.695178
            116         42.900         65.078       0.602696       0.695178
            117         26.749         95.201       0.780658       0.695178
            118         27.989         76.058       0.730995       0.695178
            119         21.236         61.948       0.744713       0.695178
            120         28.249         50.277       0.640261       0.695178
            121         26.301         85.473       0.764692       0.695178
            122         22.434         97.511       0.812961       0.695178
            123         50.953         75.836       0.598126       0.695178
            124         38.081         33.432       0.467499       0.695178
            125         22.937         75.116       0.766077       0.695178
            126         34.978         48.004       0.578485       0.695178
            127         15.663         49.289       0.758852       0.695178
            128         41.375         71.199       0.632461       0.695178
            129         25.463         61.480       0.707131       0.695178
            130         21.659         65.864       0.752536       0.695178
            131         28.900         49.033       0.629168       0.695178
            132         37.870         87.052       0.696850       0.695178
            133         31.600         94.000       0.748407       0.695178
            134         11.449         80.389       0.875331       0.695178
            135         25.387         92.031       0.783792       0.695178
            136         35.255         61.053       0.633931       0.695178
            137         29.921         80.251       0.728417       0.695178
            138         25.580         57.048       0.690416       0.695178
            139         28.362         51.082       0.642989       0.695178
            140         12.999         85.112       0.867508       0.695178
            141         27.984         73.039       0.722991       0.695178
            142         42.233         46.883       0.526091       0.695178
            143         25.343         76.401       0.750913       0.695178
            144         40.104         66.653       0.624345       0.695178
            145         19.753         89.968       0.819975       0.695178
            146         35.484         81.656       0.697079       0.695178
            147         25.682         67.241       0.723621       0.695178
            148         11.416         63.156       0.846912       0.695178
            149         26.739         72.560       0.730720       0.695178
            150         22.510         76.833       0.773409       0.695178
            151         10.467         71.245       0.871908       0.695178
            152         30.391         60.200       0.664525       0.695178
            153         21.053         81.775       0.795258       0.695178
            154         37.178         87.890       0.702737       0.695178
            155         20.829         96.964       0.823175       0.695178
            156         21.994         68.244       0.756270       0.695178
            157         18.118         75.352       0.806160       0.695178
            158         16.309         91.836       0.849195       0.695178
            159         42.071        115.216       0.732523       0.695178
            160         31.510         70.007       0.689611       0.695178
            161         37.765         64.906       0.632173       0.695178
            162         31.913         60.554       0.654870       0.695178
            163          3.040         88.670       0.966853       0.695178
            164          8.466         44.844       0.841190       0.695178
            165         30.982         77.034       0.713174       0.695178
            166         18.345         58.790       0.762175       0.695178
            167         22.471        113.054       0.834194       0.695178
            168         43.903         75.157       0.631254       0.695178
            169         44.476         68.758       0.607219       0.695178
            170         42.633        103.353       0.707967       0.695178
            171         43.653         39.706       0.476327       0.695178
            172         40.501         84.618       0.676301       0.695178
            173         31.862         60.252       0.654104       0.695178
            174         30.140         67.563       0.691512       0.695178
            175         36.144         57.075       0.612270       0.695178
            176         19.902         53.900       0.730330       0.695178
            177         33.180         70.983       0.681462       0.695178
            178         36.233         46.916       0.564241       0.695178
            179         45.665         60.001       0.567836       0.695178
            180          4.702        102.127       0.955985       0.695178
            181         22.245         66.581       0.749565       0.695178
            182         45.241         70.517       0.609174       0.695178
            183         45.130         73.116       0.618339       0.695178
            184         26.611         78.957       0.747921       0.695178
            185          9.427         82.160       0.897075       0.695178
            186         29.627         80.520       0.731020       0.695178
            187         16.912         49.638       0.745875       0.695178
            188         26.638         52.879       0.664999       0.695178
            189          6.712         90.807       0.931175       0.695178
            190         45.495         98.615       0.684303       0.695178
            191         52.534         48.593       0.480519       0.695178
            192         36.320         80.033       0.687845       0.695178
            193         25.024         72.744       0.744043       0.695178
            194         33.775         59.276       0.637029       0.695178
            195         35.996         82.220       0.695505       0.695178
            196         40.338         66.665       0.623020       0.695178
            197         46.374         64.807       0.582899       0.695178
            198         27.413        109.833       0.800264       0.695178
            199         23.412        106.135       0.819276       0.695178
            200         28.828         65.961       0.695869       0.695178
            201         32.921         69.531       0.678667       0.695178
            202         37.070         68.910       0.650219       0.695178
            203         42.421         86.621       0.671260       0.695178
            204         40.030         78.154       0.661292       0.695178
            205         36.577         91.494       0.714401       0.695178
            206         40.355         78.951       0.661750       0.695178
            207         35.907         74.433       0.674578       0.695178
            208          6.689         66.436       0.908526       0.789074
            209         17.487         59.696       0.773440       0.789074
            210         30.720         57.090       0.650156       0.789074
            211         21.857         69.618       0.761062       0.789074
            212         33.289         65.702       0.663719       0.789074
            213         14.514         73.785       0.835632       0.789074
            214         13.864         68.045       0.830740       0.789074
            215         31.493         70.822       0.692193       0.789074
            216         21.494         67.899       0.759559       0.789074
            217         27.286         62.873       0.697356       0.789074
            218         19.215         98.429       0.836672       0.789074
            219         34.067        106.644       0.757893       0.789074
            220         34.178         89.234       0.723061       0.789074
            221         28.973         78.275       0.729853       0.789074
            222         10.576         93.147       0.898033       0.789074
            223         24.607         67.376       0.732480       0.789074
            224         28.995         84.190       0.743830       0.789074
            225          2.143         55.346       0.962720       0.789074
            226         10.361         90.375       0.897152       0.789074
            227         26.620         68.148       0.719102       0.789074
            228         22.020         77.035       0.777698       0.789074
            229         24.931         97.018       0.795564       0.789074
            230         22.307         93.198       0.806877       0.789074
            231         27.372        110.105       0.800899       0.789074
            232         11.712         98.125       0.893373       0.789074
            233         24.590         77.891       0.760055       0.789074
            234         21.605         99.059       0.820950       0.789074
            235         35.174         60.755       0.633334       0.789074
            236          6.707         69.426       0.911903       0.789074
            237         24.700         49.969       0.669210       0.789074
            238          9.437         81.648       0.896398       0.789074
            239         20.311         87.741       0.812030       0.789074
            240         27.491         85.740       0.757214       0.789074
            241         21.893         75.680       0.775623       0.789074
            242         11.761         79.592       0.871253       0.789074
            243         32.352         74.354       0.696809       0.789074
            244         21.150        109.619       0.838267       0.789074
            245         39.753         92.498       0.699410       0.789074
            246         17.408         87.288       0.833730       0.789074
            247          4.367         78.070       0.947023       0.789074
            248         29.639         87.601       0.747197       0.789074
            249         18.412         67.204       0.784950       0.789074
            250         21.676         82.075       0.791074       0.789074
            251         23.514         93.325       0.798749       0.789074
            252         16.681         69.148       0.805644       0.789074
            253         11.625         96.188       0.892171       0.789074
            254         28.869         91.046       0.759255       0.789074
            255         13.256         53.945       0.802745       0.789074
            256         15.421         45.207       0.745650       0.789074
            257         42.644         61.744       0.591487       0.789074
            258         22.816         85.120       0.788614       0.789074
            259         32.201        110.997       0.775130       0.789074
            260         17.814         71.300       0.800099       0.789074
            261         25.851         83.509       0.763614       0.789074
            262         29.935         70.495       0.701929       0.789074
            263         22.371         88.320       0.797895       0.789074
            264         24.318         79.688       0.766184       0.789074
            265          3.367        102.400       0.968162       0.789074
            266         -1.890        102.982       1.018692       0.789074
            267         21.082         81.416       0.794315       0.789074
            268         23.030         80.839       0.778282       0.789074
            269         18.981        115.139       0.858479       0.789074
            270         24.428        133.762       0.845578       0.789074
            271         17.820         84.851       0.826435       0.789074
            272         19.725         87.914       0.816748       0.789074
            273         24.436         77.890       0.761195       0.789074
            274         17.169         72.484       0.808493       0.789074
            275         18.918         80.405       0.809532       0.789074
            276          8.037         90.096       0.918100       0.789074
            277         25.446         35.179       0.580269       0.789074
            278         12.043        103.147       0.895454       0.789074
            279         22.252         73.578       0.767798       0.789074
            280         14.749         77.957       0.840903       0.789074
            281         15.001         66.197       0.815249       0.789074
            282         26.486        109.070       0.804614       0.789074
            283         12.076         43.529       0.782828       0.789074
            284         35.986         61.604       0.631250       0.789074
            285         20.084         31.858       0.613332       0.789074
            286         14.968         99.997       0.869803       0.789074
            287         18.729         48.340       0.720745       0.789074
            288         24.496         82.901       0.771907       0.789074
            289         13.807         65.936       0.826857       0.789074
            290         26.413         80.859       0.753779       0.789074
            291          7.698         74.560       0.906418       0.789074
            292         19.885         85.824       0.811893       0.789074
            293         32.540         87.829       0.729665       0.789074
            294         33.531         96.663       0.742455       0.789074
            295         22.060         67.387       0.753373       0.789074
            296         13.942        101.532       0.879265       0.789074
            297         31.312        101.126       0.763572       0.789074
            298         32.566         75.529       0.698730       0.789074
            299         31.515         82.137       0.722704       0.789074
            300         26.183         66.894       0.718695       0.789074
            301         20.535         55.856       0.731183       0.789074
            302         38.754         69.404       0.641688       0.789074
            303         16.606         89.102       0.842908       0.789074
            304         12.476         97.133       0.886180       0.789074
            305         20.971         69.721       0.768764       0.789074
            306          9.658        122.914       0.927150       0.789074
            307         36.195        105.452       0.744473       0.789074
            308         20.652        109.551       0.841387       0.789074
            309         26.691        101.703       0.792119       0.789074
            310         20.718         56.566       0.731927       0.789074
            311         23.053        103.973       0.818518       0.789074
            312         27.378         90.254       0.767254       0.789074
            313         13.550         58.095       0.810876       0.789074
            314         27.306         62.348       0.695433       0.789074
            315         25.189        101.915       0.801821       0.789074
            316         26.220         87.049       0.768516       0.789074
            317         24.117         71.470       0.747698       0.789074
            318         12.093         78.972       0.867204       0.789074
            319         23.562         62.198       0.725259       0.789074
            320         20.286         97.612       0.827934       0.789074
            321          7.782        112.847       0.935488       0.789074
            322         38.842         77.998       0.667565       0.789074
            323          2.441         95.817       0.975154       0.789074
            324         27.151         70.786       0.722769       0.789074
            325         28.713         74.722       0.722405       0.789074
            326         37.926         86.150       0.694334       0.789074
            327         22.751         49.015       0.682977       0.789074
            328          8.817         86.518       0.907515       0.789074
            329         12.022         84.970       0.876055       0.789074
            330         11.686         72.392       0.861008       0.789074
            331         17.724         48.059       0.730564       0.789074
            332         25.835         95.892       0.787762       0.789074
            333         12.728         72.770       0.851129       0.789074
            334         27.609         76.272       0.734222       0.789074
            335         33.638         70.400       0.676674       0.695178
            336         37.855         80.986       0.681469       0.695178
            337         24.545         87.117       0.780187       0.695178
            338         23.866         87.848       0.786366       0.695178
            339         28.079         53.222       0.654628       0.695178
            340         19.532         73.511       0.790076       0.695178
            341         30.185         72.052       0.704754       0.695178
            342         38.023         60.060       0.612336       0.695178
            343          9.765        103.374       0.913694       0.695178
            344         29.787        117.993       0.798435       0.695178
            345         37.489         75.621       0.668562       0.695178
            346         23.305         46.774       0.667446       0.695178
            347         36.426         77.936       0.681487       0.695178
            348         44.218         56.866       0.562564       0.695178
            349         31.153         72.334       0.698968       0.695178
            350         10.399         52.071       0.833534       0.695178
            351         43.245         84.171       0.660602       0.695178
            352         29.670         60.737       0.671815       0.695178
            353         39.662         75.193       0.654680       0.695178
            354         34.446         72.809       0.678839       0.695178
            355         30.725         67.711       0.687869       0.695178
            356         33.279         69.037       0.674742       0.695178
            357         24.026         51.031       0.679897       0.695178
            358         39.015         75.475       0.659226       0.695178
            359         30.268         63.102       0.675823       0.695178
            360         34.782         79.321       0.695168       0.695178
            361         25.242         95.732       0.791344       0.695178
            362         45.392         71.389       0.611307       0.695178
            363         40.959         89.239       0.685411       0.695178
            364         26.996         93.238       0.775470       0.695178
            365         37.717         99.108       0.724340       0.695178
            366         45.587        100.403       0.687741       0.695178
            367         31.811         65.678       0.673696       0.695178
            368         13.875        103.778       0.882066       0.695178
            369         17.427         44.844       0.720145       0.695178
            370          3.389         85.601       0.961914       0.695178
            371         37.216         68.124       0.646707       0.695178
            372         28.441         89.967       0.759807       0.695178
            373         14.328         72.434       0.834859       0.695178
            374         20.748         83.922       0.801775       0.695178
            375         33.283         74.594       0.691472       0.695178
            376         37.059         56.053       0.601997       0.695178
            377         32.137         71.385       0.689566       0.695178
            378         24.745         82.430       0.769117       0.695178
            379         19.934         64.938       0.765132       0.695178
            380         38.684         87.683       0.693873       0.695178
            381         31.650         84.337       0.727125       0.695178
            382         32.999         45.596       0.580135       0.695178
            383         25.718         83.126       0.763714       0.695178
            384         21.820         63.567       0.744456       0.695178
            385         17.372         46.417       0.727660       0.695178
            386         48.738         97.968       0.667787       0.695178
            387         31.425         82.287       0.723644       0.695178
            388         33.448         84.685       0.716860       0.695178
            389         44.372         68.238       0.605970       0.695178
            390         29.527         72.908       0.711751       0.695178
            391         37.156         75.919       0.671407       0.695178
            392         28.482         42.102       0.596478       0.695178
            393         36.400         83.014       0.695179       0.695178
            394         24.835         43.201       0.634973       0.695178
            395         20.740         71.599       0.775396       0.695178
            396         35.313         74.096       0.677239       0.695178
            397         30.457         57.293       0.652912       0.695178
            398         15.815         45.743       0.743088       0.695178
            399         23.634         83.838       0.780094       0.695178
            400          8.148         97.179       0.922637       0.695178
            401         23.012         53.854       0.700617       0.695178
            402         36.216         55.220       0.603915       0.695178
            403         20.770         98.746       0.826214       0.695178
            404         22.931         63.797       0.735596       0.695178
            405         32.246         93.343       0.743243       0.695178
            406         39.604         75.586       0.656182       0.695178
            407         38.062         69.621       0.646535       0.695178
            408         19.799         83.299       0.807959       0.695178
            409         47.456         52.509       0.525271       0.695178
            410         24.456         68.813       0.737793       0.695178
            411         21.051         88.357       0.807592       0.695178
            412         22.830        100.971       0.815589       0.695178
            413         34.000         43.699       0.562417       0.695178
            414         23.574         48.831       0.674415       0.695178
            415         43.382         99.636       0.696665       0.695178
            416         20.659         83.378       0.801429       0.695178
            417         39.021         99.697       0.718704       0.695178
            418         27.481         92.967       0.771844       0.695178
            419         31.279         40.918       0.566756       0.695178
            420         59.589         60.916       0.505505       0.695178
            421         52.382         72.597       0.580875       0.695178
            422         51.431         44.048       0.461341       0.695178
            423         17.618         49.058       0.735769       0.695178
            424         17.293         82.288       0.826347       0.695178
            425         19.974         64.272       0.762905       0.695178
            426         30.003         63.675       0.679723       0.695178
            427         37.312         69.630       0.651100       0.695178
            428         34.923         46.180       0.569402       0.695178
            429         49.412         64.194       0.565059       0.695178
            430         35.003         78.939       0.692803       0.695178
            431          4.604         37.151       0.889743       0.695178
            432         37.398         54.732       0.594076       0.695178
            433         34.100         71.023       0.675620       0.695178
            434         36.420         53.639       0.595598       0.695178
            435         31.911         70.484       0.688356       0.695178
            436         49.183         62.417       0.559292       0.695178
            437         17.798         78.544       0.815259       0.695178
            438         33.488         95.116       0.739603       0.695178
            439         24.227         66.208       0.732109       0.695178
            440         43.294         79.281       0.646796       0.695178
            441         47.738         58.907       0.552368       0.695178
            442         27.111         59.058       0.685376       0.695178
            443         48.070         73.852       0.605730       0.695178
            444         28.006         98.814       0.779168       0.695178
            445         13.052         72.236       0.846961       0.695178
            446         39.671         78.256       0.663598       0.695178
            447         18.611         73.341       0.797600       0.695178
            448         26.958         92.813       0.774923       0.695178
            449         29.775         47.888       0.616612       0.695178
            450         21.547         77.902       0.783337       0.695178
            451         27.899         70.952       0.717766       0.695178
            452         30.754         72.499       0.702153       0.695178
            453          3.432         44.918       0.929015       0.695178
            454         31.367         53.686       0.631206       0.695178
            455         42.589         77.053       0.644032       0.695178
            456         31.857         80.478       0.716412       0.695178
            457         29.659         51.085       0.632675       0.695178
            458         35.930        108.048       0.750450       0.789074
            459         22.908         89.424       0.796070       0.789074
            460         14.020         68.404       0.829907       0.789074
            461         26.804        103.480       0.794267       0.789074
            462         20.196         78.658       0.795702       0.789074
            463         21.081         55.087       0.723232       0.789074
            464         14.063         83.659       0.856094       0.789074
            465         33.632         60.391       0.642301       0.789074
            466         12.046         95.838       0.888343       0.789074
            467         30.976         80.420       0.721927       0.789074
            468         28.574         78.026       0.731954       0.789074
            469          5.098         74.040       0.935578       0.789074
            470         23.483         73.308       0.757383       0.789074
            471         18.686         77.847       0.806424       0.789074
            472         18.543         82.777       0.816987       0.789074
            473         13.026         65.391       0.833883       0.789074
            474         33.376        104.059       0.757152       0.789074
            475         11.081         72.503       0.867423       0.789074
            476         36.951         75.843       0.672405       0.789074
            477         26.517         74.313       0.737015       0.789074
            478         21.421         60.219       0.737618       0.789074
            479         21.590         85.652       0.798677       0.789074
            480         50.262         74.525       0.597217       0.789074
            481         28.265        108.497       0.793328       0.789074
            482         30.992         92.810       0.749663       0.789074
            483         14.369         82.027       0.850935       0.789074
            484         14.835         56.595       0.792310       0.789074
            485          4.859         35.662       0.880082       0.789074
            486          0.822         91.739       0.991125       0.789074
            487         22.227         28.355       0.560576       0.789074
            488         16.623         50.888       0.753775       0.789074
            489         14.508         55.985       0.794191       0.789074
            490          6.840         66.821       0.907145       0.789074
            491          2.811         95.372       0.971365       0.789074
            492         24.870         66.781       0.728642       0.789074
            493         12.389         89.576       0.878493       0.789074
            494         23.664         34.172       0.590849       0.789074
            495         21.749         86.841       0.799717       0.789074
            496         22.223         79.032       0.780525       0.789074
            497         13.752         81.275       0.855279       0.789074
            498          8.271         77.144       0.903170       0.789074
            499         22.944         87.963       0.793123       0.789074
            500         30.609         52.667       0.632441       0.789074
            501         20.793         95.961       0.821907       0.789074
            502         28.946         96.332       0.768948       0.789074
            503         24.900        102.181       0.804064       0.789074
            504         19.211         49.049       0.718563       0.789074
            505         -0.907         60.125       1.015319       0.789074
            506         33.075        110.139       0.769051       0.789074
            507         23.141         60.655       0.723844       0.789074
            508         19.985         45.293       0.693846       0.789074
            509         11.141         73.311       0.868079       0.789074
            510          6.927         80.389       0.920664       0.789074
            511         36.615         88.929       0.708348       0.789074
            512         14.684        101.065       0.873137       0.789074
            513         36.355         75.331       0.674488       0.789074
            514         46.554         99.389       0.681014       0.789074
            515         14.306         55.425       0.794844       0.789074
            516         22.518         49.807       0.688653       0.789074
            517         25.572        132.927       0.838660       0.789074
            518         29.776         68.427       0.696793       0.789074
            519         24.497         84.558       0.775369       0.789074
            520          4.895         52.931       0.915356       0.789074
            521         44.353         69.463       0.610308       0.789074
            522         35.012         42.119       0.546074       0.789074
            523         28.783         88.702       0.755009       0.789074
            524         27.257         81.964       0.750445       0.789074
            525         12.904         66.205       0.836879       0.789074
            526         11.032         33.256       0.750906       0.789074
            527         24.425         99.672       0.803177       0.789074
            528         19.354         87.409       0.818722       0.789074
            529         17.371         74.713       0.811352       0.789074
            530         13.897         76.359       0.846029       0.789074
            531         26.580         72.759       0.732432       0.789074
            532         19.868         67.044       0.771400       0.789074
            533         32.689         73.380       0.691814       0.789074
            534         23.142         69.741       0.750849       0.789074
            535         40.734         85.913       0.678366       0.789074
            536         19.249         54.435       0.738760       0.789074
            537         12.454         86.446       0.874078       0.789074
            538          5.942         64.682       0.915861       0.789074
            539         25.208         71.760       0.740035       0.789074
            540         40.548         70.891       0.636141       0.789074
            541         10.308         85.668       0.892602       0.789074
            542         11.453         63.274       0.846738       0.789074
            543          7.075         66.649       0.904031       0.789074
            544         15.127         74.282       0.830812       0.789074
            545          6.842        104.472       0.938531       0.789074
            546         18.020        116.666       0.866206       0.789074
            547         17.731         96.679       0.845022       0.789074
            548         18.051         38.360       0.680009       0.789074
            549         26.542         86.586       0.765381       0.789074
            550         11.381         92.995       0.890959       0.789074
            551         15.165         48.302       0.761055       0.789074
            552         30.066        129.544       0.811628       0.789074
            553         23.358         86.914       0.788178       0.789074
            554         12.792         98.507       0.885069       0.789074
            555         23.826         90.476       0.791550       0.789074
            556         23.377         89.478       0.792855       0.789074
            557         24.379         93.181       0.792624       0.789074
            558         18.535         29.421       0.613497       0.789074
            559         22.974         88.437       0.793791       0.789074
            560         29.947         73.403       0.710238       0.789074
            561         16.305         94.239       0.852505       0.789074
            562         16.255         88.321       0.844558       0.789074
            563         -1.463         94.199       1.015776       0.789074
            564         21.241         64.730       0.752931       0.789074
            565         25.387         55.101       0.684584       0.789074
            566         38.811         76.405       0.663147       0.789074
            567          9.085         94.553       0.912341       0.789074
            568         37.569         82.633       0.687452       0.789074
            569         14.991         57.908       0.794357       0.789074
            570         26.292         61.001       0.698805       0.789074
            571          6.857         78.744       0.919901       0.789074
            572         19.311         69.234       0.781908       0.789074
            573         22.192         69.583       0.758188       0.789074
            574         21.570         80.922       0.789545       0.789074
            575         21.892         59.276       0.730292       0.789074
            576         19.975         87.848       0.814739       0.789074
            577         21.046         71.943       0.773673       0.789074
            578         25.786         70.402       0.731918       0.789074
            579         21.654         61.063       0.738212       0.789074
            580          4.665         68.018       0.935818       0.789074
            581         19.856         95.733       0.828220       0.789074
            582         17.879        126.537       0.876197       0.789074
            583         41.670         83.036       0.665856       0.789074
            584         33.590         72.117       0.682231       0.789074
            585         26.590         86.364       0.764594       0.789074
            586          0.838         67.458       0.987727       0.789074
            587          8.790         98.196       0.917837       0.789074
            588         19.912         92.850       0.823416       0.789074
            589         26.976         73.731       0.732133       0.789074
            590         19.811         73.125       0.786833       0.789074
            591         26.123         99.352       0.791807       0.789074
            592         28.752        100.804       0.778072       0.789074
            593         11.076         64.153       0.852771       0.789074
            594         20.591         58.716       0.740364       0.789074
            595         22.775         48.624       0.681019       0.789074
            596         30.349         41.156       0.575572       0.789074
            597         15.740         87.261       0.847185       0.789074
            598         24.358         74.625       0.753919       0.789074
            599         28.941         63.540       0.687059       0.789074
            600         29.032        102.108       0.778617       0.789074
            601         25.962         90.428       0.776938       0.789074
            602         24.888         91.360       0.785908       0.789074
            603         28.280        104.699       0.787338       0.789074
            604         24.103        122.666       0.835773       0.789074
            605         15.546         75.762       0.829742       0.789074
            606         17.594         74.646       0.809254       0.789074
            607         32.043         74.698       0.699807       0.789074
            608         31.974         85.146       0.726998       0.789074
            609         24.252        111.103       0.820826       0.789074
            610         27.590         94.130       0.773335       0.789074
            611         28.180         66.565       0.702574       0.789074
            612         20.944         74.438       0.780418       0.789074
            613         10.547         86.618       0.891457       0.789074
            614         32.424         65.651       0.669392       0.789074
            615         30.745         39.082       0.559701       0.789074
            616         38.419         94.827       0.711668       0.789074
            617         -3.462         99.057       1.036210       0.789074
            618         35.641        101.732       0.740552       0.789074
            619         33.310         64.289       0.658709       0.789074
            620         26.410         66.266       0.715025       0.789074
            621         33.449         70.529       0.678303       0.789074
            622         13.265         87.200       0.867960       0.789074
            623         17.542         91.820       0.839593       0.789074
            624         21.105         91.281       0.812211       0.789074
            625         16.486         76.868       0.823400       0.789074
            626         20.662         79.802       0.794332       0.789074
            627         24.380        126.552       0.838470       0.789074
            628          6.775         79.121       0.921127       0.789074
            629         11.068         64.027       0.852613       0.789074
            630          4.592         57.275       0.925770       0.789074
            631         13.008         80.826       0.861376       0.789074
            632          8.454         59.087       0.874832       0.789074
            633         17.331         66.407       0.793036       0.789074
            634         21.735         66.789       0.754473       0.789074
            635         22.833         64.789       0.739416       0.789074
            636         18.943         60.962       0.762935       0.789074
            637         10.569         96.641       0.901414       0.789074
            638          6.007         92.829       0.939220       0.789074
            639         34.418        109.065       0.760125       0.789074
            640         19.266         84.774       0.814818       0.789074
            641         24.408         84.996       0.776900       0.789074
            642         36.275         71.362       0.662987       0.695178
            643         39.029         44.081       0.530396       0.695178
            644         38.651         61.727       0.614946       0.695178
            645         46.116         73.381       0.614083       0.695178
            646         48.014         53.505       0.527042       0.695178
            647         42.915         53.754       0.556063       0.695178
            648         28.420         78.033       0.733031       0.695178
            649         36.776         41.599       0.530768       0.695178
            650         42.668         77.752       0.645671       0.695178
            651         21.752         94.690       0.813194       0.695178
            652         20.950         44.321       0.679036       0.695178
            653         13.264         98.106       0.880904       0.695178
            654         50.061         43.403       0.464384       0.695178
            655         50.020         51.714       0.508327       0.695178
            656         35.694        101.937       0.740653       0.695178
            657         26.028         98.275       0.790608       0.695178
            658         24.565         40.915       0.624850       0.695178
            659         19.126         74.143       0.794937       0.695178
            660         23.911         52.442       0.686836       0.695178
            661         22.677        127.985       0.849485       0.695178
            662         37.257         61.184       0.621528       0.695178
            663         22.556         64.178       0.739942       0.695178
            664         27.816         61.334       0.687988       0.695178
            665         43.161         44.063       0.505174       0.695178
            666         49.987         55.611       0.526631       0.695178
            667         27.006         76.104       0.738083       0.695178
            668         35.883         59.000       0.621818       0.695178
            669         31.009         87.621       0.738605       0.695178
            670         39.528         74.610       0.653679       0.695178
            671         37.207         86.634       0.699558       0.695178
            672         46.080         44.501       0.491285       0.695178
            673         30.094        104.917       0.777102       0.695178
            674         31.397         88.092       0.737237       0.695178
            675         40.887         85.297       0.675974       0.695178
            676         25.547         92.780       0.784099       0.695178
            677         26.327         90.971       0.775552       0.695178
            678         15.220         89.134       0.854153       0.695178
            679         20.988         56.622       0.729570       0.695178
            680         22.715         80.664       0.780274       0.695178
            681         47.093         41.096       0.466000       0.695178
            682         43.320         84.146       0.660144       0.695178
            683         21.224         60.617       0.740666       0.695178
            684         34.364         79.678       0.698672       0.695178
            685         26.874        104.326       0.795166       0.695178
            686         46.570         55.681       0.544553       0.695178
            687         41.827         84.827       0.669756       0.695178
            688         10.199         87.961       0.896095       0.789074
            689         31.607         79.291       0.714992       0.789074
            690          1.734         79.135       0.978553       0.789074
            691         13.379         77.858       0.853363       0.789074
            692         36.709         74.175       0.668943       0.789074
            693         19.620         72.804       0.787720       0.789074
            694         23.723        113.654       0.827315       0.789074
            695         31.962         50.398       0.611921       0.789074
            696         22.326         61.640       0.734106       0.789074
            697         20.219         65.821       0.765004       0.789074
            698         32.427         62.008       0.656622       0.789074
            699         11.861         64.395       0.844460       0.789074
            700         46.485         61.631       0.570045       0.789074
            701         25.568         62.047       0.708180       0.789074
            702         41.400         77.129       0.650721       0.789074
            703         10.925        122.466       0.918100       0.789074
            704         17.289         65.112       0.790182       0.789074
            705         24.093         73.005       0.751865       0.789074
            706         30.933         55.811       0.643403       0.789074
            707          5.667         61.434       0.915543       0.789074
            708         32.695         71.466       0.686110       0.789074
            709         11.531         61.987       0.843157       0.789074
            710         17.812        110.067       0.860714       0.789074
            711         15.120         44.632       0.746954       0.789074
            712         13.900         61.933       0.816701       0.789074
            713         28.576         96.118       0.770833       0.789074
            714         26.495         74.775       0.738372       0.789074
            715         10.566         49.573       0.824305       0.789074
            716         13.296         34.563       0.722185       0.789074
            717         15.339         51.424       0.770249       0.789074
            718         22.691         84.245       0.787807       0.789074
            719         19.833         64.576       0.765042       0.789074
            720         23.482         72.705       0.755874       0.789074
            721          8.412         63.968       0.883780       0.789074
            722         22.400         81.480       0.784366       0.789074
            723         22.375        117.683       0.840242       0.789074
            724          9.367         93.013       0.908510       0.789074
            725         13.144         49.162       0.789039       0.789074
            726         15.582         86.021       0.846636       0.789074
            727         39.937         76.411       0.656744       0.789074
            728         24.959         89.647       0.782218       0.789074
            729         28.400         42.204       0.597757       0.789074
            730         34.521         81.380       0.702153       0.789074
            731         25.127         82.342       0.766190       0.789074
            732         23.783         60.977       0.719410       0.789074
            733         25.444         74.027       0.744204       0.789074
            734          9.407         80.877       0.895806       0.789074
            735         28.986         84.719       0.745077       0.789074
            736         19.037         86.971       0.820421       0.789074
            737         28.580         78.166       0.732260       0.789074
            738         32.160         98.472       0.753810       0.789074
            739          1.808         80.288       0.977977       0.789074
            740         28.131         52.079       0.649284       0.789074
            741         25.648         77.328       0.750935       0.789074
            742          9.778         65.685       0.870425       0.789074
            743         20.544        113.007       0.846168       0.789074
            744         38.116         71.450       0.652117       0.789074
            745         14.935         78.867       0.840779       0.789074
            746         10.158         63.742       0.862542       0.789074
            747         27.329         54.257       0.665030       0.789074
            748         19.638         97.660       0.832577       0.789074
            749         22.644         91.156       0.801019       0.789074
            750         -7.227         56.596       1.146378       0.789074
            751         15.402         89.608       0.853330       0.789074
            752         19.168         87.590       0.820454       0.789074
            753         26.873         54.021       0.667798       0.789074
            754         37.420         92.463       0.711893       0.789074
            755         28.559         77.974       0.731921       0.789074
            756         24.116         70.525       0.745184       0.789074
            757         28.578         92.525       0.764018       0.789074
            758         35.629         87.058       0.709594       0.789074
            759         14.723         74.281       0.834575       0.789074
            760         31.461         73.160       0.699283       0.789074
            761         15.283         77.715       0.835662       0.789074
            762         25.021         79.990       0.761732       0.789074
            763         25.602         90.443       0.779377       0.789074
            764          0.272         71.926       0.996233       0.789074
            765         11.553         76.582       0.868916       0.789074
            766         22.882         84.861       0.787623       0.789074
            767         34.357         41.396       0.546456       0.789074
            768         25.346         85.655       0.771658       0.789074
            769         42.036         93.178       0.689116       0.789074
            770         25.606         94.199       0.786268       0.789074
            771          6.008         46.125       0.884756       0.789074
            772          8.212         85.482       0.912356       0.789074
            773         18.301         63.144       0.775299       0.789074
            774         18.856         83.559       0.815888       0.789074
            775         18.933         59.953       0.759995       0.789074
            776         30.954         83.164       0.728753       0.789074
            777         12.258        100.372       0.891167       0.789074
            778         29.288         71.253       0.708694       0.789074
            779         25.901         81.223       0.758217       0.789074
            780          7.060         91.327       0.928245       0.789074
            781         17.381         93.146       0.842742       0.789074
            782         17.551         56.386       0.762627       0.789074
            783         26.667         93.021       0.777194       0.789074
            784         13.311         49.697       0.788745       0.789074
            785          6.028         70.791       0.921527       0.789074
            786         23.934         94.712       0.798274       0.789074
            787         26.714         98.598       0.786820       0.789074
            788         21.136         98.434       0.823234       0.789074
            789         18.878         98.045       0.838540       0.789074
            790         25.564         85.701       0.770241       0.789074
            791          4.753         99.876       0.954575       0.789074
            792         28.301         19.733       0.410817       0.789074
            793          9.812         80.507       0.891364       0.789074
            794         31.585         89.236       0.738583       0.789074
            795         20.799        116.974       0.849031       0.789074
            796         13.358         81.011       0.858445       0.789074
            797         19.952         91.627       0.821183       0.789074
            798          6.999        101.979       0.935779       0.789074
            799         24.810        110.128       0.816136       0.789074
            800         17.423         74.530       0.810519       0.789074
            801         19.836         96.004       0.828768       0.789074
            802         41.201         80.094       0.660324       0.789074
            803         21.728         44.974       0.674254       0.789074
            804         23.645         76.443       0.763761       0.789074
            805         24.751         52.382       0.679116       0.789074
            806         12.302         81.532       0.868894       0.789074
            807         17.169         61.808       0.782606       0.789074
            808         34.027         79.647       0.700663       0.789074
            809         12.733         53.756       0.808495       0.789074
            810         21.014         53.453       0.717810       0.789074
            811         25.217         47.765       0.654474       0.789074
            812         21.537         73.508       0.773404       0.789074
            813         21.555        100.260       0.823052       0.789074
            814         24.720         45.257       0.646747       0.789074
            815         23.110         86.877       0.789882       0.789074
            816         24.028         91.164       0.791409       0.789074
            817         14.499         90.022       0.861282       0.789074
            818         25.686         94.929       0.787041       0.789074
            819         30.223         97.748       0.763829       0.789074
            820         13.096         77.598       0.855605       0.789074
            821          9.929         51.710       0.838923       0.789074
            822         25.012         44.236       0.638802       0.789074
            823         14.594         82.399       0.849539       0.789074
            824         26.488         62.051       0.700831       0.789074
            825          8.209         76.138       0.902671       0.789074
            826         15.944         55.338       0.776322       0.789074
            827         20.377         85.789       0.808066       0.789074
            828         12.696        117.200       0.902264       0.789074
            829         17.322        128.079       0.880865       0.789074
            830         15.415        108.892       0.875990       0.789074
            831         23.484         66.135       0.737956       0.789074
            832         23.158         58.174       0.715268       0.789074
            833         20.643         82.004       0.798891       0.789074
            834         23.263         98.107       0.808328       0.789074
            835         32.505         43.649       0.573165       0.789074
            836         10.330         64.512       0.861975       0.789074
            837         14.249         65.024       0.820257       0.789074
            838         30.402         74.795       0.710998       0.789074
            839         22.645         85.450       0.790505       0.789074
            840         18.615         55.473       0.748744       0.789074
            841         16.350        100.972       0.860640       0.789074
            842         29.677         58.898       0.664954       0.789074
            843         20.292         69.592       0.774243       0.789074
            844         11.415         86.213       0.883080       0.789074
            845         21.533         78.450       0.784633       0.789074
            846          1.965         68.440       0.972087       0.789074
            847         10.811         39.929       0.786934       0.789074
            848          4.145         56.051       0.931146       0.789074
            849         15.268         67.315       0.815121       0.789074
            850          9.108         80.829       0.898731       0.789074
            851         16.769         75.923       0.819088       0.789074
            852         19.786         86.668       0.814138       0.789074
            853         37.468         74.070       0.664078       0.789074
            854         19.819         71.177       0.782199       0.789074
            855         32.369         71.372       0.687982       0.789074
            856         36.454         91.210       0.714453       0.789074
            857         21.548         74.872       0.776518       0.789074
            858          5.120         77.295       0.937872       0.789074
            859         23.800         95.494       0.800496       0.789074
            860         58.499         67.699       0.536450       0.695178
            861         18.879         86.702       0.821192       0.695178
            862         44.111         69.910       0.613133       0.695178
            863         34.985         86.947       0.713075       0.695178
            864         34.655         63.833       0.648134       0.695178
            865         31.477         56.196       0.640972       0.695178
            866         38.533         73.678       0.656605       0.695178
            867         22.078         60.493       0.732618       0.695178
            868         27.690         67.785       0.709976       0.695178
            869         21.711         59.797       0.733632       0.695178
            870         38.562         64.180       0.624671       0.695178
            871         23.858         53.980       0.693491       0.695178
            872         43.427         61.718       0.586981       0.695178
            873         12.422         81.375       0.867566       0.695178
            874         11.705         56.979       0.829580       0.695178
            875         47.628         72.373       0.603100       0.695178
            876         10.893        110.917       0.910575       0.695178
            877         24.970         82.032       0.766641       0.695178
            878         25.582         39.319       0.605827       0.695178
            879         23.720         71.497       0.750881       0.695178
            880         32.610         62.816       0.658268       0.695178
            881         41.651         72.486       0.635080       0.695178
            882         32.109         57.878       0.643182       0.695178
            883         40.657         46.013       0.530896       0.695178
            884         32.670         68.928       0.678440       0.695178
            885         21.603         97.487       0.818601       0.695178
            886         18.140         65.460       0.783013       0.695178
            887          4.661         64.718       0.932823       0.695178
            888         19.366         64.055       0.767853       0.695178
            889         27.368         79.512       0.743937       0.695178
            890         57.782         50.575       0.466745       0.695178
            891         20.662         85.891       0.806089       0.695178
            892         33.294         18.099       0.352172       0.695178
            893         47.859         96.882       0.669349       0.695178
            894         25.549         84.016       0.766816       0.695178
            895         25.050         66.463       0.726271       0.695178
            896         30.135         65.293       0.684211       0.695178
            897         38.987         84.222       0.683568       0.695178
            898         29.452         53.721       0.645896       0.695178
            899         35.345         53.472       0.602052       0.695178
            900         29.090        110.755       0.791985       0.695178
            901         20.782         81.895       0.797601       0.695178
            902         32.359         60.755       0.652483       0.695178
            903         16.220         86.592       0.842236       0.695178
            904         57.853         81.296       0.584234       0.695178
            905         18.581         50.545       0.731198       0.695178
            906         31.913         79.542       0.713668       0.695178
            907         29.862         82.268       0.733684       0.695178
            908         34.431         70.624       0.672258       0.695178
            909         25.936         73.917       0.740254       0.695178
            910         30.554         90.163       0.746895       0.695178
            911         25.966         73.432       0.738766       0.695178
            912         14.633         72.436       0.831941       0.695178
            913         42.916         61.326       0.588301       0.695178
            914         34.615         48.161       0.581825       0.695178
            915         44.291         66.666       0.600830       0.695178
            916          7.318         61.711       0.893985       0.789074
            917         46.176         89.106       0.658667       0.789074
            918         26.557         63.079       0.703720       0.789074
            919         -3.449         68.224       1.053253       0.789074
            920         14.216        105.651       0.881399       0.789074
            921         36.637         64.445       0.637548       0.789074
            922         27.082         95.931       0.779844       0.789074
            923         26.150         77.445       0.747576       0.789074
            924         33.369         89.426       0.728256       0.789074
            925          4.077         76.024       0.949103       0.789074
            926         11.042        105.912       0.905583       0.789074
            927         26.334         76.035       0.742753       0.789074
            928         41.328         70.090       0.629073       0.789074
            929         11.567        106.892       0.902354       0.789074
            930         25.705         74.182       0.742656       0.789074
            931          6.469         74.501       0.920104       0.789074
            932         30.299         66.382       0.686605       0.789074
            933         22.544         94.335       0.807119       0.789074
            934         18.961         82.351       0.812841       0.789074
            935         14.837         78.429       0.840919       0.789074
            936         29.660         70.195       0.702969       0.789074
            937         21.091         73.928       0.778034       0.789074
            938          5.190         84.825       0.942338       0.789074
            939         33.520         71.943       0.682163       0.789074
            940         16.855         91.592       0.844579       0.789074
            941         11.472         78.051       0.871852       0.789074
            942         13.998         37.885       0.730209       0.789074
            943         23.896         75.186       0.758823       0.789074
            944         12.549         47.840       0.792193       0.789074
            945          9.277        109.706       0.922035       0.789074
            946         18.675         74.062       0.798629       0.789074
            947         30.228         83.401       0.733979       0.789074
            948          6.686         56.979       0.894978       0.789074
            949         16.754         80.934       0.828495       0.789074
            950         26.233         57.238       0.685720       0.789074
            951         17.500        110.983       0.863794       0.789074
            952         31.612         64.194       0.670042       0.789074
            953         12.284         81.902       0.869573       0.789074
            954         26.557        114.192       0.811320       0.789074
            955         31.694         83.533       0.724943       0.789074
            956         23.763         68.541       0.742554       0.789074
            957         22.067         68.896       0.757409       0.789074
            958         36.585         95.727       0.723494       0.789074
            959         33.776        103.593       0.754120       0.789074
            960         16.495         78.971       0.827214       0.789074
            961         40.847         77.776       0.655661       0.789074
            962         15.812         89.122       0.849314       0.789074
            963         26.944         83.866       0.756847       0.789074
            964          2.846         89.385       0.969143       0.789074
            965         18.168         56.124       0.755447       0.789074
            966         35.879         78.146       0.685339       0.789074
            967         26.063         64.407       0.711918       0.789074
            968         13.933         75.484       0.844176       0.789074
            969         33.334         83.209       0.713979       0.789074
            970         11.640         56.398       0.828919       0.789074
            971         18.488        120.397       0.866885       0.789074
            972         26.404         55.642       0.678182       0.789074
            973         28.531        106.118       0.788106       0.789074
            974         33.144         84.412       0.718058       0.789074
            975         19.634         80.653       0.804218       0.789074
            976         12.583         91.860       0.879527       0.789074
            977         31.397         82.388       0.724070       0.789074
            978         25.581        112.761       0.815091       0.789074
            979         21.743         89.212       0.804040       0.789074
            980         25.131         55.983       0.690176       0.789074
            981         24.218         89.890       0.787759       0.789074
            982         42.659         74.957       0.637303       0.789074
            983          6.602         76.715       0.920762       0.789074
            984          9.368         58.873       0.862723       0.789074
            985          5.196         99.013       0.950140       0.789074
            986          4.253         68.886       0.941853       0.789074
            987         32.549         68.918       0.679213       0.789074
            988          2.979         88.080       0.967290       0.789074
            989         34.600        107.244       0.756071       0.789074
            990          7.978         69.568       0.897123       0.789074
            991         13.104         76.209       0.853276       0.789074
            992         22.668         91.267       0.801045       0.789074
            993         29.290         62.113       0.679554       0.789074
            994         22.015         82.023       0.788398       0.789074
            995         15.480         77.601       0.833694       0.789074
            996         19.529         59.181       0.751882       0.789074
            997         23.561        126.401       0.842890       0.789074
            998         37.418         86.114       0.697099       0.789074
            999         20.513         99.942       0.829701       0.789074
           1000          5.248         78.040       0.936989       0.789074
