              1         41.944         55.681       0.570354       0.706933
              2         36.931         47.825       0.564262       0.706933
              3         21.323         71.375       0.769970       0.706933
              4         37.666         63.835       0.628907       0.706933
              5         12.326         51.756       0.807649       0.706933
              6         27.869         51.702       0.649761       0.706933
              7         32.073         39.422       0.551389       0.706933
              8         21.929         46.532       0.679685       0.706933
              9          9.848         95.305       0.906344       0.706933
             10         42.394         24.972       0.370691       0.669267
             11         14.959         91.232       0.859134       0.706933
             12          9.504         74.669       0.887093       0.706933
             13         40.695         95.941       0.702166       0.706933
             14         32.987         45.979       0.582262       0.706933
             15         42.467         95.749       0.692751       0.706933
             16         28.747         85.250       0.747827       0.706933
             17         28.769         73.400       0.718416       0.706933
             18         36.665         47.703       0.565411       0.706933
             19         24.997         62.848       0.715447       0.706933
             20         33.389         70.016       0.677102       0.706933
             21          8.791         61.309       0.874590       0.706933
             22         26.076         57.505       0.688017       0.706933
             23         45.307         79.972       0.638352       0.706933
             24         40.567         57.358       0.585734       0.706933
             25         55.028         79.787       0.591827       0.706933
             26         18.514         38.325       0.674277       0.706933
             27         37.108         42.482       0.533757       0.706933
             28         33.424         68.400       0.671750       0.706933
             29         46.062         51.890       0.529752       0.706933
             30         23.415         29.954       0.561264       0.706933
             31         32.223         84.738       0.724497       0.706933
             32         19.412         54.343       0.736806       0.706933
             33         34.513         62.945       0.645868       0.706933
             34         46.489         77.635       0.625463       0.706933
             35         34.426         47.697       0.580796       0.706933
             36         33.007         96.859       0.745838       0.706933
             37         18.917         36.523       0.658788       0.706933
             38         20.547         76.000       0.787186       0.706933
             39         40.459         91.782       0.694048       0.706933
             40         21.289         68.668       0.763347       0.706933
             41         29.113         73.202       0.715459       0.706933
             42         11.352         84.970       0.882144       0.706933
             43         18.652         50.521       0.730353       0.706933
             44         12.688         67.849       0.842455       0.706933
             45         13.319         97.822       0.880162       0.706933
             46         17.650         84.230       0.826754       0.706933
             47         19.231         32.819       0.630526       0.706933
             48         36.179         58.617       0.618348       0.706933
             49         29.411         59.926       0.670784       0.706933
             50         20.702         56.244       0.730952       0.706933
             51         41.289         55.875       0.575058       0.706933
             52         44.633         72.840       0.620061       0.706933
             53         26.823         62.351       0.699207       0.706933
             54         41.457         63.242       0.604040       0.706933
             55         16.108        112.953       0.875193       0.706933
             56         39.289         51.706       0.568227       0.706933
             57         23.403         52.169       0.690323       0.706933
             58         32.929         72.096       0.686466       0.706933
             59         36.724         76.110       0.674530       0.706933
             60         24.410         63.995       0.723881       0.706933
             61         43.288        109.960       0.717532       0.706933
             62         37.352         70.433       0.653461       0.706933
             63         36.961         48.232       0.566147       0.706933
             64          8.437         96.178       0.919355       0.706933
             65         38.764         62.437       0.616961       0.706933
             66         47.370         81.334       0.631948       0.706933
             67         28.287         77.707       0.733126       0.706933
             68         33.952         46.176       0.576281       0.706933
             69         21.761         75.338       0.775892       0.706933
             70         28.972         56.410       0.660679       0.706933
             71         38.647         77.616       0.667589       0.706933
             72         29.076         85.083       0.745305       0.706933
             73         45.212         91.840       0.670112       0.706933
             74         48.278         61.096       0.558596       0.706933
             75         17.754         78.866       0.816250       0.706933
             76         14.667         94.788       0.865997       0.706933
             77          9.933         43.175       0.812970       0.706933
             78         22.343         54.578       0.709536       0.706933
             79         23.106         47.554       0.672994       0.706933
             80         13.174         51.852       0.797409       0.706933
             81         18.139         94.480       0.838938       0.706933
             82         36.803         57.205       0.608510       0.706933
             83         22.550         74.844       0.768465       0.706933
             84         43.928         42.157       0.489716       0.706933
             85         35.365         68.296       0.658842       0.706933
             86         27.588         69.879       0.716948       0.706933
             87         29.716         71.599       0.706698       0.706933
             88         35.912         88.179       0.710599       0.706933
             89         21.979         88.411       0.800896       0.706933
             90         23.105         76.793       0.768717       0.706933
             91         32.617         66.947       0.672404       0.706933
             92         39.867         91.152       0.695712       0.706933
             93         33.867         69.515       0.672411       0.706933
             94         24.745         62.327       0.715812       0.706933
             95         42.523         53.453       0.556943       0.706933
             96         41.782         80.698       0.658865       0.706933
             97         43.389         89.692       0.673965       0.706933
             98         13.500         86.245       0.864654       0.706933
             99         35.403         66.515       0.652631       0.706933
            100         24.805         91.716       0.787120       0.706933
            101         27.004         88.614       0.766440       0.706933
            102         46.832         61.760       0.568732       0.706933
            103         16.574         52.037       0.758437       0.706933
            104         43.122         98.623       0.695777       0.706933
            105         25.111        102.177       0.802723       0.794799
            106         25.450         81.091       0.761125       0.794799
            107         17.515         54.547       0.756941       0.794799
            108         29.063         80.820       0.735509       0.794799
            109         34.250         75.573       0.688134       0.794799
            110         10.037         69.323       0.873525       0.794799
            111         17.461         99.313       0.850475       0.794799
            112          9.609        100.229       0.912516       0.794799
            113          8.686         77.292       0.898977       0.794799
            114         32.279         41.212       0.560780       0.794799
            115         33.606         54.948       0.620508       0.794799
            116         14.034         88.546       0.863189       0.794799
            117         26.321         88.322       0.770408       0.794799
            118         18.326         44.445       0.708050       0.794799
            119         13.100        118.416       0.900393       0.794799
            120         18.796         64.553       0.774494       0.794799
            121         25.207         61.439       0.709081       0.794799
            122         22.388         36.983       0.622908       0.794799
            123         32.079         77.045       0.706033       0.794799
            124         12.310         90.881       0.880710       0.794799
            125          9.548         64.725       0.871445       0.794799
            126         35.057         67.949       0.659659       0.794799
            127         21.111         66.307       0.758503       0.794799
            128          4.591        100.753       0.956416       0.794799
            129         37.791         74.798       0.664343       0.794799
            130         16.871         87.532       0.838405       0.794799
            131         38.185         69.772       0.646297       0.794799
            132         28.501         96.041       0.771157       0.794799
            133         22.648        129.918       0.851553       0.794799
            134         23.393         94.045       0.800807       0.794799
            135         14.907         74.104       0.832522       0.794799
            136          7.160         54.173       0.883262       0.794799
            137         18.523         85.021       0.821109       0.794799
            138          7.487         61.628       0.891668       0.794799
            139         29.620         61.742       0.675794       0.794799
            140         24.935         62.875       0.716029       0.794799
            141         13.376         35.354       0.725503       0.794799
            142         31.062         83.008       0.727696       0.794799
            143         27.394         92.831       0.772143       0.794799
            144         22.334         99.226       0.816270       0.794799
            145         22.012         82.172       0.788723       0.794799
            146         22.776         67.752       0.748413       0.794799
            147         14.432         68.430       0.825829       0.794799
            148         20.503        104.664       0.836196       0.794799
            149         29.765         57.292       0.658098       0.794799
            150         24.080         65.889       0.732351       0.794799
            151         18.732         97.096       0.838279       0.794799
            152         21.997         95.966       0.813525       0.794799
            153         14.254         71.127       0.833059       0.794799
            154         10.563         64.316       0.858936       0.794799
            155         17.998         98.320       0.845270       0.794799
            156         14.174         97.053       0.872569       0.794799
            157         24.179         82.475       0.773292       0.794799
            158          1.967         81.111       0.976318       0.794799
            159         11.780         65.152       0.846878       0.794799
            160         13.192         35.628       0.729784       0.794799
            161         26.659         88.642       0.768785       0.794799
            162          4.557         60.342       0.929777       0.794799
            163         31.023        109.505       0.779242       0.794799
            164         11.556         76.151       0.868247       0.794799
            165         23.790         97.815       0.804366       0.794799
            166         24.747         54.385       0.687268       0.794799
            167         14.187         80.958       0.850893       0.794799
            168         26.464         59.328       0.691532       0.794799
            169         16.079         94.111       0.854077       0.794799
            170         25.901         67.623       0.723058       0.706933
            171         27.010         65.620       0.708411       0.706933
            172         36.513         61.332       0.626831       0.706933
            173         15.876         91.306       0.851875       0.706933
            174         15.653         67.583       0.811947       0.706933
            175         31.703         58.740       0.649473       0.706933
            176         14.731         86.215       0.854068       0.706933
            177         44.644        102.493       0.696585       0.706933
            178         40.616         45.378       0.527688       0.706933
            179         31.616         71.712       0.694021       0.706933
            180         32.585         77.167       0.703101       0.706933
            181         28.163         62.138       0.688117       0.706933
            182         17.911         93.712       0.839540       0.706933
            183         18.670         60.062       0.762865       0.706933
            184         30.060        106.801       0.780362       0.706933
            185         32.447         94.831       0.745070       0.706933
            186          1.879         67.052       0.972743       0.706933
            187         25.743         83.067       0.763413       0.706933
            188         27.762         63.752       0.696640       0.706933
            189         33.723         64.537       0.656797       0.706933
            190         31.037         35.687       0.534844       0.706933
            191          0.534         63.830       0.991706       0.706933
            192         19.958         64.791       0.764500       0.706933
            193         27.640         43.324       0.610511       0.706933
            194         46.419         93.827       0.669016       0.706933
            195         21.715         79.646       0.785763       0.706933
            196         62.744         56.223       0.472593       0.706933
            197         31.003         61.430       0.664588       0.706933
            198         29.966         46.572       0.608480       0.706933
            199         12.294         75.688       0.860266       0.706933
            200         35.153         80.041       0.694839       0.706933
            201         16.266         90.694       0.847924       0.706933
            202         30.217         53.549       0.639273       0.706933
            203         32.965         73.114       0.689245       0.706933
            204         28.265         83.697       0.747547       0.706933
            205         12.089         68.561       0.850111       0.706933
            206         16.427         69.158       0.808063       0.706933
            207          7.562        108.103       0.934621       0.706933
            208         26.904         70.691       0.724332       0.706933
            209         30.570         88.926       0.744173       0.706933
            210         39.612         43.113       0.521159       0.706933
            211         40.445         71.354       0.638232       0.706933
            212         30.327         39.995       0.568737       0.706933
            213         19.573         86.761       0.815928       0.706933
            214         31.858         68.750       0.683347       0.706933
            215         18.555         87.118       0.824409       0.706933
            216         17.009         77.212       0.819479       0.706933
            217          4.413         72.294       0.942464       0.706933
            218         29.335         80.446       0.732788       0.706933
            219         32.639         44.485       0.576794       0.706933
            220         32.456         64.240       0.664347       0.706933
            221         37.175         43.555       0.539512       0.706933
            222         50.388         71.068       0.585131       0.706933
            223         36.174         74.227       0.672340       0.706933
            224         19.239         71.382       0.787699       0.706933
            225         22.813         91.562       0.800538       0.706933
            226         41.597         47.851       0.534957       0.706933
            227         23.787         60.715       0.718503       0.706933
            228         38.661         64.750       0.626140       0.706933
            229         26.334         77.971       0.747532       0.706933
            230         27.791         52.715       0.654799       0.706933
            231         26.528         73.159       0.733888       0.706933
            232         22.429         70.889       0.759646       0.706933
            233         34.245         66.946       0.661582       0.706933
            234         31.715        107.159       0.771627       0.706933
            235         27.472         93.484       0.772876       0.706933
            236         45.263         60.159       0.570652       0.706933
            237          9.527         84.629       0.898814       0.706933
            238         46.690         93.208       0.666255       0.706933
            239         36.238         56.508       0.609279       0.706933
            240         36.940         65.729       0.640204       0.706933
            241         36.128         74.301       0.672839       0.706933
            242         19.436         42.830       0.687855       0.706933
            243         32.658         72.185       0.688508       0.706933
            244         27.731         79.033       0.740256       0.706933
            245         18.937         95.761       0.834896       0.706933
            246         31.664        101.881       0.762897       0.706933
            247         18.708         79.083       0.808693       0.706933
            248         27.115         50.802       0.652002       0.706933
            249         30.475         55.481       0.645456       0.706933
            250         16.876         86.706       0.837077       0.706933
            251         40.629         59.820       0.595527       0.706933
            252         35.697         62.390       0.636067       0.706933
            253         34.824         61.339       0.637866       0.706933
            254         35.696         76.247       0.681124       0.706933
            255         40.259         79.221       0.663047       0.706933
            256         31.878         54.241       0.629839       0.706933
            257         27.652         57.272       0.674389       0.706933
            258         35.606         79.788       0.691442       0.706933
            259         27.162         81.783       0.750682       0.706933
            260         36.860         80.260       0.685281       0.706933
            261         18.441         60.330       0.765888       0.706933
            262         32.400         77.296       0.704642       0.706933
            263         40.913        110.163       0.729188       0.706933
            264         34.365         65.638       0.656358       0.706933
            265         28.194         66.234       0.701423       0.706933
            266         18.976         70.824       0.788689       0.706933
            267         39.823         59.508       0.599088       0.706933
            268         26.833         69.761       0.722210       0.706933
            269         29.140         98.560       0.771806       0.706933
            270         31.696        104.957       0.768057       0.706933
            271         32.971         73.216       0.689502       0.706933
            272         25.648         69.751       0.731149       0.706933
            273         17.317         73.309       0.808920       0.706933
            274         16.190         55.668       0.774693       0.706933
            275         37.524         59.261       0.612297       0.706933
            276         21.683         59.471       0.732812       0.706933
            277         34.999         75.506       0.683285       0.706933
            278         21.587         77.550       0.782251       0.706933
            279         32.794         82.793       0.716281       0.706933
            280         52.976         71.240       0.573514       0.706933
            281         37.735         69.704       0.648778       0.706933
            282         20.704         91.295       0.815142       0.706933
            283         29.410         87.750       0.748973       0.706933
            284         17.711         60.405       0.773275       0.706933
            285         17.311         63.393       0.785501       0.706933
            286         38.765         45.397       0.539401       0.706933
            287         32.451         70.596       0.685084       0.706933
            288         31.213         79.234       0.717391       0.706933
            289         17.555         68.682       0.796430       0.706933
            290         17.731         53.800       0.752123       0.706933
            291         33.078         86.895       0.724291       0.706933
            292         29.168         61.459       0.678156       0.706933
            293         37.976         61.248       0.617270       0.706933
            294         20.630         91.476       0.815980       0.794799
            295         25.488         73.565       0.742686       0.794799
            296         23.315         67.858       0.744274       0.794799
            297          8.449         51.226       0.858421       0.794799
            298         21.165         55.454       0.723768       0.794799
            299         11.796         73.724       0.862072       0.794799
            300         29.610         78.185       0.725316       0.794799
            301         31.732         98.079       0.755555       0.794799
            302         16.434        114.618       0.874598       0.794799
            303         26.761         83.526       0.757349       0.794799
            304         22.687         84.574       0.788486       0.794799
            305         23.550         71.464       0.752140       0.794799
            306         18.927         99.360       0.839993       0.794799
            307         15.800         42.424       0.728635       0.794799
            308         10.525         88.922       0.894161       0.794799
            309         26.952        104.380       0.794783       0.794799
            310         23.272         88.217       0.791263       0.794799
            311         12.586         67.816       0.843456       0.794799
            312         21.171         74.789       0.779374       0.794799
            313         39.841         99.283       0.713629       0.794799
            314          7.485        112.174       0.937451       0.794799
            315          8.368         98.113       0.921409       0.794799
            316         28.594         75.496       0.725298       0.794799
            317         25.827         80.154       0.756306       0.794799
            318         23.127         66.455       0.741839       0.794799
            319         23.009         87.895       0.792534       0.794799
            320         15.994         60.921       0.792060       0.794799
            321         10.107         52.876       0.839532       0.794799
            322         17.083         78.953       0.822118       0.794799
            323         16.871         79.371       0.824700       0.794799
            324         10.928         72.319       0.868731       0.794799
            325         23.187        100.238       0.812139       0.794799
            326         14.804         63.872       0.811841       0.794799
            327         11.810         65.725       0.847686       0.794799
            328         19.792         57.588       0.744218       0.794799
            329         21.970         93.678       0.810030       0.794799
            330         28.999         74.111       0.718753       0.794799
            331          6.097         79.639       0.928883       0.794799
            332         19.757         65.248       0.767577       0.794799
            333         17.143         62.354       0.784356       0.794799
            334         13.660         79.993       0.854139       0.794799
            335         24.739         88.055       0.780671       0.794799
            336         20.650         37.422       0.644404       0.706933
            337         31.923        109.834       0.774804       0.706933
            338         39.665         41.189       0.509422       0.706933
            339         51.344         90.344       0.637626       0.706933
            340         45.449         74.971       0.622578       0.706933
            341         24.562         84.025       0.773801       0.706933
            342         11.792         61.505       0.839115       0.706933
            343         24.014         75.587       0.758899       0.706933
            344         23.176         56.337       0.708525       0.706933
            345         27.832         64.686       0.699167       0.706933
            346         34.328         92.294       0.728896       0.706933
            347         50.002         79.508       0.613913       0.706933
            348         52.480         84.556       0.617038       0.706933
            349         18.576         62.082       0.769697       0.706933
            350         35.437         69.494       0.662281       0.706933
            351         47.759         75.313       0.611943       0.706933
            352         27.025         53.937       0.666206       0.706933
            353         26.116         76.090       0.744479       0.706933
            354         29.407         88.489       0.750569       0.706933
            355         12.337         51.275       0.806057       0.706933
            356         20.472         53.077       0.721658       0.706933
            357         43.226         57.194       0.569549       0.706933
            358         33.679         71.469       0.679699       0.706933
            359         45.200         77.073       0.630334       0.706933
            360         26.731         85.686       0.762217       0.706933
            361         32.470         98.446       0.751980       0.706933
            362         22.639         71.567       0.759684       0.706933
            363         34.681         76.889       0.689153       0.706933
            364         36.735         58.006       0.612257       0.706933
            365         24.358         94.027       0.794249       0.706933
            366         18.701         51.837       0.734884       0.706933
            367         18.811         85.955       0.820444       0.706933
            368         35.645        104.801       0.746200       0.706933
            369         21.238         64.354       0.751864       0.706933
            370         32.308         50.208       0.608462       0.706933
            371         14.886         81.611       0.845732       0.794799
            372         19.543         66.389       0.772573       0.794799
            373         15.482         91.441       0.855201       0.794799
            374         32.311         72.037       0.690349       0.794799
            375         11.044         99.226       0.899846       0.794799
            376         16.815         62.279       0.787405       0.794799
            377         17.492         96.563       0.846636       0.794799
            378         39.423         42.728       0.520119       0.794799
            379         18.184         78.544       0.812012       0.794799
            380         13.931        134.066       0.905871       0.794799
            381         19.926         95.912       0.827982       0.794799
            382         32.582         66.528       0.671251       0.794799
            383         12.915         67.844       0.840078       0.794799
            384         16.543         90.169       0.844972       0.794799
            385         24.346         65.083       0.727760       0.794799
            386         13.216         55.241       0.806945       0.794799
            387          3.975         47.406       0.922641       0.794799
            388         29.693         70.934       0.704922       0.794799
            389         17.295         72.063       0.806450       0.794799
            390         10.193         73.954       0.878868       0.794799
            391         14.674         82.977       0.849732       0.794799
            392         19.785         87.178       0.815031       0.794799
            393         19.213         70.034       0.784723       0.794799
            394         22.576         76.494       0.772119       0.794799
            395         19.895         68.871       0.775876       0.794799
            396         17.341         68.757       0.798587       0.794799
            397         31.842         70.033       0.687443       0.794799
            398         22.205         93.786       0.808563       0.794799
            399         37.809        100.964       0.727545       0.794799
            400         21.952         81.794       0.788405       0.794799
            401         21.032         87.608       0.806404       0.794799
            402         12.257         73.635       0.857301       0.794799
            403         10.528         64.382       0.859456       0.794799
            404         31.634         78.125       0.711784       0.794799
            405         19.889         85.537       0.811348       0.794799
            406         28.760         75.250       0.723490       0.794799
            407         16.002        102.891       0.865406       0.794799
            408         26.898         89.756       0.769422       0.794799
            409         17.351         87.817       0.835016       0.794799
            410         31.417         93.627       0.748755       0.794799
            411         36.735         45.302       0.552218       0.706933
            412          9.884         73.735       0.881797       0.706933
            413         30.846         34.991       0.531480       0.706933
            414         31.493         95.827       0.752645       0.706933
            415         42.982         56.327       0.567189       0.706933
            416         25.475         56.759       0.690214       0.706933
            417         35.844         72.361       0.668738       0.706933
            418         15.408         78.253       0.835495       0.706933
            419         44.157         57.353       0.564994       0.706933
            420         21.401        114.275       0.842266       0.706933
            421         36.055         45.283       0.556726       0.706933
            422         20.575         70.105       0.773102       0.706933
            423         37.040         74.872       0.669026       0.706933
            424         29.671        117.387       0.798236       0.706933
            425         23.030        101.885       0.815638       0.706933
            426         33.169         84.263       0.717544       0.706933
            427         37.818         74.697       0.663884       0.706933
            428         40.702         78.433       0.658355       0.706933
            429         24.264         90.712       0.788967       0.706933
            430         34.523         74.834       0.684306       0.706933
            431         29.086         87.892       0.751355       0.706933
            432         21.793         86.428       0.798624       0.706933
            433         29.167         80.215       0.733345       0.706933
            434         25.103         81.652       0.764855       0.706933
            435         16.575         48.037       0.743470       0.706933
            436         59.492         67.773       0.532534       0.706933
            437         37.458         15.313       0.290171       0.669267
            438         25.818         77.860       0.750979       0.706933
            439         36.105         51.726       0.588927       0.706933
            440         24.711         59.307       0.705888       0.706933
            441         27.225         71.766       0.724976       0.706933
            442         21.460         77.249       0.782593       0.706933
            443         17.376         66.748       0.793450       0.706933
            444         30.400         94.985       0.757546       0.706933
            445         41.388         44.185       0.516346       0.706933
            446         27.919         83.396       0.749192       0.706933
            447         41.015         34.431       0.456367       0.706933
            448         49.721         89.211       0.642119       0.706933
            449         27.466         88.631       0.763420       0.706933
            450         20.806         69.845       0.770484       0.706933
            451         17.314         70.119       0.801975       0.706933
            452         44.336         51.301       0.536412       0.706933
            453         23.927        100.007       0.806935       0.706933
            454         50.861         57.486       0.530573       0.706933
            455         16.155         62.842       0.795496       0.706933
            456         21.641         71.063       0.766555       0.706933
            457         52.521         63.604       0.547723       0.706933
            458         12.540         57.807       0.821738       0.706933
            459         18.226         59.964       0.766902       0.706933
            460         38.753         50.972       0.568094       0.706933
            461         16.730         74.230       0.816069       0.706933
            462         40.121         73.155       0.645810       0.706933
            463         30.358         60.549       0.666052       0.706933
            464         45.570         69.093       0.602576       0.706933
            465         38.639         73.904       0.656676       0.706933
            466          7.890         83.087       0.913279       0.706933
            467         29.215         77.485       0.726195       0.706933
            468         46.019         87.760       0.656005       0.706933
            469         57.908         58.929       0.504367       0.706933
            470         33.054         77.829       0.701901       0.706933
            471         24.694         84.876       0.774631       0.706933
            472         22.592        125.647       0.847596       0.706933
            473         42.434         16.430       0.279117       0.669267
            474         35.831         55.770       0.608831       0.706933
            475         42.279         78.821       0.650874       0.706933
            476         23.728         86.639       0.785008       0.706933
            477         27.594         73.953       0.728261       0.706933
            478         30.272         65.275       0.683168       0.706933
            479         31.533         67.894       0.682852       0.706933
            480         32.665         67.821       0.674930       0.706933
            481         29.593         65.377       0.688398       0.706933
            482         26.151         82.558       0.759439       0.706933
            483         29.938        102.749       0.774372       0.706933
            484         13.329         82.088       0.860308       0.706933
            485         19.938         60.784       0.753004       0.706933
            486         12.057         61.483       0.836051       0.706933
            487         23.913         86.873       0.784150       0.706933
            488         13.329         74.307       0.847906       0.706933
            489         21.234         48.310       0.694672       0.706933
            490         32.929         87.452       0.726461       0.706933
            491         19.562         40.898       0.676446       0.706933
            492         25.151         84.132       0.769855       0.706933
            493         33.667         66.471       0.663793       0.706933
            494         26.688         77.213       0.743138       0.706933
            495         14.961         80.445       0.843186       0.706933
            496         17.458        103.412       0.855565       0.706933
            497         25.327         81.153       0.762139       0.706933
            498         22.665         79.017       0.777095       0.706933
            499         45.567         87.204       0.656803       0.706933
            500         32.123         92.617       0.742482       0.706933
            501         20.879         54.664       0.723618       0.706933
            502         37.373         57.913       0.607778       0.706933
            503         32.431         66.676       0.672767       0.706933
            504         44.668         68.004       0.603554       0.706933
            505         19.800         87.218       0.814988       0.706933
            506         38.486         51.144       0.570610       0.706933
            507         41.546         27.464       0.397973       0.706933
            508         24.125         85.803       0.780538       0.706933
            509         29.547         75.770       0.719450       0.706933
            510         26.036         74.159       0.740145       0.706933
            511         25.144         73.920       0.746187       0.706933
            512         19.029         44.074       0.698448       0.706933
            513         52.703         50.040       0.487038       0.706933
            514         29.398         72.659       0.711945       0.706933
            515         32.774         47.226       0.590325       0.706933
            516         33.164         55.350       0.625323       0.706933
            517         44.268         36.204       0.449897       0.706933
            518         25.148         69.932       0.735505       0.706933
            519         54.734         28.454       0.342043       0.669267
            520         45.015         89.614       0.665634       0.706933
            521         41.221         69.455       0.627553       0.706933
            522         27.965         75.664       0.730142       0.706933
            523         32.096         44.909       0.583194       0.706933
            524         40.845         50.790       0.554268       0.706933
            525         15.787         63.817       0.801680       0.706933
            526         20.598         49.511       0.706199       0.706933
            527         15.458         70.968       0.821141       0.706933
            528         19.727         80.675       0.803518       0.706933
            529         53.028         54.558       0.507110       0.706933
            530         31.174         58.142       0.650970       0.706933
            531         32.650         63.817       0.661543       0.706933
            532         27.012         58.382       0.683675       0.706933
            533         22.802         73.022       0.762044       0.706933
            534         29.248         83.162       0.739808       0.706933
            535         27.589         62.431       0.693522       0.706933
            536         24.342         78.331       0.762918       0.706933
            537         20.097         64.825       0.763344       0.706933
            538         43.560         56.415       0.564294       0.706933
            539         10.136         51.052       0.834351       0.706933
            540          6.506         63.951       0.907654       0.706933
            541         36.446         82.887       0.694588       0.706933
            542         28.704         97.610       0.772756       0.706933
            543         24.385         61.876       0.717310       0.706933
            544         44.919         53.699       0.544515       0.706933
            545         38.058         61.595       0.618091       0.706933
            546         26.477         77.424       0.745167       0.706933
            547         21.930         43.084       0.662689       0.706933
            548         20.097         56.295       0.736922       0.706933
            549         13.030         78.437       0.857549       0.706933
            550         13.377         60.944       0.820016       0.706933
            551         21.094         59.648       0.738746       0.706933
            552         50.785         82.155       0.617988       0.706933
            553         36.336         70.301       0.659253       0.706933
            554          8.491         85.685       0.909841       0.706933
            555         43.413         76.503       0.637973       0.706933
            556         18.725         70.337       0.789752       0.706933
            557         30.254         94.673       0.757828       0.706933
            558         27.306        101.603       0.788176       0.706933
            559         34.644         62.930       0.644944       0.706933
            560         32.555         63.264       0.660240       0.706933
            561         51.077         99.685       0.661210       0.706933
            562         34.697         76.522       0.688030       0.706933
            563          0.975         58.875       0.983705       0.706933
            564         39.076         45.167       0.536155       0.706933
            565         42.205         85.526       0.669582       0.706933
            566         36.713         75.591       0.673092       0.706933
            567         23.030         54.291       0.702150       0.706933
            568          2.933         57.404       0.951385       0.706933
            569         25.461         96.198       0.790716       0.706933
            570         29.536         75.757       0.719490       0.706933
            571         29.704         59.121       0.665586       0.706933
            572         26.526         56.449       0.680308       0.706933
            573         42.239         69.256       0.621156       0.706933
            574         12.524         92.831       0.881128       0.706933
            575         35.155         66.494       0.654150       0.706933
            576         27.135         81.487       0.750187       0.706933
            577         41.910         73.234       0.636024       0.706933
            578         22.824         61.739       0.730096       0.706933
            579         28.435         61.969       0.685464       0.706933
            580         18.015         36.184       0.667613       0.706933
            581          5.213         99.854       0.950384       0.706933
            582         31.964         90.081       0.738094       0.706933
            583         19.312         91.006       0.824941       0.706933
            584         30.041         49.792       0.623701       0.706933
            585         21.043         67.268       0.761721       0.706933
            586         12.625         45.577       0.783086       0.706933
            587         36.662         77.742       0.679541       0.706933
            588         41.871        109.315       0.723051       0.706933
            589         41.927         58.666       0.583203       0.706933
            590         31.857         78.195       0.710526       0.706933
            591         30.701         66.374       0.683742       0.706933
            592         29.048         55.373       0.655919       0.706933
            593         30.200         46.972       0.608669       0.706933
            594         11.724         42.240       0.782737       0.706933
            595         21.407         87.263       0.803010       0.706933
            596         34.909         59.057       0.628495       0.706933
            597         36.738         93.015       0.716861       0.706933
            598         21.816         80.382       0.786530       0.706933
            599         47.883         77.216       0.617240       0.706933
            600         27.416         62.872       0.696347       0.706933
            601         30.763         66.644       0.684178       0.706933
            602         19.653         93.759       0.826710       0.706933
            603          9.808         87.291       0.898994       0.706933
            604         42.778         40.802       0.488176       0.706933
            605         61.994         74.137       0.544601       0.706933
            606         42.197         95.909       0.694459       0.706933
            607         18.233         41.178       0.693108       0.706933
            608         30.716         51.039       0.624287       0.706933
            609         15.529        109.038       0.875336       0.706933
            610         30.604         64.775       0.679136       0.706933
            611         29.957         71.196       0.703842       0.706933
            612         34.768         66.343       0.656140       0.706933
            613         15.227         79.648       0.839501       0.706933
            614         39.576         83.224       0.677723       0.706933
            615         34.077         81.451       0.705031       0.706933
            616         35.357         71.400       0.668808       0.706933
            617         28.771        123.246       0.810740       0.706933
            618         13.226         63.176       0.826886       0.706933
            619         23.740         62.457       0.724582       0.706933
            620         24.782         63.752       0.720087       0.706933
            621         43.486         53.519       0.551712       0.706933
            622         26.054         67.468       0.721409       0.706933
            623         35.414         51.553       0.592790       0.706933
            624         26.302         59.478       0.693382       0.706933
            625         40.509         75.623       0.651180       0.706933
            626         36.414         74.529       0.671780       0.706933
            627         35.498         85.042       0.705508       0.706933
            628         31.970         67.928       0.679971       0.706933
            629         54.588         98.129       0.642552       0.706933
            630         24.349         57.083       0.700989       0.706933
            631         40.881         40.985       0.500635       0.706933
            632         30.532         55.617       0.645594       0.706933
            633         29.092         70.472       0.707806       0.706933
            634         29.295         85.297       0.744354       0.706933
            635         12.461         58.948       0.825496       0.706933
            636         43.934         60.421       0.578994       0.706933
            637         12.888         94.506       0.879995       0.706933
            638         33.145        101.931       0.754622       0.706933
            639         10.614         73.346       0.873586       0.706933
            640         41.428         93.981       0.694054       0.706933
            641         20.097         16.870       0.456358       0.706933
            642         33.751         90.201       0.727709       0.706933
            643         -0.056         83.627       1.000666       0.706933
            644          1.061         62.610       0.983336       0.706933
            645         25.372         72.939       0.741921       0.706933
            646         13.964         48.162       0.775230       0.706933
            647         -2.182         58.241       1.038930       0.706933
            648         10.851         51.271       0.825327       0.706933
            649         39.375         94.832       0.706613       0.706933
            650         27.165         79.830       0.746110       0.706933
            651         43.460         74.754       0.632363       0.706933
            652         27.576         98.091       0.780563       0.706933
            653         23.079         91.369       0.798342       0.706933
            654         24.101         65.531       0.731111       0.706933
            655         15.652         83.999       0.842931       0.706933
            656         43.222         63.898       0.596509       0.706933
            657         20.643         60.809       0.746559       0.706933
            658         19.216         55.019       0.741149       0.706933
            659         43.251         50.384       0.538088       0.706933
            660         32.647         90.799       0.735534       0.706933
            661         25.862         60.371       0.700093       0.706933
            662         24.477         49.187       0.667721       0.706933
            663         13.448         90.257       0.870324       0.706933
            664         19.450         56.264       0.743109       0.706933
            665         22.176         74.508       0.770635       0.706933
            666         25.519         49.313       0.658985       0.706933
            667         23.763         82.364       0.776086       0.706933
            668         46.166         96.498       0.676400       0.706933
            669         23.631         68.932       0.744706       0.706933
            670         33.719         56.497       0.626239       0.706933
            671         11.594         65.134       0.848891       0.706933
            672         49.645         68.609       0.580182       0.706933
            673         29.492         61.298       0.675165       0.706933
            674         31.240         45.390       0.592331       0.706933
            675         31.847         32.906       0.508177       0.706933
            676         59.600         63.016       0.513933       0.706933
            677         46.172         52.266       0.530953       0.706933
            678         36.869         65.493       0.639818       0.706933
            679         37.652         90.592       0.706403       0.706933
            680         35.606        100.637       0.738657       0.706933
            681         15.807         74.662       0.825275       0.706933
            682         29.734         70.090       0.702138       0.706933
            683         24.438         63.906       0.723374       0.706933
            684         27.383         60.197       0.687337       0.706933
            685         26.085         80.436       0.755120       0.706933
            686         44.244        105.276       0.704091       0.706933
            687          8.198         91.625       0.917871       0.706933
            688         28.838         58.605       0.670209       0.706933
            689         37.551         59.953       0.614876       0.706933
            690         46.483         69.272       0.598435       0.706933
            691         27.704         62.738       0.693685       0.706933
            692         43.300         71.245       0.621980       0.706933
            693         20.829         60.370       0.743486       0.706933
            694         21.933        103.854       0.825634       0.706933
            695         47.372         73.943       0.609515       0.706933
            696         44.748         60.208       0.573651       0.706933
            697         47.254         56.929       0.546435       0.706933
            698         48.397         73.630       0.603393       0.706933
            699         38.274         79.139       0.674021       0.706933
            700         35.993         42.364       0.540655       0.706933
            701         37.790         77.281       0.671592       0.706933
            702         33.300         77.553       0.699601       0.706933
            703         13.795         77.911       0.849575       0.706933
            704         19.756         64.706       0.766091       0.706933
            705         39.122         58.869       0.600755       0.706933
            706         28.833         82.471       0.740950       0.706933
            707         30.943         64.213       0.674816       0.706933
            708         27.269         35.456       0.565257       0.706933
            709          4.106         76.824       0.949263       0.706933
            710         31.900         51.207       0.616162       0.706933
            711         39.446         62.379       0.612608       0.706933
            712         25.023         60.018       0.705754       0.706933
            713         31.933         53.687       0.627038       0.706933
            714         11.234         71.976       0.864990       0.706933
            715         19.930         53.755       0.729523       0.706933
            716         14.310         56.439       0.797732       0.706933
            717         25.633         71.010       0.734769       0.706933
            718         10.515        111.512       0.913828       0.706933
            719         23.761         54.164       0.695075       0.706933
            720         53.634        100.792       0.652688       0.706933
            721         43.639         64.919       0.598012       0.706933
            722         31.879         64.816       0.670314       0.706933
            723         25.409         95.810       0.790387       0.706933
            724         15.048         93.076       0.860828       0.706933
            725         19.720         66.168       0.770402       0.706933
            726         20.517         82.098       0.800062       0.706933
            727         39.210         60.630       0.607271       0.706933
            728          5.307         42.252       0.888405       0.706933
            729         29.524         97.871       0.768250       0.706933
            730         18.275         51.213       0.737007       0.706933
            731         33.851         65.674       0.659877       0.706933
            732         10.354         75.926       0.879991       0.706933
            733         25.002         83.482       0.769532       0.706933
            734         57.637         59.575       0.508269       0.706933
            735         13.732         74.484       0.844341       0.706933
            736         36.583         61.694       0.627754       0.706933
            737          3.157         76.361       0.960295       0.706933
            738         30.463         49.728       0.620120       0.706933
            739         44.968         81.327       0.643944       0.706933
            740         44.142         58.461       0.569778       0.706933
            741         38.376         76.814       0.666846       0.706933
            742         21.434         53.395       0.713563       0.706933
            743         43.940         80.848       0.647880       0.706933
            744         43.286         72.479       0.626085       0.706933
            745         27.336        105.663       0.794463       0.706933
            746         29.664         58.612       0.663963       0.706933
            747         24.878         94.284       0.791225       0.706933
            748         15.348         70.660       0.821555       0.706933
            749         17.441         60.839       0.777195       0.706933
            750         33.778         88.768       0.724364       0.706933
            751         33.814         67.206       0.665275       0.706933
            752         40.715         68.019       0.625552       0.706933
            753         16.841         54.070       0.762502       0.706933
            754         43.344         51.682       0.543875       0.706933
            755         23.777         62.185       0.723396       0.706933
            756         52.732         53.568       0.503932       0.706933
            757         51.794         65.245       0.557461       0.706933
            758         28.442         62.674       0.687850       0.706933
            759         41.103         69.731       0.629149       0.706933
            760         35.837         73.443       0.672060       0.706933
            761         23.542         53.782       0.695539       0.706933
            762         39.150         59.828       0.604460       0.706933
            763         33.508         96.797       0.742848       0.706933
            764         41.492         86.311       0.675346       0.706933
            765         36.613         80.355       0.686981       0.706933
            766         27.212         81.444       0.749556       0.706933
            767         27.148        108.089       0.799254       0.706933
            768         30.422         70.709       0.699184       0.706933
            769         45.385         73.744       0.619025       0.706933
            770         31.046         97.797       0.759042       0.706933
            771         29.706         56.596       0.655788       0.706933
            772         33.830         86.291       0.718370       0.706933
            773         42.645         62.663       0.595042       0.706933
            774         18.261         49.793       0.731665       0.706933
            775         30.982         65.825       0.679957       0.706933
            776         16.091         58.958       0.785589       0.706933
            777         31.696         71.783       0.693698       0.706933
            778         32.678         43.643       0.571838       0.706933
            779         39.486         63.240       0.615620       0.706933
            780         43.781         60.481       0.580090       0.706933
            781         33.006         59.570       0.643473       0.706933
            782         21.058         92.930       0.815262       0.706933
            783         31.508         83.142       0.725184       0.706933
            784         41.204        101.011       0.710267       0.706933
            785         30.875         87.276       0.738681       0.706933
            786         21.786         85.600       0.797123       0.706933
            787         39.747         59.032       0.597617       0.706933
            788         29.774         61.632       0.674264       0.706933
            789         32.552         59.917       0.647971       0.706933
            790         25.932         72.307       0.736035       0.706933
            791         34.821         85.298       0.710114       0.706933
            792         29.141         71.536       0.710551       0.706933
            793         39.508         63.037       0.614727       0.706933
            794         25.967         87.064       0.770267       0.706933
            795         19.372         39.049       0.668405       0.706933
            796         40.634         11.827       0.225449       0.669267
            797         37.615         62.376       0.623815       0.706933
            798         54.816         77.153       0.584628       0.706933
            799         20.898         64.414       0.755039       0.706933
            800         51.987         80.791       0.608470       0.706933
            801         27.580         97.179       0.778935       0.706933
            802         36.031         69.429       0.658342       0.706933
            803          2.907         76.729       0.963493       0.706933
            804         28.379         77.262       0.731362       0.706933
            805         21.258         87.490       0.804519       0.706933
            806         24.123         69.079       0.741178       0.706933
            807         31.511         43.958       0.582463       0.706933
            808         39.600         68.943       0.635169       0.706933
            809         39.010         99.520       0.718401       0.706933
            810         16.334         56.510       0.775772       0.706933
            811         26.458         89.264       0.771364       0.706933
            812         25.422        102.465       0.801213       0.706933
            813         26.619         73.399       0.733861       0.706933
            814         18.476         60.093       0.764841       0.706933
            815        -13.792         46.557       1.420935       0.669267
            816         34.691         75.879       0.686251       0.706933
            817         35.041         75.236       0.682246       0.706933
            818         29.147         95.403       0.765982       0.706933
            819         24.065         98.213       0.803195       0.706933
            820         28.286         69.608       0.711056       0.706933
            821         22.759         68.857       0.751579       0.706933
            822         21.056         63.868       0.752063       0.706933
            823         33.173         76.909       0.698648       0.706933
            824         31.487         94.779       0.750632       0.706933
            825         51.848         76.336       0.595519       0.706933
            826         24.097         59.515       0.711801       0.706933
            827         31.939         83.358       0.722985       0.706933
            828         12.561         87.831       0.874881       0.706933
            829         34.308         57.072       0.624558       0.706933
            830         33.004         58.335       0.638665       0.706933
            831         21.875         46.415       0.679676       0.706933
            832         25.081         80.791       0.763099       0.706933
            833         35.336         51.589       0.593489       0.706933
            834         49.821         41.653       0.455352       0.706933
            835         31.903         90.985       0.740388       0.706933
            836         14.693         73.520       0.833435       0.706933
            837         14.512         54.341       0.789238       0.706933
            838         32.304         84.956       0.724513       0.706933
            839         14.066         68.910       0.830483       0.706933
            840         44.222         59.474       0.573543       0.706933
            841         28.775         97.022       0.771258       0.706933
            842         14.516         95.175       0.867663       0.706933
            843         28.050         59.456       0.679447       0.706933
            844         38.204         91.584       0.705643       0.706933
            845         36.813         48.344       0.567705       0.706933
            846         56.514         87.069       0.606403       0.706933
            847         20.974         73.240       0.777382       0.706933
            848         13.573         84.358       0.861406       0.706933
            849         40.513         42.789       0.513658       0.706933
            850         23.517         65.271       0.735132       0.706933
            851         26.666         64.293       0.706836       0.706933
            852         23.462         77.424       0.767440       0.706933
            853         31.143         67.833       0.685348       0.706933
            854         37.142         66.277       0.640856       0.706933
            855         24.710         67.398       0.731724       0.706933
            856         43.147         65.976       0.604599       0.706933
            857         46.128         69.752       0.601933       0.706933
            858         31.143         85.072       0.732021       0.706933
            859         31.213         74.291       0.704154       0.706933
            860         40.665         76.707       0.653539       0.706933
            861         15.947         61.564       0.794262       0.706933
            862          6.175         82.761       0.930566       0.706933
            863         32.249         81.653       0.716869       0.706933
            864         28.726         41.536       0.591165       0.706933
            865         18.742         86.091       0.821223       0.706933
            866         19.434         91.691       0.825119       0.706933
            867         23.590        115.644       0.830572       0.706933
            868         25.377        100.853       0.798962       0.706933
            869         15.270         67.402       0.815295       0.706933
            870         12.790         61.127       0.826966       0.706933
            871         36.562         75.691       0.674290       0.706933
            872         45.365        100.609       0.689225       0.706933
            873         17.092         89.052       0.838977       0.706933
            874         21.651         37.292       0.632678       0.706933
            875         45.703         77.238       0.628253       0.706933
            876         12.345         53.970       0.813846       0.706933
            877         47.039         85.506       0.645111       0.706933
            878         24.663         62.743       0.717839       0.706933
            879         42.955         82.015       0.656274       0.706933
            880         13.216         47.055       0.780722       0.706933
            881         39.726         72.272       0.645295       0.706933
            882         12.943         74.361       0.851749       0.706933
            883         24.308         72.351       0.748519       0.706933
            884         23.072         59.622       0.721000       0.706933
            885         45.761         77.125       0.627616       0.706933
            886         21.558         43.142       0.666801       0.706933
            887         22.005         64.181       0.744681       0.706933
            888         36.759         60.747       0.623008       0.706933
            889         23.912         50.394       0.678197       0.706933
            890         42.537        100.472       0.702560       0.706933
            891         32.184         71.879       0.690729       0.706933
            892         20.237         67.597       0.769602       0.706933
            893         47.394        105.551       0.690124       0.706933
            894         56.826         96.942       0.630443       0.706933
            895         22.989         66.121       0.742017       0.706933
            896         17.231         88.803       0.837496       0.794799
            897          8.821         69.977       0.888060       0.794799
            898         22.827         69.795       0.753549       0.794799
            899         14.554         58.336       0.800327       0.794799
            900         10.466         75.988       0.878945       0.794799
            901         32.162         85.937       0.727672       0.794799
            902          7.373         99.060       0.930723       0.794799
            903         11.459         90.630       0.887754       0.794799
            904         23.459         76.280       0.764800       0.794799
            905         27.026         78.630       0.744209       0.794799
            906         19.394         97.170       0.833618       0.794799
            907         29.562        111.676       0.790692       0.794799
            908         28.111         84.240       0.749793       0.794799
            909         14.095         88.790       0.863003       0.794799
            910         34.270         56.493       0.622424       0.794799
            911          9.388         86.968       0.902566       0.794799
            912         39.487        104.642       0.726031       0.794799
            913         20.005         79.770       0.799497       0.794799
            914         20.842         78.210       0.789582       0.794799
            915          4.117        111.276       0.964320       0.794799
            916         21.859         40.742       0.650819       0.794799
            917         29.190         84.348       0.742908       0.794799
            918          8.311         96.019       0.920338       0.794799
            919         22.277         72.355       0.764595       0.794799
            920         14.855         76.878       0.838061       0.794799
            921         29.542         91.602       0.756140       0.794799
            922         34.679         78.238       0.692882       0.794799
            923         31.618         41.717       0.568851       0.794799
            924         24.143         53.950       0.690837       0.794799
            925          5.868         88.531       0.937843       0.794799
            926         37.084         80.709       0.685179       0.794799
            927         27.405         95.628       0.777257       0.794799
            928         21.834         61.838       0.739056       0.794799
            929         14.240         37.271       0.723560       0.794799
            930          0.757         70.513       0.989383       0.794799
            931         21.002         92.176       0.814436       0.794799
            932         26.717         76.411       0.740931       0.794799
            933         11.562         70.247       0.858676       0.794799
            934         32.081         94.766       0.747088       0.794799
            935         25.030         86.609       0.775796       0.794799
            936          8.977         79.482       0.898516       0.794799
            937         22.447         55.551       0.712212       0.794799
            938          8.434        115.163       0.931759       0.794799
            939         34.652         85.616       0.711876       0.794799
            940         13.727         67.088       0.830139       0.794799
            941         26.878         95.324       0.780051       0.794799
            942          7.868         76.560       0.906812       0.794799
            943         27.365         90.260       0.767355       0.794799
            944         20.151         81.237       0.801248       0.794799
            945         25.557         95.333       0.788594       0.794799
            946         23.799         90.127       0.791102       0.794799
            947         17.962         66.501       0.787341       0.794799
            948         12.058         84.809       0.875517       0.794799
            949          8.684         91.523       0.913342       0.794799
            950         29.416         94.421       0.762462       0.794799
            951         24.379         81.389       0.769502       0.794799
            952         15.798         66.634       0.808352       0.794799
            953         18.407        105.734       0.851724       0.794799
            954         18.546        101.758       0.845839       0.794799
            955         20.021         70.208       0.778107       0.794799
            956         22.022         97.367       0.815546       0.794799
            957         17.373         72.960       0.807677       0.794799
            958         28.153         44.028       0.609967       0.794799
            959         16.151        128.032       0.887982       0.794799
            960         33.336         60.351       0.644179       0.794799
            961         22.552        121.108       0.843017       0.794799
            962         11.950        103.071       0.896107       0.794799
            963         36.383         68.120       0.651848       0.794799
            964         14.140         66.366       0.824362       0.794799
            965         31.412         62.088       0.664040       0.794799
            966         18.827         73.577       0.796253       0.794799
            967         13.506         86.869       0.865442       0.794799
            968         21.220         99.397       0.824068       0.794799
            969         14.119         92.066       0.867032       0.794799
            970         20.126         89.961       0.817180       0.794799
            971         10.236        108.264       0.913619       0.794799
            972          5.553         88.226       0.940783       0.794799
            973         13.837         83.397       0.857690       0.794799
            974          6.794         66.913       0.907825       0.794799
            975         20.895         82.112       0.797150       0.794799
            976         17.489         99.014       0.849885       0.794799
            977         25.051         36.558       0.593381       0.794799
            978         50.017         74.442       0.598126       0.794799
            979         27.641         65.781       0.704124       0.794799
            980         17.757         61.377       0.775608       0.794799
            981         22.905         68.586       0.749644       0.794799
            982         33.113         81.101       0.710079       0.794799
            983         17.283         92.553       0.842649       0.794799
            984          2.375         88.449       0.973855       0.794799
            985         25.408        103.987       0.803641       0.794799
            986         19.552         87.799       0.817871       0.794799
            987          3.860         71.249       0.948603       0.794799
            988          7.666         50.160       0.867426       0.794799
            989         11.115         96.397       0.896613       0.794799
            990         23.060         92.628       0.800672       0.794799
            991         28.425         89.466       0.758887       0.794799
            992         28.160         91.940       0.765527       0.794799
            993         34.275         63.245       0.648536       0.794799
            994         15.483         62.257       0.800833       0.794799
            995         25.117         72.716       0.743265       0.794799
            996         16.214         57.458       0.779920       0.794799
            997         33.451         76.023       0.694441       0.794799
            998          1.124        103.731       0.989284       0.794799
            999         25.698         55.819       0.684753       0.794799
           1000         32.019         83.957       0.723915       0.794799
