              1         20.808         94.767       0.819957       0.798919
              2         19.525         90.028       0.821772       0.798919
              3         19.869         68.265       0.774556       0.798919
              4         30.432         91.975       0.751388       0.704092
              5         32.106         75.912       0.702771       0.704092
              6         28.259         85.772       0.752181       0.704092
              7         24.049         69.386       0.742609       0.704092
              8         29.139         73.536       0.716202       0.704092
              9         14.718         72.868       0.831955       0.704092
             10         35.123         67.343       0.657220       0.704092
             11         22.983         76.578       0.769153       0.704092
             12         35.764         72.518       0.669713       0.704092
             13         38.750         78.381       0.669174       0.704092
             14         30.375         69.482       0.695813       0.704092
             15         33.525         77.014       0.696710       0.704092
             16         34.821         67.824       0.660760       0.704092
             17         19.908         74.345       0.788779       0.704092
             18         42.061         71.904       0.630934       0.704092
             19         25.443         72.452       0.740097       0.704092
             20         28.514         75.278       0.725279       0.704092
             21         32.425         69.569       0.682093       0.704092
             22         32.762         80.652       0.711128       0.704092
             23         31.937         56.043       0.636996       0.704092
             24         35.040         60.194       0.632066       0.704092
             25         24.976         66.756       0.727729       0.704092
             26         36.317         60.911       0.626473       0.704092
             27         31.588         81.162       0.719841       0.704092
             28         30.585         55.411       0.644342       0.704092
             29         26.036         71.490       0.733037       0.704092
             30         21.530         74.471       0.775728       0.704092
             31         29.602         86.794       0.745678       0.704092
             32         45.910         69.882       0.603511       0.704092
             33         38.033         62.918       0.623252       0.704092
             34         28.251         76.078       0.729213       0.704092
             35         20.343         78.894       0.795004       0.798919
             36         21.565         83.460       0.794671       0.798919
             37         23.364         76.813       0.766776       0.798919
             38         15.103         78.462       0.838579       0.798919
             39         18.535         79.728       0.811370       0.798919
             40          7.969         87.119       0.916192       0.798919
             41         18.208         74.531       0.803663       0.798919
             42         15.970         70.264       0.814809       0.798919
             43         18.284         64.845       0.780057       0.798919
             44         16.007         67.739       0.808863       0.798919
             45         19.734         88.841       0.818246       0.798919
             46         24.010         77.342       0.763106       0.798919
             47         17.710         81.580       0.821633       0.798919
             48         14.248         86.006       0.857882       0.798919
             49         15.265         83.351       0.845208       0.798919
             50         22.120         69.718       0.759140       0.798919
             51         25.123         68.407       0.731390       0.798919
             52         18.025         92.009       0.836189       0.798919
             53         22.689         72.903       0.762647       0.798919
             54         18.204         89.597       0.831135       0.798919
             55         27.959         86.397       0.755513       0.798919
             56         22.438         67.813       0.751383       0.704092
             57         26.345         77.144       0.745433       0.704092
             58         33.498         83.767       0.714341       0.704092
             59         23.762         53.483       0.692379       0.704092
             60         18.311         71.742       0.796661       0.704092
             61         31.763         53.907       0.629238       0.704092
             62         26.584         62.580       0.701858       0.704092
             63         36.684         76.796       0.676734       0.704092
             64         22.692         61.650       0.730950       0.704092
             65         28.593         79.321       0.735037       0.704092
             66         29.037         66.033       0.694575       0.704092
             67         29.479         75.150       0.718253       0.704092
             68         30.708         59.614       0.660012       0.704092
             69         22.695         56.819       0.714580       0.704092
             70         25.761         74.995       0.744320       0.704092
             71         30.697         62.027       0.668947       0.704092
             72         27.783         67.829       0.709421       0.704092
             73         40.960         63.387       0.607465       0.704092
             74         26.974         66.695       0.712030       0.704092
             75         32.177         55.754       0.634065       0.704092
             76         29.666         60.574       0.671255       0.704092
             77         36.833         84.974       0.697612       0.704092
             78         34.012         71.912       0.678898       0.704092
             79         21.192         71.551       0.771498       0.704092
             80         29.446         60.396       0.672251       0.704092
             81         24.229         78.580       0.764328       0.704092
             82         24.884         75.222       0.751426       0.704092
             83         22.747         76.335       0.770420       0.704092
             84         33.054         67.853       0.672430       0.704092
             85         33.723         74.956       0.689702       0.704092
             86         27.772         53.757       0.659358       0.704092
             87         25.677         65.054       0.716996       0.704092
             88         22.054         60.091       0.731521       0.704092
             89         33.173         73.921       0.690246       0.704092
             90         33.298         77.740       0.700119       0.704092
             91         36.352         75.438       0.674818       0.704092
             92         40.139         66.340       0.623035       0.704092
             93         32.657         82.122       0.715480       0.704092
             94         28.203         74.187       0.724552       0.704092
             95         25.628         59.382       0.698526       0.704092
             96         18.399         82.907       0.818386       0.704092
             97         23.646         64.301       0.731132       0.704092
             98         30.193         72.077       0.704771       0.704092
             99         32.962         71.391       0.684129       0.704092
            100         21.156         77.971       0.786574       0.704092
            101         26.981         69.434       0.720161       0.704092
            102         29.669         75.240       0.717194       0.704092
            103         43.654         64.297       0.595613       0.704092
            104         31.732         67.288       0.679541       0.704092
            105         27.551         66.724       0.707761       0.704092
            106         37.534         62.550       0.624971       0.704092
            107         34.714         74.586       0.682396       0.704092
            108         27.371         80.983       0.747393       0.704092
            109         20.224         67.879       0.770447       0.798919
            110         15.596         70.261       0.818352       0.798919
            111         23.495         68.167       0.743682       0.798919
            112         17.002         81.613       0.827591       0.798919
            113         17.407         88.764       0.836045       0.798919
            114         27.072         77.986       0.742316       0.798919
            115         23.983         85.432       0.780808       0.798919
            116         18.259         89.270       0.830194       0.798919
            117         15.994         71.127       0.816415       0.798919
            118         39.749         91.243       0.696552       0.704092
            119         25.654         73.413       0.741045       0.704092
            120         37.784         76.497       0.669378       0.704092
            121         27.552         62.152       0.692856       0.704092
            122         28.649         73.498       0.719534       0.704092
            123         38.785         71.626       0.648724       0.704092
            124         19.566         71.035       0.784039       0.704092
            125         23.143         68.883       0.748514       0.704092
            126         30.611         67.640       0.688440       0.704092
            127         34.918         64.917       0.650239       0.704092
            128         33.851         65.878       0.660573       0.704092
            129         29.820         68.451       0.696555       0.704092
            130         29.008         65.924       0.694434       0.704092
            131         36.654         58.775       0.615901       0.704092
            132         30.029         69.306       0.697700       0.704092
            133         27.751         54.685       0.663362       0.704092
            134         32.290         72.332       0.691364       0.704092
            135         32.386         80.850       0.713996       0.704092
            136         44.026         61.332       0.582131       0.704092
            137         36.714         83.107       0.693591       0.704092
            138         31.134         56.583       0.645063       0.704092
            139         37.223         65.516       0.637695       0.704092
            140         36.082         62.145       0.632666       0.704092
            141         26.106         61.369       0.701557       0.704092
            142         38.411         75.116       0.661654       0.704092
            143         25.284         78.482       0.756338       0.704092
            144         34.688         72.199       0.675472       0.704092
            145         24.340         62.843       0.720815       0.704092
            146         35.222         62.905       0.641055       0.704092
            147         32.279         73.206       0.693991       0.704092
            148         27.703         65.176       0.701726       0.704092
            149         36.909         78.111       0.679106       0.704092
            150         28.894         67.916       0.701539       0.704092
            151         25.106         76.350       0.752541       0.704092
            152         22.868         68.918       0.750857       0.704092
            153         21.791         64.113       0.746332       0.704092
            154         26.729         63.263       0.702984       0.704092
            155         16.889         78.511       0.822966       0.798919
            156         19.815         93.301       0.824828       0.798919
            157         25.181         89.480       0.780390       0.798919
            158         18.572         75.167       0.801877       0.798919
            159         20.493         59.724       0.744530       0.798919
            160         26.131         83.295       0.761200       0.798919
            161         19.890         64.969       0.765610       0.798919
            162         17.136         72.921       0.809722       0.798919
            163         22.091         84.313       0.792387       0.798919
            164         21.983         90.512       0.804585       0.798919
            165         21.911         87.755       0.800203       0.798919
            166         13.611         69.098       0.835434       0.798919
            167         24.295         72.034       0.747788       0.798919
            168         12.089         66.996       0.847138       0.798919
            169         25.238         87.719       0.776571       0.798919
            170         18.302         71.990       0.797301       0.798919
            171         10.380         66.621       0.865195       0.798919
            172         22.629         68.850       0.752629       0.798919
            173         22.957        105.437       0.821202       0.798919
            174         17.283         71.363       0.805034       0.798919
            175         11.122         83.363       0.882293       0.798919
            176         22.326         85.318       0.792594       0.798919
            177         14.838         74.878       0.834615       0.798919
            178         16.492         82.332       0.833117       0.798919
            179         24.756         88.561       0.781531       0.798919
            180         19.551         74.217       0.791498       0.798919
            181         20.212         86.029       0.809752       0.798919
            182         18.365         94.399       0.837134       0.798919
            183         26.886         71.814       0.727599       0.798919
            184         19.706         78.627       0.799595       0.798919
            185         22.696         78.847       0.776486       0.798919
            186         30.510         86.167       0.738507       0.798919
            187         27.688         91.591       0.767870       0.798919
            188         15.740         80.452       0.836373       0.798919
            189         11.515         89.429       0.885924       0.798919
            190         20.394         73.769       0.783421       0.798919
            191         18.269         82.333       0.818403       0.798919
            192         19.213         81.643       0.809505       0.798919
            193         22.702         87.004       0.793066       0.798919
            194          7.728         89.424       0.920454       0.798919
            195         22.566         92.703       0.804229       0.798919
            196         22.771         98.850       0.812769       0.798919
            197         29.939         78.194       0.723132       0.798919
            198         18.464         92.935       0.834250       0.798919
            199         12.759         69.747       0.845352       0.798919
            200         17.718         69.674       0.797259       0.798919
            201         19.745         90.628       0.821109       0.798919
            202         19.504         75.347       0.794370       0.798919
            203         21.831         83.694       0.793122       0.798919
            204         12.277         80.553       0.867750       0.798919
            205         13.725         67.804       0.831651       0.798919
            206         18.435         68.345       0.787567       0.798919
            207         20.949         85.041       0.802353       0.798919
            208         19.089         75.490       0.798168       0.798919
            209         23.396         72.762       0.756690       0.798919
            210         22.838         82.165       0.782499       0.798919
            211         20.514         52.928       0.720675       0.798919
            212         15.784         99.264       0.862804       0.798919
            213         17.490         81.094       0.822591       0.798919
            214         25.743         81.568       0.760108       0.798919
            215         29.718         74.374       0.714505       0.798919
            216         22.080         87.920       0.799269       0.798919
            217         11.676         79.560       0.872021       0.798919
            218         20.858         72.810       0.777317       0.798919
            219         23.341         83.757       0.782061       0.798919
            220         18.177         78.081       0.811167       0.798919
            221         10.687         86.038       0.889513       0.798919
            222         19.762         90.374       0.820565       0.798919
            223         23.474         94.364       0.800792       0.798919
            224         27.155         79.546       0.745504       0.798919
            225         14.757         85.524       0.852847       0.798919
            226         21.618         77.710       0.782354       0.798919
            227         21.351         71.578       0.770242       0.798919
            228         26.267         93.276       0.780271       0.798919
            229         17.422         83.848       0.827961       0.798919
            230         25.896         77.965       0.750669       0.798919
            231         14.782         63.940       0.812231       0.798919
            232         17.906         73.864       0.804881       0.798919
            233         16.758         93.929       0.848599       0.798919
            234         22.783         79.092       0.776361       0.798919
            235         22.206         69.022       0.756588       0.798919
            236         22.682         81.561       0.782411       0.798919
            237         18.023         81.496       0.818898       0.798919
            238         18.960         82.959       0.813968       0.798919
            239         26.452        100.368       0.791420       0.798919
            240         15.510         86.534       0.848006       0.798919
            241         19.822         71.235       0.782308       0.798919
            242         21.588         77.926       0.783064       0.798919
            243         32.173         83.286       0.721348       0.798919
            244         18.109         96.844       0.842463       0.798919
            245         23.976         74.375       0.756218       0.798919
            246         26.305         70.888       0.729355       0.798919
            247         29.497         85.916       0.744419       0.798919
            248         23.562         80.656       0.773916       0.798919
            249         23.143         74.299       0.762494       0.798919
            250         35.766         64.930       0.644815       0.704092
            251         30.420         78.167       0.719856       0.704092
            252         25.770         70.904       0.733435       0.704092
            253         31.696         60.874       0.657598       0.704092
            254         38.178         83.364       0.685884       0.704092
            255         27.448         72.058       0.724155       0.704092
            256         26.442         70.862       0.728256       0.704092
            257         34.751         56.328       0.618452       0.704092
            258         35.099         76.993       0.686871       0.704092
            259         23.131         72.757       0.758768       0.704092
            260         30.142         72.752       0.707058       0.704092
            261         33.353         75.717       0.694202       0.704092
            262         29.733         59.411       0.666460       0.704092
            263         31.245         75.892       0.708364       0.704092
            264         30.061         76.854       0.718829       0.704092
            265         31.741         67.934       0.681552       0.704092
            266         27.737         80.924       0.744736       0.704092
            267         32.121         86.452       0.729104       0.704092
            268         27.078         76.368       0.738240       0.704092
            269         29.888         70.647       0.702711       0.704092
            270         35.746         73.182       0.671840       0.704092
            271         35.924         63.759       0.639620       0.704092
            272         18.433         77.430       0.807719       0.704092
            273         32.900         74.931       0.694891       0.704092
            274         24.575         86.074       0.777903       0.704092
            275         35.671         66.748       0.651714       0.704092
            276         29.655         73.966       0.713814       0.704092
            277         24.514         67.003       0.732135       0.704092
            278         31.417         77.532       0.711633       0.704092
            279         45.674         67.758       0.597341       0.704092
            280         30.987         69.657       0.692109       0.704092
            281         25.881         71.746       0.734900       0.704092
            282         34.350         59.601       0.634384       0.704092
            283         31.480         50.357       0.615333       0.704092
            284         41.421         76.708       0.649359       0.704092
            285         17.980         82.376       0.820837       0.704092
            286         34.387         69.887       0.670221       0.704092
            287         27.510         84.864       0.755192       0.704092
            288         27.410         65.672       0.705529       0.704092
            289         16.712         68.117       0.802993       0.704092
            290         26.772         71.202       0.726743       0.704092
            291         39.558         83.283       0.677976       0.704092
            292         30.481         62.291       0.671440       0.704092
            293         31.879         57.244       0.642305       0.704092
            294         17.288         70.160       0.802301       0.704092
            295         30.328         74.695       0.711226       0.704092
            296         34.266         72.411       0.678788       0.704092
            297         28.939         78.464       0.730559       0.704092
            298         25.240         82.660       0.766079       0.704092
            299         30.074         77.938       0.721566       0.704092
            300         33.107         73.648       0.689880       0.704092
            301         29.107         62.049       0.680691       0.704092
            302         19.957         76.203       0.792456       0.704092
            303         25.258         96.292       0.792199       0.704092
            304         30.989         66.863       0.683305       0.704092
            305         38.196         62.614       0.621113       0.704092
            306         28.238         65.322       0.698185       0.704092
            307         33.141         75.778       0.695725       0.704092
            308         26.100         76.990       0.746822       0.704092
            309         18.267         70.719       0.794722       0.704092
            310         24.609         68.546       0.735829       0.704092
            311         43.566         82.672       0.654891       0.704092
            312         23.000         62.068       0.729625       0.704092
            313         39.683         63.187       0.614240       0.704092
            314         37.135         67.533       0.645213       0.704092
            315         22.669         63.248       0.736157       0.704092
            316         26.344         62.446       0.703299       0.704092
            317         21.836         74.938       0.774360       0.704092
            318         35.220         85.317       0.707810       0.704092
            319         29.055         65.823       0.693763       0.704092
            320         33.958         74.383       0.686566       0.704092
            321         35.827         84.801       0.702992       0.704092
            322         42.577         77.254       0.644691       0.704092
            323         30.648         76.045       0.712747       0.704092
            324         36.681         69.679       0.655123       0.704092
            325         25.372         63.947       0.715940       0.704092
            326         30.126         83.996       0.736018       0.704092
            327         26.793         69.852       0.722768       0.704092
            328         24.128         68.439       0.739341       0.704092
            329         29.859         80.623       0.729737       0.704092
            330         28.401         73.689       0.721802       0.704092
            331         36.232         68.547       0.654205       0.704092
            332         30.707         73.860       0.706342       0.704092
            333         29.130         58.987       0.669419       0.704092
            334         32.265         57.390       0.640116       0.704092
            335         29.480         69.878       0.703298       0.704092
            336         21.997         76.352       0.776341       0.704092
            337         32.496         72.445       0.690338       0.704092
            338         36.394         75.500       0.674747       0.704092
            339         35.580         67.575       0.655083       0.704092
            340         22.983         67.238       0.745263       0.704092
            341         35.044         83.922       0.705428       0.704092
            342         30.836         76.874       0.713713       0.704092
            343         28.450         78.066       0.732907       0.704092
            344         27.507         58.799       0.681289       0.704092
            345         31.481         65.852       0.676561       0.704092
            346         22.244         66.758       0.750070       0.704092
            347         25.776         64.461       0.714350       0.704092
            348         26.977         75.508       0.736771       0.704092
            349         36.908         71.462       0.659426       0.704092
            350         33.149         65.721       0.664719       0.704092
            351         32.558         67.552       0.674780       0.704092
            352         19.771         60.741       0.754434       0.704092
            353         22.271         62.152       0.736200       0.704092
            354         34.738         70.271       0.669193       0.704092
            355         26.892         61.736       0.696571       0.704092
            356         32.863         68.306       0.675171       0.704092
            357         25.556         68.140       0.727247       0.704092
            358         29.904         73.931       0.712006       0.704092
            359         24.430         67.415       0.734004       0.704092
            360         23.439         62.780       0.728141       0.704092
            361         20.080         74.273       0.787181       0.798919
            362         26.999         82.245       0.752853       0.798919
            363         21.606         85.566       0.798398       0.798919
            364         20.510         76.750       0.789126       0.798919
            365         23.640         82.194       0.776635       0.798919
            366         16.383         76.134       0.822916       0.798919
            367         15.150         83.865       0.846990       0.798919
            368         13.468         73.091       0.844407       0.798919
            369         13.466         60.716       0.818469       0.798919
            370         17.311         85.708       0.831966       0.798919
            371         12.824         72.027       0.848861       0.798919
            372         25.747         77.714       0.751144       0.798919
            373         22.608         83.604       0.787146       0.798919
            374         18.128         71.278       0.797239       0.798919
            375         23.864         71.023       0.748497       0.798919
            376         15.822         62.074       0.796882       0.798919
            377         22.831         81.084       0.780292       0.798919
            378         11.663         93.230       0.888814       0.798919
            379         18.680         79.580       0.809893       0.798919
            380         19.394         67.271       0.776217       0.798919
            381         16.396         86.529       0.840698       0.798919
            382         19.296         76.404       0.798373       0.798919
            383         22.805         75.897       0.768950       0.798919
            384         20.418         76.460       0.789243       0.798919
            385         13.970         75.664       0.844143       0.798919
            386         30.273         71.634       0.702937       0.798919
            387         21.161         76.104       0.782436       0.798919
            388         16.093         82.297       0.836441       0.798919
            389         26.080         86.663       0.768677       0.798919
            390         23.743         67.992       0.741182       0.798919
            391         11.041         83.254       0.882908       0.798919
            392         14.560         75.710       0.838710       0.798919
            393         24.875         68.892       0.734717       0.798919
            394         18.857         77.935       0.805184       0.798919
            395         17.111         95.369       0.847874       0.798919
            396         22.484         85.535       0.791849       0.798919
            397         17.542        102.777       0.854205       0.798919
            398         12.208         58.092       0.826344       0.798919
            399         19.411         84.712       0.813579       0.798919
            400         23.032         86.103       0.788956       0.798919
            401         19.603         79.718       0.802628       0.798919
            402         19.306         78.541       0.802690       0.798919
            403         18.084         82.554       0.820305       0.798919
            404         19.522         67.064       0.774537       0.798919
            405         19.638         89.980       0.820848       0.798919
            406         27.705         79.859       0.742431       0.798919
            407         24.546         70.615       0.742061       0.798919
            408         23.078         75.031       0.764769       0.798919
            409         23.778         91.212       0.793217       0.798919
            410         20.281         76.494       0.790428       0.798919
            411         15.662         74.171       0.825656       0.798919
            412         25.683         90.555       0.779046       0.798919
            413         19.657         79.943       0.802641       0.798919
            414         30.160         64.561       0.681592       0.798919
            415         22.605         80.965       0.781743       0.798919
            416         20.835         70.532       0.771968       0.798919
            417         19.103         82.408       0.811811       0.798919
            418         23.076         89.749       0.795472       0.798919
            419         18.303         69.548       0.791662       0.798919
            420         15.190         87.270       0.851750       0.798919
            421         16.331         85.299       0.839309       0.798919
            422         27.228         81.948       0.750605       0.798919
            423         15.283         93.718       0.859790       0.798919
            424         26.375         82.155       0.756979       0.798919
            425         18.146         79.166       0.813532       0.798919
            426         16.475         61.264       0.788077       0.798919
            427         13.827         63.511       0.821217       0.798919
            428         17.497         82.566       0.825141       0.798919
            429         23.587         92.222       0.796325       0.798919
            430         22.043         97.821       0.816099       0.798919
            431         16.965         77.323       0.820073       0.798919
            432         23.980         80.733       0.770991       0.798919
            433         22.833         92.201       0.801510       0.798919
            434         20.995         62.991       0.750018       0.798919
            435         22.960         75.520       0.766855       0.798919
            436         16.312         78.525       0.828003       0.798919
            437         20.272         91.633       0.818843       0.798919
            438         24.008         65.071       0.730487       0.798919
            439         21.840         95.762       0.814291       0.798919
            440         15.799         93.938       0.856029       0.798919
            441         15.555         62.503       0.800721       0.798919
            442         22.996         88.078       0.792964       0.798919
            443         25.017         71.269       0.740180       0.798919
            444         17.336         97.143       0.848567       0.798919
            445         15.706         81.524       0.838466       0.798919
            446         12.604         82.300       0.867191       0.798919
            447         21.710         78.403       0.783147       0.798919
            448         25.378         89.621       0.779322       0.798919
            449         22.010         87.170       0.798405       0.798919
            450         22.212         85.110       0.793038       0.798919
            451         14.873         92.295       0.861220       0.798919
            452         20.116         92.602       0.821541       0.798919
            453         19.641         84.136       0.810736       0.798919
            454         38.078         71.885       0.653722       0.704092
            455         24.339         72.741       0.749286       0.704092
            456         23.769         86.304       0.784063       0.704092
            457         34.749         76.450       0.687507       0.704092
            458         35.062         59.660       0.629843       0.704092
            459         28.155         75.148       0.727455       0.704092
            460         26.692         70.441       0.725201       0.704092
            461         22.959         72.163       0.758637       0.704092
            462         37.132         73.755       0.665140       0.704092
            463         27.649         67.528       0.709502       0.704092
            464         29.613         55.870       0.653579       0.704092
            465         35.851         72.227       0.668285       0.704092
            466         28.242         73.320       0.721919       0.704092
            467         25.556         63.666       0.713565       0.704092
            468         23.730         66.264       0.736320       0.704092
            469         25.030         61.931       0.712167       0.704092
            470         25.778         68.145       0.725543       0.704092
            471         28.913         65.517       0.693817       0.704092
            472         36.554         56.730       0.608142       0.704092
            473         37.370         69.721       0.651042       0.704092
            474         25.625         66.117       0.720682       0.704092
            475         36.915         57.139       0.607511       0.704092
            476         27.400         78.548       0.741383       0.704092
            477         35.937         69.656       0.659664       0.704092
            478         28.152         76.657       0.731394       0.704092
            479         26.764         65.246       0.709117       0.704092
            480         33.455         70.880       0.679350       0.704092
            481         27.248         71.902       0.725184       0.704092
            482         36.011         65.219       0.644269       0.704092
            483         29.203         67.291       0.697362       0.704092
            484         30.568         68.974       0.692913       0.704092
            485         30.524         71.963       0.702169       0.704092
            486         22.395         66.128       0.747011       0.704092
            487         20.331         64.183       0.759437       0.704092
            488         22.403         67.622       0.751149       0.704092
            489         43.040         61.705       0.589099       0.704092
            490         29.123         78.860       0.730298       0.704092
            491         32.781         68.694       0.676956       0.704092
            492         31.093         79.283       0.718303       0.704092
            493         22.275         70.989       0.761161       0.704092
            494         25.590         62.759       0.710354       0.704092
            495         29.245         63.422       0.684403       0.704092
            496         25.256         59.295       0.701288       0.704092
            497         38.566         64.183       0.624658       0.704092
            498         29.906         68.026       0.694627       0.704092
            499         28.476         67.971       0.704747       0.704092
            500         29.484         79.885       0.730418       0.704092
            501         30.471         81.858       0.728734       0.704092
            502         36.928         55.812       0.601808       0.704092
            503         33.331         73.626       0.688368       0.704092
            504         18.417         71.655       0.795530       0.704092
            505         24.081         49.566       0.673023       0.704092
            506         26.993         65.988       0.709691       0.704092
            507         24.969         61.618       0.711631       0.704092
            508         21.911         56.200       0.719488       0.704092
            509         39.805         60.641       0.603721       0.704092
            510         29.287         67.884       0.698600       0.704092
            511         35.582         83.734       0.701784       0.704092
            512         23.949         79.981       0.769564       0.704092
            513         28.054         77.800       0.734972       0.704092
            514         20.321         80.930       0.799305       0.704092
            515         43.231         61.741       0.588167       0.704092
            516         29.149         64.812       0.689775       0.704092
            517         35.431         85.766       0.707658       0.704092
            518         33.873         53.879       0.613992       0.704092
            519         38.585         68.953       0.641197       0.704092
            520         21.834         73.601       0.771220       0.704092
            521         22.048         57.667       0.723415       0.704092
            522         27.096         73.954       0.731853       0.704092
            523         23.289         74.060       0.760769       0.704092
            524         29.488         80.119       0.730964       0.704092
            525         32.662         79.787       0.709536       0.704092
            526         32.719         82.647       0.716391       0.704092
            527         32.286         85.052       0.724846       0.704092
            528         21.276         72.053       0.772033       0.704092
            529         32.604         57.180       0.636863       0.704092
            530         36.669         78.382       0.681282       0.704092
            531         23.140         73.329       0.760133       0.704092
            532         36.940         82.964       0.691922       0.704092
            533         36.732         79.875       0.684994       0.704092
            534         28.802         59.925       0.675385       0.704092
            535         24.953         67.927       0.731339       0.704092
            536         23.784         55.241       0.699027       0.704092
            537         26.618         74.919       0.737847       0.704092
            538         33.859         70.967       0.676998       0.704092
            539         22.188         77.882       0.778276       0.704092
            540         34.577         80.807       0.700330       0.704092
            541         41.158         47.665       0.536632       0.704092
            542         31.933         89.516       0.737063       0.704092
            543         34.648         77.228       0.690303       0.704092
            544         33.662         64.426       0.656818       0.704092
            545         20.093         88.923       0.815687       0.704092
            546         28.291         64.890       0.696387       0.704092
            547         28.408         64.214       0.693294       0.704092
            548         33.582         72.104       0.682245       0.704092
            549         36.720         68.928       0.652430       0.704092
            550         25.721         80.380       0.757581       0.704092
            551         24.896         66.996       0.729073       0.704092
            552         35.488         72.948       0.672731       0.704092
            553         23.523         77.651       0.767503       0.704092
            554         23.309         69.912       0.749958       0.704092
            555         24.150         63.300       0.723843       0.704092
            556         32.747         78.364       0.705275       0.704092
            557         25.781         62.759       0.708819       0.704092
            558         26.311         59.259       0.692522       0.704092
            559         25.967         88.882       0.773905       0.704092
            560         36.093         70.085       0.660069       0.704092
            561         33.377         66.076       0.664396       0.704092
            562         31.232         73.163       0.700830       0.704092
            563         38.212         80.292       0.677545       0.704092
            564         20.616         56.440       0.732457       0.704092
            565         43.307         69.644       0.616583       0.704092
            566         27.561         69.229       0.715251       0.704092
            567         35.076         86.059       0.710439       0.704092
            568         26.540         67.118       0.716624       0.704092
            569         34.053         62.414       0.646999       0.704092
            570         30.844         85.364       0.734581       0.704092
            571         33.506         83.528       0.713706       0.704092
            572         25.912         70.801       0.732069       0.704092
            573         33.980         79.363       0.700202       0.704092
            574         31.281         90.333       0.742785       0.704092
            575         21.233         67.599       0.760971       0.704092
            576         26.097         70.548       0.729974       0.704092
            577         31.052         67.511       0.684951       0.704092
            578         36.268         80.308       0.688891       0.704092
            579         33.257         64.584       0.660089       0.704092
            580         30.820         61.305       0.665457       0.704092
            581         31.960         77.604       0.708299       0.704092
            582         28.946         77.932       0.729172       0.704092
            583         33.632         74.696       0.689538       0.704092
            584         27.611         76.513       0.734823       0.704092
            585         25.881         67.605       0.723156       0.704092
            586         28.259         69.283       0.710290       0.704092
            587         31.419         67.764       0.683224       0.704092
            588         23.704         62.593       0.725325       0.704092
            589         32.969         75.252       0.695357       0.704092
            590         22.092         61.793       0.736640       0.704092
            591         29.570         63.706       0.682980       0.704092
            592         27.273         61.638       0.693256       0.704092
            593         26.617         42.296       0.613756       0.704092
            594         21.482         77.941       0.783935       0.704092
            595         31.250         70.530       0.692967       0.704092
            596         27.386         74.765       0.731910       0.704092
            597         31.168         68.773       0.688139       0.704092
            598         45.891         60.893       0.570245       0.704092
            599         24.330         63.615       0.723354       0.704092
            600         39.558         75.584       0.656444       0.704092
            601         23.951         62.818       0.723971       0.704092
            602         25.490         70.025       0.733133       0.704092
            603         35.822         83.204       0.699038       0.704092
            604         32.983         71.156       0.683278       0.704092
            605         28.976         62.500       0.683237       0.704092
            606         23.568         92.663       0.797233       0.704092
            607         35.382         83.336       0.701965       0.704092
            608         35.747         62.220       0.635114       0.704092
            609         29.727         68.196       0.696422       0.704092
            610         24.938         75.316       0.751254       0.704092
            611         34.210         65.134       0.655640       0.704092
            612         33.079         72.572       0.686899       0.704092
            613         31.588         80.288       0.717653       0.704092
            614         36.650         70.947       0.659380       0.704092
            615         25.506         72.729       0.740360       0.704092
            616         22.432         65.654       0.745342       0.704092
            617         26.187         57.728       0.687937       0.704092
            618         26.147         67.364       0.720389       0.704092
            619         29.250         70.475       0.706692       0.704092
            620         25.207         70.156       0.735674       0.704092
            621         22.267         73.995       0.768685       0.704092
            622         13.139         70.641       0.843175       0.704092
            623         32.617         84.082       0.720506       0.704092
            624         40.207         75.674       0.653032       0.704092
            625         33.642         80.375       0.704941       0.704092
            626         25.869         63.041       0.709041       0.704092
            627         32.298         52.462       0.618951       0.704092
            628         34.245         66.981       0.661697       0.704092
            629         28.333         61.135       0.683312       0.704092
            630         23.138         75.212       0.764736       0.704092
            631         31.826         63.408       0.665814       0.704092
            632         29.475         61.963       0.677651       0.704092
            633         33.211         66.394       0.666572       0.704092
            634         35.928         80.349       0.691015       0.704092
            635         33.674         67.665       0.667709       0.704092
            636         29.297         62.484       0.680796       0.704092
            637         27.839         64.126       0.697286       0.704092
            638         16.795         55.985       0.769234       0.704092
            639         28.937         68.558       0.703195       0.704092
            640         29.599         71.170       0.706270       0.704092
            641         22.885         70.341       0.754520       0.704092
            642         27.040         66.670       0.711452       0.704092
            643         34.302         80.859       0.702137       0.704092
            644         26.868         59.233       0.687950       0.704092
            645         28.374         66.290       0.700268       0.704092
            646         21.385         72.253       0.771621       0.704092
            647         28.105         74.842       0.726992       0.704092
            648         28.585         78.111       0.732092       0.704092
            649         36.361         64.409       0.639167       0.704092
            650         19.669         72.051       0.785554       0.704092
            651         32.830         80.835       0.711170       0.704092
            652         25.509         65.449       0.719554       0.704092
            653         42.449         66.809       0.611476       0.704092
            654         28.505         72.735       0.718441       0.704092
            655         19.416         65.984       0.772650       0.704092
            656         34.290         61.904       0.643533       0.704092
            657         21.989         64.829       0.746722       0.704092
            658         20.572         73.032       0.780224       0.704092
            659         33.211         70.670       0.680299       0.704092
            660         28.923         68.966       0.704535       0.704092
            661         27.542         63.315       0.696862       0.704092
            662         37.914         78.443       0.674160       0.704092
            663         27.421         59.016       0.682767       0.704092
            664         35.157         73.976       0.677853       0.704092
            665         36.999         63.454       0.631677       0.704092
            666         34.139         69.459       0.670464       0.704092
            667         35.668         69.602       0.661177       0.704092
            668         36.995         82.628       0.690735       0.704092
            669         31.313         58.952       0.653100       0.704092
            670         27.482         75.760       0.733808       0.704092
            671         19.776         76.780       0.795183       0.704092
            672         24.252         58.439       0.706713       0.704092
            673         29.293         82.754       0.738568       0.704092
            674         28.717         68.142       0.703516       0.704092
            675         22.460         68.129       0.752072       0.704092
            676         18.386         65.960       0.782019       0.704092
            677         32.145         72.272       0.692147       0.704092
            678         31.911         77.922       0.709459       0.704092
            679         19.063         62.748       0.766990       0.704092
            680         29.326         52.008       0.639433       0.704092
            681         25.729         84.005       0.765535       0.704092
            682         23.795         71.501       0.750302       0.704092
            683         20.751         83.772       0.801466       0.704092
            684         52.456         79.081       0.601206       0.704092
            685         30.334         67.305       0.689326       0.704092
            686         32.512         68.400       0.677818       0.704092
            687         26.542         65.640       0.712069       0.704092
            688         26.129         80.338       0.754581       0.798919
            689         21.471         85.390       0.799077       0.798919
            690         23.506         83.345       0.780012       0.798919
            691         18.912         80.105       0.808999       0.798919
            692         20.738         95.247       0.821202       0.798919
            693         20.367         73.385       0.782760       0.798919
            694         24.681         68.715       0.735735       0.798919
            695         21.927         88.315       0.801099       0.798919
            696         22.083         95.761       0.812606       0.798919
            697         28.669         69.418       0.707721       0.798919
            698         25.132         72.246       0.741912       0.798919
            699         19.872         79.863       0.800752       0.798919
            700         26.087         91.230       0.777640       0.798919
            701         19.942         65.395       0.766318       0.798919
            702         16.273         72.309       0.816290       0.798919
            703         21.989         76.115       0.775859       0.798919
            704         25.742         65.904       0.719118       0.704092
            705         31.678         67.873       0.681789       0.704092
            706         27.935         71.698       0.719619       0.704092
            707         33.172         76.876       0.698568       0.704092
            708         33.975         65.878       0.659748       0.704092
            709         35.045         55.219       0.611752       0.704092
            710         35.003         75.626       0.683599       0.704092
            711         29.184         75.541       0.721326       0.704092
            712         25.690         75.074       0.745052       0.704092
            713         30.448         69.773       0.696194       0.704092
            714         27.940         62.927       0.692517       0.704092
            715         33.484         71.413       0.680791       0.704092
            716         29.244         70.801       0.707692       0.704092
            717         35.657         65.903       0.648904       0.704092
            718         27.897         71.679       0.719845       0.704092
            719         34.062         87.210       0.719126       0.704092
            720         31.014         69.847       0.692506       0.704092
            721         27.819         65.035       0.700398       0.704092
            722         25.080         67.698       0.729674       0.704092
            723         21.426         79.063       0.786786       0.704092
            724         40.693         67.244       0.622997       0.704092
            725         24.546         73.331       0.749216       0.704092
            726         32.024         82.582       0.720573       0.704092
            727         22.537         96.185       0.810173       0.798919
            728         24.985         68.079       0.731525       0.798919
            729         27.812         80.969       0.744328       0.798919
            730         17.836         83.864       0.824624       0.798919
            731         19.172         79.211       0.805127       0.798919
            732         15.428         73.516       0.826541       0.798919
            733         20.071         83.950       0.807049       0.798919
            734         20.845         87.482       0.807573       0.798919
            735         11.255         88.805       0.887514       0.798919
            736         15.036         84.883       0.849519       0.798919
            737         14.683         64.978       0.815682       0.798919
            738         20.715         81.748       0.797832       0.798919
            739         23.489         77.681       0.767823       0.798919
            740         21.497         90.565       0.808167       0.798919
            741         15.916         83.159       0.839357       0.798919
            742         20.373         66.614       0.765791       0.798919
            743         21.314         62.195       0.744768       0.798919
            744         19.009         56.175       0.747165       0.798919
            745         18.862         77.082       0.803408       0.798919
            746         18.804         74.045       0.797475       0.798919
            747         24.359         91.247       0.789296       0.798919
            748         26.191         81.996       0.757909       0.798919
            749         21.243         84.385       0.798888       0.798919
            750         19.670         95.799       0.829649       0.798919
            751         28.079         90.777       0.763756       0.798919
            752         18.597        100.262       0.843535       0.798919
            753         18.740         90.581       0.828576       0.798919
            754         22.485         90.047       0.800191       0.798919
            755         27.776         80.125       0.742581       0.798919
            756         23.727         65.622       0.734443       0.798919
            757         20.286         66.293       0.765697       0.798919
            758         20.871         75.603       0.783662       0.798919
            759         22.107         86.906       0.797206       0.798919
            760         25.684         88.558       0.775181       0.798919
            761         22.919         81.000       0.779456       0.798919
            762         17.311         71.516       0.805114       0.798919
            763         15.142         79.209       0.839515       0.798919
            764         15.814         69.518       0.814673       0.798919
            765         14.331         89.018       0.861331       0.798919
            766         17.348         83.700       0.828316       0.798919
            767         17.160         85.811       0.833354       0.798919
            768         17.245         81.056       0.824573       0.798919
            769         27.592         85.522       0.756068       0.798919
            770         25.857         85.192       0.767154       0.798919
            771         21.241         83.656       0.797506       0.798919
            772         17.210         76.116       0.815594       0.798919
            773         22.730         79.023       0.776618       0.798919
            774         16.546         83.761       0.835047       0.798919
            775         10.025         64.745       0.865922       0.798919
            776         17.823         95.173       0.842270       0.798919
            777         24.376         84.740       0.776608       0.798919
            778         16.460         81.660       0.832247       0.798919
            779         18.081         76.272       0.808368       0.798919
            780         19.064         77.354       0.802278       0.798919
            781         25.401         84.115       0.768059       0.798919
            782         17.918         77.712       0.812631       0.798919
            783         21.689         78.139       0.782739       0.798919
            784         25.106         81.754       0.765057       0.798919
            785         13.580         80.282       0.855319       0.798919
            786         26.145         79.651       0.752874       0.798919
            787         18.180         72.611       0.799758       0.798919
            788         27.911         95.000       0.772915       0.798919
            789         34.082         59.605       0.636218       0.704092
            790         29.376         76.842       0.723433       0.704092
            791         28.004         60.335       0.682995       0.704092
            792         32.896         78.176       0.703834       0.704092
            793         30.549         67.784       0.689332       0.704092
            794         33.130         75.599       0.695300       0.704092
            795         26.633         63.846       0.705647       0.704092
            796         23.242         79.672       0.774158       0.704092
            797         36.505         82.530       0.693324       0.704092
            798         23.688         82.691       0.777326       0.704092
            799         32.265         71.021       0.687616       0.704092
            800         29.714         76.280       0.719662       0.704092
            801         16.242         47.304       0.744403       0.704092
            802         45.436         80.652       0.639648       0.704092
            803         32.109         64.322       0.667030       0.704092
            804         31.345         63.063       0.667980       0.704092
            805         34.532         73.003       0.678876       0.704092
            806         29.409         69.842       0.703691       0.704092
            807         37.078         77.176       0.675478       0.704092
            808         26.774         64.185       0.705648       0.704092
            809         31.240         73.242       0.701001       0.704092
            810         20.807         76.172       0.785451       0.704092
            811         24.745         58.707       0.703486       0.704092
            812         37.239         78.803       0.679089       0.704092
            813         25.427         77.166       0.752159       0.704092
            814         29.276         76.602       0.723496       0.704092
            815         34.948         81.016       0.698631       0.704092
            816         23.403         57.118       0.709355       0.704092
            817         39.667         58.297       0.595086       0.704092
            818         32.040         71.673       0.691073       0.704092
            819         38.618         58.449       0.602151       0.704092
            820         26.209         73.328       0.736688       0.704092
            821         30.709         82.339       0.728352       0.704092
            822         30.933         61.674       0.665978       0.704092
            823         26.404         75.618       0.741189       0.704092
            824         41.213         74.613       0.644184       0.704092
            825         28.528         70.448       0.711771       0.704092
            826         32.402         58.793       0.644694       0.704092
            827         30.580         70.986       0.698915       0.704092
            828         29.005         59.585       0.672595       0.704092
            829         34.279         68.542       0.666615       0.704092
            830         24.018         66.305       0.734087       0.704092
            831         21.083         63.979       0.752151       0.704092
            832         35.915         74.442       0.674554       0.704092
            833         40.456         74.267       0.647360       0.704092
            834         17.747         73.915       0.806383       0.704092
            835         27.579         76.558       0.735164       0.704092
            836         26.787         76.547       0.740771       0.704092
            837         28.676         68.285       0.704251       0.704092
            838         33.648         76.758       0.695235       0.704092
            839         22.628         68.602       0.751968       0.704092
            840         29.708         64.021       0.683042       0.704092
            841         27.804         67.382       0.707899       0.704092
            842         28.182         88.728       0.758943       0.704092
            843         25.640         52.264       0.670880       0.704092
            844         27.154         72.109       0.726441       0.704092
            845         37.844         73.165       0.659090       0.704092
            846         32.426         74.219       0.695947       0.704092
            847         37.195         71.938       0.659177       0.704092
            848         38.565         74.691       0.659486       0.704092
            849         24.698         67.238       0.731357       0.704092
            850         28.608         70.765       0.712114       0.704092
            851         20.760         60.516       0.744573       0.704092
            852         28.778         72.347       0.715425       0.704092
            853         35.274         64.420       0.646173       0.704092
            854         32.354         65.233       0.668461       0.704092
            855         27.245         74.129       0.731238       0.704092
            856         27.854         71.601       0.719930       0.704092
            857         26.726         73.295       0.732799       0.704092
            858         35.561         65.934       0.649626       0.704092
            859         33.290         72.469       0.685228       0.704092
            860         30.690         80.145       0.723106       0.704092
            861         32.374         68.081       0.677723       0.704092
            862         38.899         74.162       0.655948       0.704092
            863         25.499         62.490       0.710200       0.704092
            864         31.831         79.994       0.715347       0.704092
            865         29.538         80.137       0.730676       0.704092
            866         22.088         75.568       0.773819       0.704092
            867         32.259         76.874       0.704407       0.704092
            868         36.101         56.584       0.610501       0.704092
            869         39.061         61.852       0.612922       0.704092
            870         22.609         88.478       0.796477       0.704092
            871         27.347         68.445       0.714519       0.704092
            872         28.957         71.728       0.712399       0.704092
            873         32.167         78.308       0.708827       0.704092
            874         18.619         55.141       0.747575       0.704092
            875         25.682         76.264       0.748083       0.704092
            876         23.949         72.166       0.750832       0.704092
            877         36.364         61.205       0.627300       0.704092
            878         30.871         71.812       0.699357       0.704092
            879         29.752         68.938       0.698532       0.704092
            880         28.062         71.357       0.717740       0.704092
            881         26.868         68.618       0.718614       0.704092
            882         28.581         72.988       0.718602       0.704092
            883         25.741         72.366       0.737620       0.704092
            884         25.380         66.797       0.724660       0.704092
            885         26.869         67.170       0.714277       0.704092
            886         33.760         60.653       0.642421       0.704092
            887         32.764         67.603       0.673558       0.704092
            888         28.734         77.961       0.730687       0.704092
            889         28.293         69.231       0.709887       0.704092
            890         33.458         52.578       0.611114       0.704092
            891         28.218         84.481       0.749615       0.704092
            892         29.010         64.809       0.690789       0.704092
            893         27.091         63.483       0.700899       0.704092
            894         29.744         70.443       0.703116       0.704092
            895         40.786         64.762       0.613580       0.704092
            896         26.126         70.431       0.729426       0.704092
            897         27.096         79.434       0.745648       0.704092
            898         27.600         72.295       0.723709       0.704092
            899         20.505         66.053       0.763104       0.704092
            900         34.228         58.925       0.632558       0.704092
            901         38.403         68.730       0.641540       0.704092
            902         32.604         82.673       0.717166       0.704092
            903         30.067         71.722       0.704616       0.704092
            904         37.445         86.903       0.698867       0.704092
            905         27.612         68.553       0.712866       0.704092
            906         14.427         83.059       0.852005       0.798919
            907         21.228         75.225       0.779916       0.798919
            908         15.889         91.569       0.852137       0.798919
            909         17.038         64.673       0.791487       0.798919
            910         24.119         80.854       0.770240       0.798919
            911         20.399        100.213       0.830873       0.798919
            912         23.418         73.520       0.758424       0.798919
            913         20.089         83.070       0.805262       0.798919
            914         23.890         74.852       0.758053       0.798919
            915         22.795         78.914       0.775881       0.798919
            916         24.588         68.735       0.736532       0.798919
            917         16.897         87.149       0.837601       0.798919
            918         19.440         61.207       0.758951       0.798919
            919         28.251        100.482       0.780548       0.798919
            920         26.827         80.033       0.748954       0.798919
            921         25.749         86.502       0.770613       0.798919
            922         21.900         98.245       0.817724       0.798919
            923         20.376         84.046       0.804867       0.798919
            924         22.156         80.122       0.783371       0.798919
            925         16.378         77.078       0.824751       0.798919
            926         17.439         76.917       0.815181       0.798919
            927         19.736         76.250       0.794386       0.798919
            928         22.898         81.047       0.779715       0.798919
            929         17.714         86.007       0.829215       0.798919
            930         25.740         71.621       0.735624       0.798919
            931         22.329         75.573       0.771927       0.798919
            932         22.841         60.357       0.725463       0.798919
            933         14.286         74.041       0.838257       0.798919
            934         26.204         84.494       0.763285       0.798919
            935         21.868         88.289       0.801485       0.798919
            936         30.207         74.120       0.710457       0.798919
            937         12.517         91.901       0.880127       0.798919
            938         27.589         77.874       0.738406       0.798919
            939         15.947         83.999       0.840445       0.798919
            940         21.147         79.474       0.789834       0.798919
            941         22.712         93.540       0.804633       0.798919
            942         22.712         85.538       0.790193       0.798919
            943         24.273         84.646       0.777149       0.798919
            944         12.185         73.105       0.857140       0.798919
            945         19.283         87.872       0.820042       0.798919
            946         18.518         70.094       0.791024       0.798919
            947         12.511         70.086       0.848529       0.798919
            948         25.970         90.961       0.777901       0.798919
            949         12.694         74.692       0.854732       0.798919
            950         20.199         76.655       0.791452       0.798919
            951         20.791         86.497       0.806210       0.798919
            952         18.100         76.687       0.809048       0.798919
            953         22.667         79.623       0.778408       0.798919
            954         19.873         69.022       0.776442       0.798919
            955         24.195         94.139       0.795534       0.798919
            956         22.950         80.844       0.778890       0.798919
            957         19.696         91.663       0.823132       0.798919
            958         25.509         77.741       0.752938       0.798919
            959         24.831         71.809       0.743062       0.798919
            960         14.791         80.659       0.845042       0.798919
            961         18.323         75.024       0.803707       0.798919
            962         23.508         76.569       0.765098       0.798919
            963         24.750         70.343       0.739728       0.798919
            964         19.921         81.170       0.802940       0.798919
            965         16.241         73.965       0.819959       0.798919
            966         18.618         75.427       0.802027       0.798919
            967         20.277         90.983       0.817749       0.798919
            968         11.520         82.628       0.877639       0.798919
            969         22.388         76.410       0.773399       0.798919
            970         17.383         74.206       0.810210       0.798919
            971         13.104         77.984       0.856138       0.798919
            972         30.740         79.383       0.720858       0.798919
            973         13.990         85.851       0.859879       0.798919
            974         25.341         88.835       0.778055       0.798919
            975         21.989         86.290       0.796919       0.798919
            976         21.705         77.490       0.781187       0.798919
            977         16.215         75.641       0.823474       0.798919
            978         25.742         95.535       0.787745       0.798919
            979         18.588         89.149       0.827472       0.798919
            980         24.372         72.234       0.747715       0.798919
            981         18.414         90.285       0.830596       0.798919
            982         21.122         75.810       0.782093       0.798919
            983         14.684         69.196       0.824935       0.798919
            984         17.518         68.867       0.797206       0.798919
            985         15.383         82.842       0.843394       0.798919
            986         24.144         66.895       0.734795       0.704092
            987         25.631         68.855       0.728736       0.704092
            988         28.304         76.487       0.729898       0.704092
            989         35.075         70.429       0.667547       0.704092
            990         25.839         77.134       0.749071       0.704092
            991         23.477         61.807       0.724717       0.704092
            992         32.436         72.092       0.689689       0.704092
            993         35.653         72.362       0.669929       0.704092
            994         26.640         80.679       0.751767       0.704092
            995         30.834         64.751       0.677418       0.704092
            996         32.094         72.048       0.691822       0.704092
            997         30.005         75.846       0.716534       0.704092
            998         24.415         71.865       0.746414       0.704092
            999         19.684         59.066       0.750043       0.704092
           1000         29.970         72.080       0.706320       0.704092
