              1         31.561         67.444       0.681220       0.703784
              2         21.667         76.381       0.779014       0.703784
              3         29.518         60.675       0.672723       0.703784
              4         32.387         83.624       0.720828       0.703784
              5         31.418         65.657       0.676357       0.703784
              6         28.337         60.790       0.682058       0.703784
              7         36.929         67.149       0.645178       0.703784
              8         29.178         65.720       0.692532       0.703784
              9         29.498         71.290       0.707330       0.703784
             10         24.830         86.567       0.777103       0.703784
             11         23.711         75.819       0.761768       0.703784
             12         29.560         74.014       0.714599       0.703784
             13         27.621         82.937       0.750169       0.703784
             14         30.004         74.586       0.713127       0.703784
             15         27.120         74.757       0.733799       0.703784
             16         34.022         84.380       0.712659       0.703784
             17         33.183         80.286       0.707557       0.703784
             18         31.151         70.470       0.693458       0.703784
             19         20.820         61.324       0.746541       0.703784
             20         28.048         76.639       0.732080       0.703784
             21         37.801         73.196       0.659441       0.703784
             22         34.806         65.866       0.654261       0.703784
             23         36.718         73.452       0.666713       0.703784
             24         28.688         77.503       0.729845       0.703784
             25         18.863         79.417       0.808072       0.703784
             26         25.689         74.251       0.742957       0.703784
             27         36.349         73.070       0.667799       0.703784
             28         27.579         68.004       0.711462       0.703784
             29         29.177         79.061       0.730440       0.703784
             30         35.503         70.244       0.664269       0.703784
             31         31.127         67.713       0.685079       0.703784
             32         20.583         69.547       0.771627       0.703784
             33         28.342         74.858       0.725367       0.703784
             34         25.258         64.629       0.719005       0.703784
             35         43.742         87.880       0.667668       0.703784
             36         36.654         69.080       0.653340       0.703784
             37         36.605         80.568       0.687601       0.703784
             38         21.741         67.792       0.757174       0.703784
             39         36.610         68.665       0.652247       0.703784
             40         28.843         72.032       0.714076       0.703784
             41         29.981         78.489       0.723601       0.703784
             42         28.604         54.569       0.656091       0.703784
             43         30.473         84.306       0.734508       0.703784
             44         24.063         83.002       0.775248       0.703784
             45         31.852         65.923       0.674232       0.703784
             46         31.747         64.305       0.669483       0.703784
             47         34.407         64.389       0.651734       0.703784
             48         40.776         70.396       0.633216       0.703784
             49         35.551         72.294       0.670348       0.703784
             50         39.814         71.003       0.640721       0.703784
             51         31.226         56.242       0.643005       0.703784
             52         27.163         69.816       0.719912       0.703784
             53         23.994         63.576       0.726003       0.703784
             54         31.300         81.179       0.721729       0.703784
             55         25.305         79.311       0.758115       0.703784
             56         36.129         97.124       0.728869       0.703784
             57         36.135         80.520       0.690241       0.703784
             58         33.392         72.663       0.685147       0.703784
             59         23.361         61.560       0.724910       0.703784
             60         27.915         72.896       0.723094       0.703784
             61         37.402         65.610       0.636919       0.703784
             62         23.864         77.313       0.764136       0.703784
             63         21.786         49.688       0.695188       0.703784
             64         24.411         62.347       0.718633       0.703784
             65         30.339         73.174       0.706908       0.703784
             66         33.056         79.782       0.707049       0.703784
             67         25.697         76.672       0.748979       0.703784
             68         35.764         64.341       0.642732       0.703784
             69         23.929         70.107       0.745531       0.703784
             70         37.178         68.846       0.649344       0.703784
             71         36.403         77.231       0.679648       0.703784
             72         36.185         74.672       0.673586       0.703784
             73         23.156         79.966       0.775448       0.703784
             74         31.266         50.927       0.619603       0.703784
             75         33.219         81.777       0.711128       0.703784
             76         20.558         68.739       0.769775       0.703784
             77         25.770         74.614       0.743288       0.703784
             78         23.844         65.841       0.734137       0.703784
             79         35.801         67.719       0.654167       0.703784
             80         23.511         64.419       0.732619       0.703784
             81         37.025         69.767       0.653299       0.703784
             82         25.541         79.003       0.755694       0.703784
             83         20.039         71.192       0.780344       0.703784
             84         37.067         59.282       0.615285       0.703784
             85         26.652         68.601       0.720200       0.703784
             86         32.225         67.719       0.677570       0.703784
             87         33.650         69.874       0.674953       0.703784
             88         37.048         66.647       0.642722       0.703784
             89         27.483         58.262       0.679482       0.703784
             90         24.688         73.035       0.747367       0.703784
             91         18.157         76.583       0.808346       0.703784
             92         28.214         64.230       0.694802       0.703784
             93         30.136         81.860       0.730921       0.703784
             94         27.316         72.394       0.726048       0.703784
             95         33.912         63.255       0.650994       0.703784
             96         37.501         65.834       0.637094       0.703784
             97         20.993         60.008       0.740832       0.703784
             98         28.192         78.950       0.736873       0.703784
             99         32.007         69.162       0.683625       0.703784
            100         21.841         76.375       0.777625       0.703784
            101         25.272         69.205       0.732502       0.703784
            102         29.154         68.090       0.700199       0.703784
            103         30.176         70.612       0.700603       0.703784
            104         29.009         75.627       0.722761       0.703784
            105         24.861         62.840       0.716530       0.703784
            106         25.858         69.368       0.728459       0.703784
            107         32.354         90.255       0.736120       0.703784
            108         33.517         63.285       0.653759       0.703784
            109         23.028         71.162       0.755516       0.703784
            110         30.650         75.162       0.710332       0.703784
            111         33.118         77.706       0.701166       0.703784
            112         37.527         65.176       0.634603       0.703784
            113         30.973         69.963       0.693142       0.703784
            114         32.928         59.638       0.644279       0.703784
            115         23.451         73.595       0.758355       0.703784
            116         21.600         61.010       0.738529       0.703784
            117         24.539         68.818       0.737149       0.703784
            118         28.911         51.945       0.642439       0.703784
            119         27.179         69.672       0.719370       0.703784
            120         37.368         67.183       0.642587       0.703784
            121         34.293         75.626       0.688016       0.703784
            122         39.854         71.045       0.640627       0.703784
            123         24.071         69.959       0.744009       0.703784
            124         29.510         85.646       0.743741       0.703784
            125         32.183         75.298       0.700570       0.703784
            126         25.097         78.464       0.757658       0.703784
            127         27.298         69.402       0.717703       0.703784
            128         41.884         78.083       0.650869       0.703784
            129         24.387         85.493       0.778058       0.703784
            130         32.109         75.300       0.701060       0.703784
            131         23.679         63.297       0.727754       0.703784
            132         32.834         56.719       0.633361       0.703784
            133         26.893         84.008       0.757504       0.703784
            134         29.352         82.917       0.738559       0.703784
            135         26.258         72.420       0.733902       0.703784
            136         27.197         73.104       0.728846       0.703784
            137         29.164         78.253       0.728499       0.703784
            138         24.547         65.931       0.728694       0.703784
            139         34.193         74.207       0.684567       0.703784
            140         36.487         72.368       0.664812       0.703784
            141         28.410         73.069       0.720044       0.703784
            142         35.555         59.407       0.625589       0.703784
            143         33.086         72.509       0.686673       0.703784
            144         14.411         60.770       0.808322       0.703784
            145         23.963         74.477       0.756575       0.703784
            146         33.101         62.385       0.653341       0.703784
            147         28.179         86.110       0.753437       0.703784
            148         26.815         75.952       0.739068       0.703784
            149         29.656         47.725       0.616755       0.703784
            150         35.906         61.172       0.630133       0.703784
            151         28.632         67.637       0.702585       0.703784
            152         24.266         57.690       0.703916       0.703784
            153         36.979         65.218       0.638160       0.703784
            154         25.569         69.985       0.732418       0.703784
            155         30.540         73.652       0.706887       0.703784
            156         23.854         56.072       0.701552       0.703784
            157         41.486         72.279       0.635335       0.703784
            158         33.972         73.040       0.682542       0.703784
            159         19.459         68.311       0.778296       0.703784
            160         35.771         61.881       0.633691       0.703784
            161         38.307         61.776       0.617245       0.703784
            162         35.959         69.430       0.658801       0.703784
            163         29.085         72.544       0.713811       0.703784
            164         45.170         77.931       0.633069       0.703784
            165         35.325         75.221       0.680450       0.703784
            166         25.573         74.215       0.743729       0.703784
            167         24.429         78.537       0.762743       0.703784
            168         22.315         79.353       0.780507       0.703784
            169         33.256         76.309       0.696476       0.703784
            170         24.509         81.213       0.768173       0.703784
            171         24.233         61.559       0.717537       0.703784
            172         28.661         74.459       0.722064       0.703784
            173         38.066         68.427       0.642549       0.703784
            174         25.390         70.157       0.734265       0.703784
            175         18.906         76.094       0.800991       0.703784
            176         23.741         56.088       0.702603       0.703784
            177         25.138         63.067       0.715001       0.703784
            178         27.185         53.024       0.661070       0.703784
            179         20.031         67.486       0.771118       0.703784
            180         17.202         72.888       0.809054       0.703784
            181         32.665         72.091       0.688176       0.703784
            182         17.970         65.874       0.785672       0.703784
            183         30.790         66.008       0.681912       0.703784
            184         35.023         77.530       0.688829       0.703784
            185         18.268         65.239       0.781238       0.703784
            186         34.090         84.149       0.711683       0.703784
            187         34.337         66.020       0.657850       0.703784
            188         38.732         78.638       0.670001       0.703784
            189         24.794         62.998       0.717583       0.703784
            190         36.949         62.315       0.627772       0.703784
            191         40.388         81.233       0.667915       0.703784
            192         31.416         72.012       0.696254       0.703784
            193         24.397         79.804       0.765862       0.703784
            194         33.802         66.204       0.661999       0.703784
            195         30.834         80.762       0.723699       0.703784
            196         29.059         69.974       0.706574       0.703784
            197         26.683         66.782       0.714509       0.703784
            198         32.360         80.318       0.712808       0.703784
            199         45.443         90.128       0.664802       0.703784
            200         37.143         75.423       0.670033       0.703784
            201         30.632         78.587       0.719538       0.703784
            202         24.833         67.061       0.729761       0.703784
            203         35.282         62.037       0.637462       0.703784
            204         35.909         73.361       0.671372       0.703784
            205         20.359         62.300       0.753701       0.703784
            206         44.892         77.658       0.633682       0.703784
            207         34.075         76.526       0.691912       0.703784
            208         37.196         80.620       0.684285       0.703784
            209         28.327         73.810       0.722657       0.703784
            210         30.507         73.967       0.707992       0.703784
            211         30.537         63.962       0.676853       0.703784
            212         29.971         64.424       0.682490       0.703784
            213         28.327         52.537       0.649690       0.703784
            214         36.040         63.913       0.639432       0.703784
            215         33.643         68.630       0.671051       0.703784
            216         30.169         85.626       0.739461       0.703784
            217         31.054         70.519       0.694267       0.703784
            218         35.773         86.411       0.707220       0.703784
            219         25.416         67.038       0.725096       0.703784
            220         35.724         60.159       0.627420       0.703784
            221         24.350         87.829       0.782938       0.703784
            222         40.339         72.631       0.642926       0.703784
            223         37.695         72.773       0.658773       0.703784
            224         36.715         81.400       0.689156       0.703784
            225         28.165         76.152       0.730006       0.703784
            226         33.151         68.493       0.673855       0.703784
            227         26.347         51.062       0.659640       0.703784
            228         27.526         69.577       0.716530       0.703784
            229         27.933         68.085       0.709088       0.703784
            230         31.056         70.292       0.693573       0.703784
            231         27.558         66.132       0.705862       0.703784
            232         36.833         74.164       0.668164       0.703784
            233         40.182         80.116       0.665979       0.703784
            234         29.063         69.607       0.705449       0.703784
            235         35.912         78.257       0.685446       0.703784
            236         26.264         67.217       0.719045       0.703784
            237         26.647         77.910       0.745141       0.703784
            238         25.984         75.609       0.744230       0.703784
            239         23.203         75.666       0.765314       0.703784
            240         19.874         77.255       0.795386       0.703784
            241         33.855         69.753       0.673237       0.703784
            242         36.451         68.283       0.651964       0.703784
            243         35.972         58.950       0.621040       0.703784
            244         33.378         74.351       0.690168       0.703784
            245         39.580         79.849       0.668590       0.703784
            246         34.032         64.629       0.655058       0.703784
            247         35.180         78.445       0.690383       0.703784
            248         31.942         75.276       0.702087       0.703784
            249         31.864         70.278       0.688043       0.703784
            250         26.589         70.275       0.725504       0.703784
            251         31.569         87.775       0.735477       0.703784
            252         35.780         70.370       0.662929       0.703784
            253         32.637         77.929       0.704822       0.703784
            254         30.077         61.971       0.673246       0.703784
            255         33.081         79.616       0.706463       0.703784
            256         25.841         66.998       0.721659       0.703784
            257         30.083         82.552       0.732915       0.703784
            258         29.165         67.803       0.699234       0.703784
            259         21.671         72.785       0.770569       0.703784
            260         30.160         57.262       0.655004       0.703784
            261         27.313         67.845       0.712975       0.703784
            262         41.889         61.041       0.593038       0.703784
            263         32.874         85.505       0.722301       0.703784
            264         38.706         71.943       0.650190       0.703784
            265         29.719         66.429       0.690905       0.703784
            266         37.536         63.001       0.626649       0.703784
            267         30.896         74.234       0.706116       0.703784
            268         32.110         55.327       0.632761       0.703784
            269         33.074         66.703       0.668517       0.703784
            270         28.792         73.709       0.719106       0.703784
            271         34.801         73.265       0.677965       0.703784
            272         13.911         68.190       0.830561       0.703784
            273         35.467         65.260       0.647891       0.703784
            274         31.833         71.768       0.692737       0.703784
            275         22.605         75.174       0.768817       0.703784
            276         26.838         62.448       0.699415       0.703784
            277         31.607         58.530       0.649344       0.703784
            278         32.268         60.304       0.651430       0.703784
            279         31.691         74.790       0.702380       0.703784
            280         21.659         78.773       0.784344       0.703784
            281         25.090         62.700       0.714205       0.703784
            282         32.232         62.517       0.659818       0.703784
            283         35.898         76.017       0.679238       0.703784
            284         32.962         71.272       0.683770       0.703784
            285         30.733         76.775       0.714135       0.703784
            286         22.776         69.078       0.752037       0.703784
            287         36.359         63.305       0.635184       0.703784
            288         41.965         62.637       0.598815       0.703784
            289         28.002         65.371       0.700103       0.703784
            290         39.187         76.950       0.662583       0.703784
            291         26.503         66.692       0.715620       0.703784
            292         20.690         73.713       0.780830       0.703784
            293         21.490         68.004       0.759875       0.703784
            294         32.598         72.551       0.689979       0.703784
            295         20.976         62.967       0.750118       0.703784
            296         29.086         66.191       0.694724       0.703784
            297         23.237         68.612       0.747010       0.703784
            298         31.553         68.754       0.685436       0.703784
            299         31.867         74.636       0.700787       0.703784
            300         27.208         68.301       0.715125       0.703784
            301         26.651         57.939       0.684939       0.703784
            302         25.150         61.100       0.708409       0.703784
            303         32.764         73.845       0.692675       0.703784
            304         11.417         74.492       0.867105       0.703784
            305         26.746         77.663       0.743832       0.703784
            306         33.180         73.125       0.687882       0.703784
            307         33.666         52.302       0.608385       0.703784
            308         32.566         66.993       0.672901       0.703784
            309         20.883         78.987       0.790900       0.703784
            310         24.647         82.786       0.770584       0.703784
            311         22.964         65.987       0.741837       0.703784
            312         29.411         72.349       0.710977       0.703784
            313         24.535         60.092       0.710083       0.703784
            314         37.125         61.410       0.623231       0.703784
            315         31.988         73.137       0.695714       0.703784
            316         28.495         75.464       0.725904       0.703784
            317         31.005         60.510       0.661208       0.703784
            318         30.333         76.898       0.717126       0.703784
            319         29.672         71.957       0.708036       0.703784
            320         20.609         70.923       0.774840       0.703784
            321         28.090         64.200       0.695631       0.703784
            322         27.742         85.548       0.755122       0.703784
            323         32.136         67.950       0.678915       0.703784
            324         30.012         65.220       0.684854       0.703784
            325         22.794         58.588       0.719915       0.703784
            326         35.120         59.088       0.627210       0.703784
            327         35.492         67.964       0.656938       0.703784
            328         24.564         82.472       0.770508       0.703784
            329         35.311         81.592       0.697945       0.703784
            330         23.198         76.154       0.766504       0.703784
            331         25.692         61.428       0.705093       0.703784
            332         23.364         79.800       0.773526       0.703784
            333         28.353         64.636       0.695095       0.703784
            334         24.360         78.182       0.762439       0.703784
            335         25.784         78.222       0.752092       0.703784
            336         20.631         64.905       0.758805       0.703784
            337         24.429         64.261       0.724552       0.703784
            338         18.740         67.235       0.782027       0.703784
            339         22.267         62.256       0.736560       0.703784
            340         17.391         61.325       0.779065       0.703784
            341         29.109         57.339       0.663281       0.703784
            342         17.712         77.578       0.814126       0.703784
            343         28.662         79.574       0.735187       0.703784
            344         38.743         82.329       0.680003       0.703784
            345         31.579         79.956       0.716870       0.703784
            346         35.811         88.582       0.712113       0.703784
            347         26.265         63.664       0.707935       0.703784
            348         18.242         75.050       0.804464       0.703784
            349         26.217         54.466       0.675062       0.703784
            350         33.365         66.107       0.664578       0.703784
            351         28.927         71.814       0.712855       0.703784
            352         40.185         66.678       0.623957       0.703784
            353         31.720         77.870       0.710558       0.703784
            354         34.710         63.864       0.647883       0.703784
            355         23.679         66.781       0.738235       0.703784
            356         30.641         66.926       0.685952       0.703784
            357         27.166         95.456       0.778456       0.703784
            358         36.542         76.906       0.677898       0.703784
            359         23.516         69.476       0.747115       0.703784
            360         29.683         74.484       0.715040       0.703784
            361         27.705         77.914       0.737693       0.703784
            362         22.593         82.135       0.784268       0.703784
            363         34.298         68.911       0.667681       0.703784
            364         37.135         82.329       0.689156       0.703784
            365         26.260         76.399       0.744199       0.703784
            366         38.616         62.840       0.619382       0.703784
            367         36.524         79.475       0.685137       0.703784
            368         29.117         89.542       0.754617       0.703784
            369         37.412         62.595       0.625903       0.703784
            370         24.685         63.304       0.719453       0.703784
            371         26.097         78.886       0.751419       0.703784
            372         28.502         70.496       0.712096       0.703784
            373         34.477         60.469       0.636878       0.703784
            374         34.561         71.958       0.675541       0.703784
            375         33.518         75.972       0.693872       0.703784
            376         36.547         61.826       0.628486       0.703784
            377         21.384         67.846       0.760347       0.703784
            378         34.718         62.415       0.642574       0.703784
            379         28.135         60.584       0.682876       0.703784
            380         29.854         80.016       0.728280       0.703784
            381         32.890         79.351       0.706970       0.703784
            382         24.358         65.384       0.728577       0.703784
            383         33.831         76.036       0.692070       0.703784
            384         40.386         77.512       0.657451       0.703784
            385         26.042         62.724       0.706619       0.703784
            386         18.367         67.460       0.786002       0.703784
            387         36.400         66.867       0.647518       0.703784
            388         34.251         79.696       0.699415       0.703784
            389         30.113         62.616       0.675260       0.703784
            390         18.874         60.742       0.762938       0.703784
            391         33.205         74.918       0.692899       0.703784
            392         35.252         84.457       0.705518       0.703784
            393         25.711         69.542       0.730077       0.703784
            394         33.022         77.128       0.700213       0.703784
            395         32.093         83.059       0.721296       0.703784
            396         28.344         62.578       0.688261       0.703784
            397         24.232         78.906       0.765052       0.703784
            398         35.943         77.719       0.683772       0.703784
            399         29.006         75.340       0.722022       0.703784
            400         28.075         62.433       0.689810       0.703784
            401         38.804         61.573       0.613418       0.703784
            402         31.914         72.159       0.693353       0.703784
            403         23.260         72.161       0.756235       0.703784
            404         40.240         68.609       0.630312       0.703784
            405         28.256         66.340       0.701298       0.703784
            406         33.094         91.790       0.735000       0.703784
            407         20.532         75.681       0.786598       0.703784
            408         31.421         74.025       0.702019       0.703784
            409         34.006         61.703       0.644694       0.703784
            410         23.784         69.214       0.744249       0.703784
            411         38.181         60.628       0.613585       0.703784
            412         27.546         72.183       0.723793       0.703784
            413         18.709         82.821       0.815729       0.703784
            414         34.210         62.447       0.646068       0.703784
            415         39.900         71.122       0.640615       0.703784
            416         26.704         58.499       0.686587       0.703784
            417         22.363         64.383       0.742200       0.703784
            418         23.951         71.250       0.748418       0.703784
            419         42.277         70.710       0.625825       0.703784
            420         35.695         59.212       0.623896       0.703784
            421         27.724         76.396       0.733729       0.703784
            422         25.844         91.156       0.779114       0.703784
            423         16.911         74.202       0.814394       0.703784
            424         21.984         81.906       0.788389       0.703784
            425         25.351         74.121       0.745144       0.703784
            426         27.733         55.321       0.666081       0.703784
            427         20.210         78.719       0.795713       0.703784
            428         31.090         78.225       0.715593       0.703784
            429         28.414         88.592       0.757159       0.703784
            430         39.263         80.378       0.671824       0.703784
            431         32.369         79.430       0.710472       0.703784
            432         22.847         67.981       0.748462       0.703784
            433         25.146         76.771       0.753266       0.703784
            434         32.044         60.342       0.653152       0.703784
            435         22.751         75.341       0.768065       0.703784
            436         24.150         86.348       0.781445       0.703784
            437         33.777         61.085       0.643932       0.703784
            438         28.849         72.739       0.716018       0.703784
            439         24.544         64.571       0.724585       0.703784
            440         39.089         62.609       0.615637       0.703784
            441         24.795         63.003       0.717588       0.703784
            442         36.337         90.979       0.714594       0.703784
            443         22.012         70.513       0.762094       0.798903
            444         14.988         69.440       0.822473       0.798903
            445         17.088         79.597       0.823262       0.798903
            446         20.652         72.045       0.777213       0.798903
            447         24.831         84.222       0.772307       0.798903
            448         15.579         79.478       0.836104       0.798903
            449         19.433         78.433       0.801428       0.798903
            450         15.691         92.275       0.854666       0.798903
            451         24.770         65.448       0.725444       0.798903
            452         22.584         80.183       0.780241       0.798903
            453         24.979         83.598       0.769944       0.798903
            454         22.646         87.453       0.794312       0.798903
            455         12.679         87.353       0.873248       0.798903
            456         21.132         80.884       0.792853       0.798903
            457         22.444         81.838       0.784777       0.798903
            458         13.898         84.684       0.859021       0.798903
            459         22.711         92.763       0.803326       0.798903
            460         22.293         71.600       0.762569       0.798903
            461         18.914         81.233       0.811136       0.798903
            462         29.266         86.659       0.747542       0.798903
            463         15.622         76.312       0.830075       0.798903
            464         15.728         81.376       0.838027       0.798903
            465         16.793         67.812       0.801513       0.798903
            466         15.313         89.356       0.853702       0.798903
            467         23.756         69.988       0.746587       0.798903
            468         17.820         75.642       0.809330       0.798903
            469         23.151         90.104       0.795584       0.798903
            470         20.202         65.623       0.764618       0.798903
            471         14.390         70.330       0.830150       0.798903
            472         16.957         57.679       0.772798       0.798903
            473         15.873         75.822       0.826895       0.798903
            474         19.170         81.498       0.809571       0.798903
            475         20.182         90.017       0.816862       0.798903
            476         22.864         73.961       0.763859       0.798903
            477         21.712         76.414       0.778736       0.798903
            478         21.097         66.807       0.759999       0.798903
            479         22.135         69.853       0.759369       0.798903
            480         16.572         93.055       0.848833       0.798903
            481         25.028         85.077       0.772691       0.798903
            482         20.442         83.748       0.803801       0.798903
            483         24.888         62.356       0.714735       0.798903
            484         20.371         78.094       0.793116       0.798903
            485         19.015         79.427       0.806843       0.798903
            486         11.037         66.727       0.858065       0.798903
            487         18.070         85.396       0.825356       0.798903
            488         17.885         78.561       0.814559       0.798903
            489         14.988         75.724       0.834771       0.798903
            490         26.068         88.709       0.772884       0.798903
            491         16.810         81.448       0.828920       0.798903
            492         17.089         63.416       0.787727       0.798903
            493         23.128         88.719       0.793216       0.798903
            494         17.006         97.208       0.851102       0.798903
            495         19.221         65.793       0.773905       0.798903
            496         18.722         66.346       0.779921       0.798903
            497         28.894         83.094       0.741989       0.798903
            498         25.281         79.422       0.758549       0.798903
            499         24.347         75.435       0.755995       0.798903
            500         20.609         80.197       0.795553       0.798903
            501         12.022         70.477       0.854279       0.798903
            502         16.766         78.152       0.823362       0.798903
            503         22.646         80.208       0.779823       0.798903
            504         20.547         88.196       0.811046       0.798903
            505         22.656         86.073       0.791632       0.798903
            506         13.049         87.265       0.869919       0.798903
            507         15.397         52.855       0.774411       0.798903
            508         17.914         81.974       0.820662       0.798903
            509         22.728         71.590       0.759032       0.798903
            510         15.017         85.697       0.850895       0.798903
            511         20.618         80.963       0.797026       0.798903
            512         15.680         86.687       0.846826       0.798903
            513         13.043         84.804       0.866701       0.798903
            514         13.380         68.064       0.835719       0.798903
            515         23.045         85.092       0.786891       0.798903
            516         18.426         86.539       0.824457       0.798903
            517         12.656         69.582       0.846110       0.798903
            518         21.262         78.809       0.787528       0.798903
            519         19.485         71.501       0.785843       0.798903
            520         19.950         80.085       0.800570       0.798903
            521         18.236         92.445       0.835236       0.798903
            522         23.860         75.528       0.759933       0.798903
            523         21.593         94.861       0.814576       0.798903
            524         21.742         90.865       0.806921       0.798903
            525         18.703         89.203       0.826671       0.798903
            526         17.945         74.171       0.805190       0.798903
            527         20.649         72.073       0.777300       0.798903
            528         15.070         80.123       0.841691       0.798903
            529         17.784         83.503       0.824419       0.798903
            530         14.711         81.962       0.847831       0.798903
            531         19.566         55.286       0.738610       0.798903
            532         19.758         73.839       0.788908       0.798903
            533         22.927         79.455       0.776064       0.798903
            534         29.927         72.721       0.708451       0.703784
            535         29.940         73.353       0.710143       0.703784
            536         27.837         68.070       0.709748       0.703784
            537         27.270         85.521       0.758222       0.703784
            538         32.915         81.168       0.711481       0.703784
            539         35.669         78.467       0.687487       0.703784
            540         39.042         66.047       0.628489       0.703784
            541         29.420         78.938       0.728495       0.703784
            542         20.193         69.378       0.774557       0.703784
            543         23.551         46.177       0.662246       0.703784
            544         21.336         60.175       0.738245       0.703784
            545         27.461         62.856       0.695948       0.703784
            546         31.369         61.555       0.662425       0.703784
            547         21.782         70.301       0.763451       0.703784
            548         29.244         74.824       0.718993       0.703784
            549         36.820         56.082       0.603672       0.703784
            550         29.470         69.350       0.701782       0.703784
            551         28.873         54.822       0.655020       0.703784
            552         29.425         60.884       0.674171       0.703784
            553         21.389         67.913       0.760489       0.703784
            554         30.471         74.587       0.709960       0.703784
            555         24.948         70.194       0.737779       0.703784
            556         28.200         71.797       0.717989       0.703784
            557         30.157         83.613       0.734928       0.703784
            558         27.730         67.552       0.708966       0.703784
            559         30.730         79.818       0.722018       0.703784
            560         31.962         72.338       0.693555       0.703784
            561         34.219         68.200       0.665894       0.703784
            562         28.271         70.073       0.712529       0.703784
            563         32.291         70.403       0.685561       0.703784
            564         34.510         74.234       0.682647       0.703784
            565         20.003         69.428       0.776331       0.703784
            566         25.522         58.630       0.696717       0.703784
            567         27.870         91.378       0.766285       0.703784
            568         28.566         76.793       0.728868       0.703784
            569         26.339         65.803       0.714150       0.703784
            570         25.448         71.498       0.737506       0.703784
            571         34.983         71.767       0.672293       0.703784
            572         20.318         75.633       0.788248       0.703784
            573         29.072         67.208       0.698047       0.703784
            574         32.433         73.863       0.694878       0.703784
            575         30.466         73.996       0.708352       0.703784
            576         35.881         64.690       0.643228       0.703784
            577         36.790         57.588       0.610185       0.703784
            578         31.593         44.874       0.586845       0.703784
            579         47.982         79.333       0.623121       0.703784
            580         27.742         75.389       0.731001       0.703784
            581         23.382         80.378       0.774655       0.703784
            582         39.411         73.159       0.649901       0.703784
            583         29.992         68.556       0.695662       0.703784
            584         24.806         71.589       0.742659       0.703784
            585         28.925         70.997       0.710526       0.703784
            586         37.186         81.688       0.687179       0.703784
            587         30.728         63.725       0.674674       0.703784
            588         30.321         74.523       0.710797       0.703784
            589         35.182         88.004       0.714398       0.703784
            590         22.157         76.162       0.774639       0.703784
            591         39.071         72.088       0.648513       0.703784
            592         33.550         86.539       0.720622       0.703784
            593         39.397         52.000       0.568946       0.703784
            594         37.738         67.275       0.640633       0.703784
            595         30.671         72.337       0.702250       0.703784
            596         22.150         68.564       0.755822       0.703784
            597         30.478         70.008       0.696697       0.703784
            598         24.966         82.010       0.766618       0.703784
            599         28.238         75.179       0.726951       0.703784
            600         29.151         65.526       0.692105       0.703784
            601         31.844         59.544       0.651553       0.703784
            602         28.202         62.347       0.688540       0.703784
            603         25.353         58.891       0.699051       0.703784
            604         41.187         58.256       0.585825       0.703784
            605         34.183         48.163       0.584882       0.703784
            606         26.225         68.274       0.722486       0.703784
            607         28.819         67.441       0.700611       0.703784
            608         25.240         71.491       0.739068       0.703784
            609         26.124         63.915       0.709861       0.703784
            610         41.063         73.142       0.640447       0.703784
            611         27.556         83.026       0.750810       0.703784
            612         36.118         73.454       0.670370       0.703784
            613         34.564         86.770       0.715134       0.703784
            614         23.086         77.809       0.771189       0.703784
            615         31.880         46.796       0.594791       0.703784
            616         39.564         78.280       0.664269       0.703784
            617         37.635         59.015       0.610605       0.703784
            618         42.334         72.621       0.631734       0.703784
            619         31.799         64.998       0.671490       0.703784
            620         24.246         64.490       0.726767       0.703784
            621         24.305         58.029       0.704799       0.703784
            622         28.911         67.635       0.700550       0.703784
            623         37.896         70.873       0.651590       0.703784
            624         22.167         62.448       0.738022       0.703784
            625         36.571         68.154       0.650788       0.703784
            626         36.516         74.240       0.670305       0.703784
            627         24.145         67.527       0.736616       0.703784
            628         22.553         67.430       0.749366       0.703784
            629         23.728         64.127       0.729919       0.703784
            630         28.089         84.651       0.750852       0.703784
            631         29.950         73.354       0.710077       0.703784
            632         31.641         68.164       0.682971       0.703784
            633         38.552         79.570       0.673626       0.703784
            634         35.713         57.114       0.615270       0.703784
            635         34.385         67.862       0.663705       0.703784
            636         28.451         70.525       0.712542       0.703784
            637         24.984         62.750       0.715229       0.703784
            638         22.730         64.498       0.739417       0.703784
            639         31.014         81.901       0.725330       0.703784
            640         28.439         77.106       0.730551       0.703784
            641         30.753         56.419       0.647213       0.703784
            642         32.541         71.070       0.685931       0.703784
            643         34.147         57.986       0.629376       0.703784
            644         28.228         69.515       0.711204       0.703784
            645         37.246         61.978       0.624626       0.703784
            646         35.388         73.693       0.675580       0.703784
            647         25.118         63.733       0.717301       0.703784
            648         28.939         51.067       0.638285       0.703784
            649         23.282         71.084       0.753282       0.703784
            650         20.763         71.102       0.773980       0.703784
            651         24.893         71.732       0.742375       0.703784
            652         31.943         79.488       0.713339       0.703784
            653         25.307         80.880       0.761677       0.703784
            654         30.171         70.820       0.701247       0.703784
            655         29.224         68.082       0.699670       0.703784
            656         24.380         73.772       0.751607       0.703784
            657         34.362         80.029       0.699612       0.703784
            658         33.316         76.068       0.695424       0.703784
            659         26.266         61.978       0.702352       0.703784
            660         39.272         86.046       0.686622       0.703784
            661         28.991         69.494       0.705630       0.703784
            662         24.739         72.171       0.744723       0.703784
            663         21.620         66.241       0.753926       0.703784
            664         31.262         57.717       0.648661       0.703784
            665         38.314         74.727       0.661062       0.703784
            666         20.959         69.405       0.768062       0.798903
            667         19.223         82.346       0.810739       0.798903
            668         17.148         97.779       0.850790       0.798903
            669         18.047         78.698       0.813457       0.798903
            670         18.980         77.542       0.803360       0.798903
            671         12.883         74.653       0.852829       0.798903
            672         24.146         64.615       0.727968       0.798903
            673         25.182         73.589       0.745045       0.798903
            674         21.261         75.855       0.781078       0.798903
            675         31.471         85.256       0.730387       0.798903
            676         36.413         99.112       0.731321       0.798903
            677         25.974         81.925       0.759277       0.798903
            678         14.014         81.881       0.853861       0.798903
            679         28.679         82.080       0.741068       0.703784
            680         24.099         72.992       0.751789       0.703784
            681         37.889         72.752       0.657548       0.703784
            682         26.447         57.955       0.686654       0.703784
            683         30.059         71.874       0.705113       0.703784
            684         34.536         66.951       0.659700       0.703784
            685         29.494         51.344       0.635151       0.703784
            686         27.703         60.101       0.684489       0.703784
            687         34.473         83.013       0.706576       0.703784
            688         24.723         57.773       0.700311       0.703784
            689         36.473         63.940       0.636771       0.703784
            690         24.181         71.423       0.747072       0.703784
            691         35.724         58.473       0.620749       0.703784
            692         37.534         59.650       0.613783       0.703784
            693         25.653         76.656       0.749256       0.703784
            694         31.651         74.893       0.702932       0.703784
            695         30.056         70.318       0.700560       0.703784
            696         31.529         65.901       0.676392       0.703784
            697         29.670         57.722       0.660497       0.703784
            698         29.304         60.712       0.674460       0.703784
            699         28.509         78.089       0.732554       0.703784
            700         30.936         58.997       0.656013       0.703784
            701         30.011         81.074       0.729837       0.703784
            702         29.089         65.518       0.692528       0.703784
            703         26.563         63.826       0.706128       0.703784
            704         30.136         76.566       0.717568       0.703784
            705         15.217         65.403       0.811252       0.703784
            706         19.888         69.122       0.776566       0.703784
            707         26.384         79.554       0.750949       0.703784
            708         32.193         75.901       0.702174       0.703784
            709         30.481         61.756       0.669539       0.703784
            710         31.177         79.600       0.718562       0.703784
            711         33.926         81.321       0.705622       0.703784
            712         30.831         54.965       0.640649       0.703784
            713         24.989         56.830       0.694578       0.703784
            714         33.771         87.494       0.721511       0.703784
            715         30.478         75.391       0.712115       0.703784
            716         31.435         64.474       0.672243       0.703784
            717         29.226         62.332       0.680790       0.703784
            718         30.540         73.675       0.706954       0.703784
            719         29.316         82.273       0.737288       0.703784
            720         31.788         77.668       0.709579       0.703784
            721         23.980         64.346       0.728502       0.703784
            722         24.409         52.508       0.682654       0.703784
            723         38.800         69.155       0.640593       0.703784
            724         37.744         60.844       0.617151       0.703784
            725         28.844         64.834       0.692095       0.703784
            726         28.149         77.173       0.732733       0.703784
            727         40.450         62.108       0.605589       0.703784
            728         38.245         74.433       0.660580       0.703784
            729         30.027         53.748       0.641572       0.703784
            730         27.200         64.418       0.703113       0.703784
            731         30.224         69.882       0.698079       0.703784
            732         31.990         64.177       0.667352       0.703784
            733         22.947         92.799       0.801749       0.798903
            734         13.641         68.118       0.833159       0.798903
            735         18.352         74.672       0.802719       0.798903
            736         21.984         84.367       0.793287       0.798903
            737         18.264         67.155       0.786181       0.798903
            738         19.942         78.541       0.797510       0.798903
            739         17.984         70.054       0.795724       0.798903
            740         28.529         92.487       0.764255       0.798903
            741         21.463         90.855       0.808912       0.798903
            742         18.579         76.880       0.805374       0.798903
            743         19.094         63.751       0.769521       0.798903
            744         17.026         83.577       0.830765       0.798903
            745         21.103         75.877       0.782398       0.798903
            746         16.151         82.455       0.836206       0.798903
            747         14.271         81.649       0.851218       0.798903
            748         20.662         81.681       0.798111       0.798903
            749         24.873         76.388       0.754366       0.798903
            750         20.287         68.971       0.772711       0.798903
            751         18.208         79.335       0.813337       0.798903
            752         17.820         62.044       0.776869       0.798903
            753         18.844         87.961       0.823563       0.798903
            754         22.648         73.291       0.763936       0.798903
            755         35.131         80.093       0.695108       0.798903
            756          8.214         88.663       0.915208       0.798903
            757         23.102         72.815       0.759145       0.798903
            758         14.524         70.465       0.829109       0.798903
            759         11.405         93.552       0.891334       0.798903
            760         16.342         86.882       0.841685       0.798903
            761         26.059         74.900       0.741883       0.798903
            762         25.230         84.882       0.770869       0.798903
            763         25.706         77.095       0.749942       0.798903
            764         26.564         85.443       0.762834       0.798903
            765         21.407         99.040       0.822269       0.798903
            766         21.067         96.115       0.820221       0.798903
            767         18.988         84.097       0.815798       0.798903
            768         20.485         76.015       0.787724       0.798903
            769         15.267         93.234       0.859292       0.798903
            770         22.758         87.703       0.793973       0.798903
            771         30.214         73.715       0.709285       0.798903
            772         19.691         76.084       0.794400       0.798903
            773         23.163         75.289       0.764729       0.798903
            774         16.422         72.572       0.815472       0.798903
            775         18.891         69.078       0.785259       0.798903
            776         17.985         86.486       0.827847       0.798903
            777         29.905         88.384       0.747184       0.798903
            778         14.355         78.108       0.844749       0.798903
            779         19.386         83.619       0.811800       0.798903
            780         14.641         74.866       0.836426       0.798903
            781         27.845         94.327       0.772083       0.798903
            782         14.500         79.311       0.845430       0.798903
            783         16.170         78.866       0.829850       0.798903
            784         23.569         74.204       0.758940       0.798903
            785         29.654         93.358       0.758935       0.798903
            786         25.880         97.100       0.789558       0.798903
            787         19.321         87.248       0.818700       0.798903
            788         16.668         86.060       0.837746       0.798903
            789         16.100         78.265       0.829390       0.798903
            790         21.673         73.480       0.772230       0.798903
            791         19.992         77.924       0.795827       0.798903
            792         23.588         78.055       0.767935       0.798903
            793         15.394         66.324       0.811622       0.798903
            794         23.671         68.390       0.742879       0.703784
            795         29.540         56.302       0.655880       0.703784
            796         25.076         67.670       0.729630       0.703784
            797         25.806         59.552       0.697676       0.703784
            798         30.100         68.845       0.695791       0.703784
            799         33.309         65.052       0.661362       0.703784
            800         35.504         64.221       0.643982       0.703784
            801         27.898         71.973       0.720659       0.703784
            802         27.693         69.453       0.714932       0.703784
            803         29.548         67.819       0.696530       0.703784
            804         27.111         60.069       0.689022       0.703784
            805         35.071         73.296       0.676370       0.703784
            806         34.695         73.123       0.678206       0.703784
            807         21.266         60.891       0.741153       0.703784
            808         38.220         64.298       0.627187       0.703784
            809         31.365         61.140       0.660940       0.703784
            810         28.345         63.893       0.692698       0.703784
            811         31.529         78.225       0.712731       0.703784
            812         33.382         83.400       0.714147       0.703784
            813         29.576         69.083       0.700221       0.703784
            814         22.192         75.384       0.772567       0.798903
            815         21.617         79.666       0.786565       0.798903
            816         20.601         71.557       0.776462       0.798903
            817         19.793         74.401       0.789867       0.798903
            818         25.443         84.564       0.768714       0.798903
            819         18.059         73.928       0.803677       0.798903
            820         17.966         84.400       0.824496       0.798903
            821         27.944         80.162       0.741517       0.798903
            822         19.085         87.740       0.821345       0.798903
            823         17.164         80.656       0.824537       0.798903
            824         23.182         64.635       0.736018       0.798903
            825         13.398         80.861       0.857863       0.798903
            826         24.442         83.504       0.773573       0.798903
            827         25.560         73.118       0.740979       0.798903
            828         15.646         80.464       0.837209       0.798903
            829         15.752         83.707       0.841619       0.798903
            830         22.265         72.992       0.766262       0.798903
            831         16.598         90.137       0.844494       0.798903
            832         25.669         65.387       0.718101       0.798903
            833         24.861         81.836       0.766997       0.798903
            834         21.840         88.486       0.802043       0.798903
            835         11.887         74.764       0.862814       0.798903
            836         15.605         79.885       0.836582       0.798903
            837         18.969         78.328       0.805037       0.798903
            838          8.899         82.827       0.902979       0.798903
            839         24.530         79.457       0.764108       0.798903
            840         26.471         70.194       0.726160       0.798903
            841         31.827         72.023       0.693529       0.798903
            842         14.811         74.426       0.834023       0.798903
            843         21.930         81.538       0.788050       0.798903
            844         14.533         79.810       0.845957       0.798903
            845         19.078         76.711       0.800833       0.798903
            846         18.495         68.781       0.788091       0.798903
            847         20.535         86.914       0.808886       0.798903
            848         32.107         73.799       0.696835       0.703784
            849         35.149         72.763       0.674280       0.703784
            850         37.107         71.272       0.657618       0.703784
            851         24.546         83.186       0.772160       0.703784
            852         28.335         66.765       0.702047       0.703784
            853         27.105         72.837       0.728790       0.703784
            854         21.969         67.750       0.755132       0.703784
            855         31.599         65.794       0.675549       0.703784
            856         27.123         81.182       0.749570       0.703784
            857         20.924         65.092       0.756742       0.703784
            858         35.115         84.567       0.706601       0.703784
            859         27.177         72.267       0.726712       0.703784
            860         35.968         77.868       0.684035       0.703784
            861         24.292         57.259       0.702128       0.703784
            862         25.970         69.042       0.726663       0.703784
            863         31.825         57.552       0.643924       0.703784
            864         29.579         67.928       0.696647       0.703784
            865         26.987         83.384       0.755487       0.703784
            866         30.629         72.158       0.702016       0.703784
            867         28.679         81.749       0.740295       0.703784
            868         30.329         69.684       0.696750       0.703784
            869         30.069         68.311       0.694358       0.703784
            870         18.052         55.801       0.755569       0.703784
            871         27.027         81.197       0.750269       0.703784
            872         30.972         71.533       0.697850       0.703784
            873         41.271         84.417       0.671639       0.703784
            874         23.701         75.760       0.761708       0.703784
            875         32.181         67.630       0.677584       0.703784
            876         21.911         74.140       0.771884       0.703784
            877         31.498         78.458       0.713537       0.703784
            878         37.640         68.129       0.644131       0.703784
            879         23.628         67.222       0.739927       0.703784
            880         29.947         77.217       0.720550       0.703784
            881         19.128         73.004       0.792384       0.703784
            882         32.173         81.677       0.717409       0.703784
            883         31.849         77.188       0.707904       0.703784
            884         33.661         69.939       0.675085       0.703784
            885         18.842         61.058       0.764181       0.703784
            886         35.850         60.302       0.627153       0.703784
            887         39.774         70.115       0.638054       0.703784
            888         34.055         64.987       0.656152       0.703784
            889         27.254         84.720       0.756602       0.703784
            890         20.353         86.904       0.810239       0.703784
            891         26.117         73.178       0.736977       0.703784
            892         28.388         71.883       0.716885       0.703784
            893         28.480         72.383       0.717637       0.703784
            894         28.291         57.597       0.670609       0.703784
            895         27.731         75.771       0.732068       0.703784
            896         28.515         52.542       0.648207       0.703784
            897         24.516         47.078       0.657567       0.703784
            898         22.123         74.121       0.770138       0.798903
            899         18.578         67.959       0.785319       0.798903
            900         27.577         71.934       0.722873       0.798903
            901         19.022         73.416       0.794220       0.798903
            902         24.008         75.355       0.758381       0.798903
            903         18.899         59.812       0.759892       0.798903
            904         25.120         74.774       0.748531       0.798903
            905         15.102         64.679       0.810711       0.798903
            906         19.325         90.317       0.823742       0.798903
            907         20.162         74.054       0.786000       0.798903
            908         13.198         61.262       0.822745       0.798903
            909         22.612         76.712       0.772341       0.798903
            910         27.183         69.534       0.718943       0.798903
            911         18.050         92.199       0.836279       0.798903
            912         15.614         73.993       0.825751       0.798903
            913         21.155         79.636       0.790111       0.798903
            914         24.434         71.617       0.745616       0.798903
            915         26.783         66.003       0.711344       0.798903
            916         23.950         86.697       0.783547       0.798903
            917         21.865         91.458       0.807058       0.798903
            918         16.080         71.066       0.815478       0.798903
            919         20.562         92.333       0.817864       0.798903
            920         16.071         77.018       0.827357       0.798903
            921         34.704         65.689       0.654316       0.703784
            922         26.587         74.742       0.737619       0.703784
            923         32.743         90.583       0.734499       0.703784
            924         34.033         69.985       0.672819       0.703784
            925         40.994         89.563       0.686006       0.703784
            926         26.370         69.151       0.723935       0.703784
            927         32.955         89.863       0.731676       0.703784
            928         28.531         68.928       0.707248       0.703784
            929         30.523         69.175       0.693847       0.703784
            930         32.072         75.892       0.702936       0.703784
            931         23.181         75.143       0.764237       0.703784
            932         29.376         65.356       0.689902       0.703784
            933         38.118         64.852       0.629814       0.703784
            934         25.458         71.579       0.737648       0.703784
            935         25.475         80.014       0.758509       0.703784
            936         31.341         69.773       0.690041       0.703784
            937         36.616         66.873       0.646188       0.703784
            938         28.162         52.366       0.650288       0.703784
            939         17.838         79.362       0.816481       0.703784
            940         32.643         67.979       0.675584       0.703784
            941         43.761         67.719       0.607454       0.703784
            942         28.263         66.779       0.702625       0.703784
            943         32.871         97.491       0.747845       0.703784
            944         30.149         63.597       0.678398       0.703784
            945         36.701         79.646       0.684556       0.703784
            946         34.118         70.769       0.674715       0.703784
            947         30.444         75.611       0.712942       0.703784
            948         37.535         71.496       0.655743       0.703784
            949         28.600         58.402       0.671268       0.703784
            950         28.097         71.668       0.718369       0.703784
            951         39.524         72.353       0.646717       0.703784
            952         39.994         79.897       0.666416       0.703784
            953         23.787         61.077       0.719704       0.703784
            954         31.336         78.189       0.713891       0.703784
            955         24.035         68.859       0.741266       0.703784
            956         23.710         79.113       0.769413       0.703784
            957         26.310         70.998       0.729622       0.703784
            958         31.524         58.615       0.650275       0.703784
            959         35.823         68.567       0.656834       0.703784
            960         33.420         76.196       0.695120       0.703784
            961         25.509         71.358       0.736660       0.703784
            962         31.742         71.060       0.691232       0.703784
            963         33.105         73.318       0.688930       0.703784
            964         24.813         71.534       0.742460       0.703784
            965         31.179         70.631       0.693749       0.703784
            966         23.200         74.989       0.763721       0.703784
            967         34.781         70.836       0.670689       0.703784
            968         27.835         79.842       0.741499       0.703784
            969         31.236         77.686       0.713228       0.703784
            970         26.840         68.133       0.717390       0.703784
            971         21.855         70.864       0.764289       0.703784
            972         24.752         63.587       0.719803       0.703784
            973         36.170         75.457       0.675977       0.703784
            974         31.286         52.433       0.626299       0.703784
            975         31.607         69.675       0.687932       0.703784
            976         33.742         66.180       0.662317       0.703784
            977         24.609         66.984       0.731325       0.703784
            978         28.137         59.085       0.677413       0.703784
            979         12.121         83.702       0.873509       0.798903
            980         16.730         76.253       0.820076       0.798903
            981         23.537         85.263       0.783667       0.798903
            982         18.707         73.944       0.798091       0.798903
            983         20.909         84.832       0.802266       0.798903
            984          6.417         85.159       0.929927       0.798903
            985         26.074         72.166       0.734592       0.798903
            986         17.861         58.341       0.765611       0.798903
            987         15.516         77.601       0.833366       0.798903
            988         21.167         94.952       0.817717       0.798903
            989         26.537         87.800       0.767905       0.798903
            990         20.479         78.457       0.793005       0.798903
            991         24.516        102.809       0.807454       0.798903
            992         21.271         78.759       0.787352       0.798903
            993         28.766         76.468       0.726647       0.798903
            994         22.855         69.865       0.753503       0.798903
            995         20.261         96.245       0.826095       0.798903
            996         34.185         77.227       0.693168       0.703784
            997         32.035         53.261       0.624422       0.703784
            998         31.437         70.437       0.691411       0.703784
            999         20.884         67.006       0.762382       0.703784
           1000         31.114         86.328       0.735072       0.703784
