              1         19.468         82.509       0.809091       0.799039
              2         12.024         76.240       0.863773       0.799039
              3         24.875         71.645       0.742285       0.799039
              4         17.074         82.160       0.827940       0.799039
              5         18.004         85.671       0.826345       0.799039
              6         26.663         84.295       0.759699       0.799039
              7         21.396         88.981       0.806158       0.799039
              8         19.517         91.088       0.823539       0.799039
              9         19.614         88.071       0.817858       0.799039
             10         14.204         76.156       0.842805       0.799039
             11         17.531         79.050       0.818486       0.799039
             12         20.608         76.339       0.787428       0.799039
             13         21.567         96.049       0.816633       0.799039
             14         22.401         60.607       0.730129       0.799039
             15         21.065         52.802       0.714828       0.799039
             16         18.844         87.103       0.822139       0.799039
             17          6.186         79.507       0.927811       0.799039
             18         16.060         77.479       0.828308       0.799039
             19         14.195         80.198       0.849614       0.799039
             20         23.399         75.594       0.763630       0.799039
             21         16.478         89.320       0.844252       0.799039
             22         35.966         67.160       0.651240       0.700338
             23         35.520         71.038       0.666657       0.700338
             24         37.989         74.818       0.663240       0.700338
             25         28.955         72.264       0.713941       0.700338
             26         32.474         66.201       0.670896       0.700338
             27         23.125         67.320       0.744317       0.700338
             28         30.857         73.384       0.703982       0.700338
             29         28.185         76.482       0.730716       0.700338
             30         26.939         61.983       0.697047       0.700338
             31         31.081         61.799       0.665360       0.700338
             32         34.467         54.419       0.612229       0.700338
             33         37.945         81.277       0.681730       0.700338
             34         31.832         62.882       0.663912       0.700338
             35         28.145         54.554       0.659673       0.700338
             36         22.902         64.856       0.739036       0.700338
             37         30.529         69.958       0.696189       0.700338
             38         27.704         80.148       0.743127       0.700338
             39         26.294         67.914       0.720894       0.700338
             40         26.706         73.727       0.734092       0.700338
             41         32.055         71.224       0.689628       0.700338
             42         28.747         77.038       0.728248       0.700338
             43         37.417         74.149       0.664619       0.700338
             44         16.535         77.408       0.823992       0.700338
             45         25.558         72.269       0.738743       0.700338
             46         40.557         72.949       0.642691       0.700338
             47         21.697         57.159       0.724851       0.700338
             48         31.279         59.890       0.656912       0.700338
             49         33.438         64.671       0.659173       0.700338
             50         49.231         62.830       0.560678       0.700338
             51         33.569         74.302       0.688805       0.700338
             52         31.945         74.627       0.700251       0.700338
             53         22.060         59.329       0.728960       0.700338
             54         28.023         67.518       0.706693       0.700338
             55         32.402         74.415       0.696659       0.700338
             56         24.286         64.283       0.725793       0.700338
             57         33.714         71.048       0.678181       0.700338
             58         37.258         75.370       0.669195       0.700338
             59         29.923         68.752       0.696752       0.700338
             60         29.595         68.323       0.697760       0.700338
             61         43.533         73.006       0.626449       0.700338
             62         32.335         56.284       0.635125       0.700338
             63         27.968         79.342       0.739375       0.700338
             64         30.782         69.185       0.692079       0.700338
             65         35.748         67.820       0.654832       0.700338
             66         33.092         65.397       0.664006       0.700338
             67         25.549         75.609       0.747434       0.700338
             68         27.936         71.345       0.718614       0.700338
             69         35.552         73.678       0.674522       0.700338
             70         27.609         78.491       0.739785       0.700338
             71         35.667         77.427       0.684623       0.700338
             72         34.642         62.940       0.644993       0.700338
             73         25.163         78.485       0.757228       0.700338
             74         31.421         68.521       0.685607       0.700338
             75         24.310         64.813       0.727230       0.700338
             76         22.002         73.479       0.769569       0.700338
             77         28.718         68.774       0.705432       0.700338
             78         35.283         66.624       0.653773       0.700338
             79         30.359         67.093       0.688469       0.700338
             80         27.692         73.645       0.726735       0.700338
             81         31.615         67.108       0.679761       0.700338
             82         16.309         62.325       0.792593       0.700338
             83         34.411         68.444       0.665440       0.700338
             84         39.983         68.288       0.630716       0.700338
             85         25.512         82.023       0.762759       0.700338
             86         34.107         72.792       0.680938       0.700338
             87         29.043         61.390       0.678844       0.700338
             88         28.530         71.658       0.715235       0.700338
             89         30.624         64.870       0.679308       0.700338
             90         22.329         86.073       0.794019       0.700338
             91         27.352         66.683       0.709134       0.700338
             92         33.883         77.060       0.694594       0.700338
             93         34.854         85.256       0.709818       0.700338
             94         31.574         68.689       0.685091       0.700338
             95         29.011         72.644       0.714616       0.700338
             96         28.806         71.130       0.711758       0.700338
             97         36.014         56.766       0.611831       0.700338
             98         31.898         68.213       0.681375       0.700338
             99         23.718         84.730       0.781294       0.700338
            100         29.488         85.498       0.743553       0.700338
            101         30.339         58.980       0.660329       0.700338
            102         30.516         72.451       0.703630       0.700338
            103         28.713         68.477       0.704565       0.700338
            104         24.282         65.467       0.729441       0.700338
            105         24.736         64.676       0.723345       0.700338
            106         31.002         76.208       0.710828       0.700338
            107         23.219         70.786       0.753004       0.700338
            108         25.399         68.035       0.728158       0.700338
            109         33.484         67.210       0.667465       0.700338
            110         27.968         72.150       0.720647       0.700338
            111         23.333         83.351       0.781288       0.799039
            112         17.983         59.603       0.768220       0.799039
            113         20.864         71.173       0.773306       0.799039
            114         24.587         84.454       0.774517       0.799039
            115         19.053         88.029       0.822071       0.799039
            116         18.000         96.103       0.842250       0.799039
            117         24.244         87.202       0.782458       0.799039
            118         23.262         72.572       0.757269       0.799039
            119         24.950         76.522       0.754120       0.799039
            120         19.010         95.026       0.833298       0.799039
            121         17.549         73.993       0.808294       0.799039
            122         28.578         84.295       0.746816       0.799039
            123         24.185         79.106       0.765856       0.799039
            124         22.337         76.144       0.773181       0.799039
            125         16.282         65.474       0.800851       0.799039
            126         27.519         64.973       0.702469       0.799039
            127         19.538         87.327       0.817175       0.799039
            128         21.343         87.783       0.804417       0.799039
            129         19.012         77.470       0.802945       0.799039
            130         17.998         74.883       0.806223       0.799039
            131         25.151         70.410       0.736806       0.799039
            132         19.827         69.808       0.778804       0.799039
            133         19.694         77.898       0.798203       0.799039
            134         17.636         80.620       0.820508       0.799039
            135         13.445         76.238       0.850084       0.799039
            136         15.305         84.164       0.846129       0.799039
            137         21.861         73.117       0.769832       0.799039
            138         24.698         77.783       0.758998       0.799039
            139         24.170         69.875       0.742994       0.799039
            140         22.260         79.115       0.780420       0.799039
            141         20.045         95.238       0.826126       0.799039
            142         23.850         84.155       0.779175       0.799039
            143         23.591         80.856       0.774136       0.799039
            144         25.195         97.073       0.793939       0.799039
            145         15.179         65.939       0.812875       0.799039
            146         16.682         73.509       0.815035       0.799039
            147         27.200         79.876       0.745973       0.799039
            148         24.070         83.421       0.776077       0.799039
            149         26.719         78.904       0.747034       0.799039
            150         19.929         83.722       0.807731       0.799039
            151         14.161         72.285       0.836186       0.799039
            152         15.319         71.676       0.823908       0.799039
            153         21.822         70.052       0.762483       0.799039
            154         18.240         71.654       0.797096       0.799039
            155         20.826         80.091       0.793635       0.799039
            156         22.553        102.665       0.819889       0.799039
            157         22.888         72.793       0.760791       0.799039
            158         25.019         82.051       0.766328       0.799039
            159         10.997         83.797       0.883988       0.799039
            160         30.202         81.451       0.729498       0.799039
            161         16.699         75.292       0.818472       0.799039
            162         26.023         94.860       0.784724       0.799039
            163         22.540         78.088       0.776008       0.799039
            164         12.857         70.367       0.845510       0.799039
            165         19.924         81.707       0.803957       0.799039
            166         25.783         71.548       0.735101       0.799039
            167         10.070         83.802       0.892724       0.799039
            168         20.988         83.930       0.799958       0.799039
            169         15.771         84.852       0.843265       0.799039
            170         17.961         88.763       0.831705       0.799039
            171         14.577         75.409       0.838004       0.799039
            172         23.383         78.235       0.769895       0.799039
            173         21.039         67.814       0.763218       0.799039
            174         20.577         80.637       0.796697       0.799039
            175         12.636         72.805       0.852108       0.799039
            176         17.043        100.315       0.854775       0.799039
            177         23.699         78.325       0.767714       0.799039
            178         20.731         78.879       0.791875       0.799039
            179         18.227         80.723       0.815794       0.799039
            180         23.673         84.650       0.781457       0.799039
            181         23.732         80.888       0.773161       0.799039
            182         20.826         77.170       0.787479       0.799039
            183         11.193         81.375       0.879085       0.799039
            184         27.484         74.243       0.729826       0.799039
            185         21.898         78.098       0.781013       0.799039
            186         17.763         79.142       0.816696       0.799039
            187         20.998         80.755       0.793640       0.799039
            188         14.060         93.571       0.869371       0.799039
            189         15.694         97.352       0.861174       0.799039
            190         14.343         88.375       0.860369       0.799039
            191         25.523         61.915       0.708105       0.799039
            192         20.759         80.368       0.794721       0.799039
            193         26.470         76.075       0.741869       0.799039
            194         24.076         98.820       0.804096       0.799039
            195         20.868         81.789       0.796720       0.799039
            196         24.583         69.691       0.739239       0.799039
            197         18.109         75.424       0.806387       0.799039
            198         24.379         97.002       0.799151       0.799039
            199         19.407         89.864       0.822400       0.799039
            200         22.051         69.581       0.759349       0.799039
            201         18.657         75.870       0.802628       0.799039
            202         21.695         65.946       0.752456       0.799039
            203         23.393         78.280       0.769922       0.799039
            204         34.077         70.771       0.674987       0.700338
            205         42.296         74.016       0.636359       0.700338
            206         25.575         64.750       0.716859       0.700338
            207         24.947         85.513       0.774151       0.700338
            208         34.898         70.421       0.668646       0.700338
            209         31.116         61.966       0.665715       0.700338
            210         21.231         81.346       0.793025       0.700338
            211         32.584         80.202       0.711100       0.700338
            212         24.644         74.066       0.750338       0.700338
            213         35.708         62.112       0.634962       0.700338
            214         40.890         63.176       0.607079       0.700338
            215         22.083         78.918       0.781358       0.700338
            216         25.511         57.686       0.693363       0.700338
            217         19.680         58.306       0.747651       0.700338
            218         36.533         73.054       0.666633       0.700338
            219         28.952         69.244       0.705161       0.700338
            220         30.758         75.363       0.710163       0.700338
            221         31.348         67.971       0.684370       0.700338
            222         31.573         68.213       0.683596       0.700338
            223         10.791         89.109       0.891982       0.799039
            224         21.417         92.446       0.811903       0.799039
            225         15.993         55.825       0.777313       0.799039
            226         15.855         88.470       0.848026       0.799039
            227         29.263         82.771       0.738799       0.799039
            228         15.828         78.873       0.832861       0.799039
            229         10.640         81.652       0.884718       0.799039
            230         20.724         88.957       0.811055       0.799039
            231         11.549         79.790       0.873558       0.799039
            232         15.558         97.750       0.862695       0.799039
            233         28.927         76.123       0.724634       0.799039
            234         18.745         76.829       0.803870       0.799039
            235         14.904         63.359       0.809567       0.799039
            236         22.706         84.407       0.788019       0.799039
            237         21.735         69.042       0.760571       0.799039
            238         17.930         81.317       0.819340       0.799039
            239         18.082         71.753       0.798722       0.799039
            240         14.826         78.139       0.840524       0.799039
            241         11.107         67.443       0.858596       0.799039
            242         18.955         89.584       0.825360       0.799039
            243         19.215         72.395       0.790257       0.799039
            244         20.080         88.514       0.815094       0.799039
            245         18.941         82.014       0.812383       0.799039
            246         24.905         79.617       0.761725       0.799039
            247         15.756        101.309       0.865411       0.799039
            248         22.603         72.412       0.762113       0.799039
            249         25.546         63.987       0.714673       0.799039
            250         27.378         76.155       0.735564       0.799039
            251         23.766         77.766       0.765922       0.799039
            252         26.176         74.849       0.740896       0.799039
            253         13.783         78.994       0.851438       0.799039
            254         19.587         79.979       0.803274       0.799039
            255         22.771         89.523       0.797221       0.799039
            256         17.178         86.662       0.834573       0.799039
            257         19.858         86.774       0.813770       0.799039
            258         21.502         79.340       0.786774       0.799039
            259         18.098         78.244       0.812149       0.799039
            260         22.838         69.935       0.753831       0.799039
            261         22.236         86.482       0.795471       0.799039
            262         23.599         76.750       0.764832       0.799039
            263         18.579         84.939       0.820526       0.799039
            264         22.612         85.283       0.790423       0.799039
            265         21.637         91.037       0.807964       0.799039
            266         21.413         85.593       0.799888       0.799039
            267         19.211         75.926       0.798073       0.799039
            268         11.128         71.128       0.864717       0.799039
            269         24.692         78.767       0.761335       0.799039
            270         15.056         73.105       0.829218       0.799039
            271         25.238         93.607       0.787637       0.799039
            272         26.196         75.353       0.742032       0.799039
            273         21.631         90.755       0.807532       0.799039
            274         10.580         75.090       0.876503       0.799039
            275         26.941         74.126       0.733430       0.799039
            276         15.412         74.103       0.827831       0.799039
            277         22.343         67.615       0.751629       0.799039
            278         19.464         79.188       0.802705       0.799039
            279         19.223         77.783       0.801836       0.799039
            280         24.848         70.600       0.739671       0.799039
            281         17.392         93.532       0.843210       0.799039
            282         15.932         81.588       0.836627       0.799039
            283         21.541         88.006       0.803362       0.799039
            284         22.088         81.665       0.787106       0.799039
            285         21.112         78.762       0.788617       0.799039
            286         20.283         87.218       0.811319       0.799039
            287         16.496         71.318       0.812148       0.799039
            288         27.304         79.810       0.745094       0.799039
            289         20.657         87.295       0.808643       0.799039
            290         20.040         67.926       0.772187       0.799039
            291         23.404         94.208       0.801009       0.799039
            292         21.589         76.016       0.778816       0.799039
            293         17.856         69.330       0.795194       0.799039
            294         19.825         84.338       0.809669       0.799039
            295         18.129         78.091       0.811591       0.799039
            296         25.840         92.124       0.780951       0.799039
            297         21.243         83.578       0.797344       0.799039
            298         13.490         81.989       0.858714       0.799039
            299         20.088         77.626       0.794420       0.799039
            300         18.349         90.527       0.831466       0.799039
            301         26.906         89.757       0.769366       0.799039
            302         28.077         69.189       0.711336       0.799039
            303         22.642         71.931       0.760583       0.799039
            304         19.820         93.270       0.824741       0.799039
            305         19.865         79.199       0.799475       0.799039
            306         24.969         72.928       0.744948       0.799039
            307         17.918         87.823       0.830549       0.799039
            308         16.594         85.396       0.837300       0.799039
            309         21.862         74.391       0.772868       0.799039
            310         16.845         76.438       0.819425       0.799039
            311         19.290         81.854       0.809278       0.799039
            312         23.854         64.212       0.729131       0.799039
            313         20.096         79.937       0.799111       0.799039
            314         20.958         61.697       0.746444       0.799039
            315         13.941         73.012       0.839671       0.799039
            316         17.424         88.050       0.834805       0.799039
            317         18.204         85.819       0.825000       0.799039
            318         17.792         86.335       0.829132       0.799039
            319         15.841         60.164       0.791580       0.799039
            320         14.653         76.049       0.838451       0.799039
            321         13.480         66.654       0.831781       0.799039
            322         23.240         94.062       0.801881       0.799039
            323         26.175         89.294       0.773318       0.799039
            324         17.133         76.586       0.817186       0.799039
            325         18.583         85.942       0.822211       0.799039
            326         16.539         89.411       0.843900       0.799039
            327         17.712         95.825       0.843995       0.799039
            328         19.207         74.101       0.794160       0.799039
            329         22.043         71.862       0.765259       0.799039
            330         18.161         87.525       0.828159       0.799039
            331         18.457         77.338       0.807329       0.799039
            332         13.912         92.444       0.869191       0.799039
            333         17.943         84.822       0.825394       0.799039
            334         17.910         69.931       0.796107       0.799039
            335         14.606        101.061       0.873726       0.799039
            336         20.077         78.280       0.795876       0.799039
            337         24.643         68.904       0.736569       0.799039
            338         16.255         77.191       0.826048       0.799039
            339         31.712         71.499       0.692749       0.799039
            340         24.376         76.867       0.759232       0.799039
            341         25.101         89.249       0.780488       0.799039
            342         26.996         82.126       0.752603       0.799039
            343         14.895         81.893       0.846110       0.799039
            344         13.178         83.999       0.864395       0.799039
            345         18.477         92.792       0.833942       0.799039
            346         19.795         76.033       0.793435       0.799039
            347         19.656         77.759       0.798223       0.799039
            348         18.901         78.306       0.805557       0.799039
            349         16.272         78.566       0.828421       0.799039
            350         23.469         77.595       0.767781       0.799039
            351         14.152         87.569       0.860870       0.799039
            352         18.353         63.384       0.775461       0.799039
            353         18.550         73.161       0.797737       0.799039
            354         21.327         71.776       0.770929       0.799039
            355         28.365         77.918       0.733116       0.799039
            356         14.428         86.268       0.856716       0.799039
            357         15.643         75.762       0.828861       0.799039
            358         18.813         69.314       0.786528       0.799039
            359         25.472         68.795       0.729789       0.799039
            360         21.144         85.117       0.801017       0.799039
            361         20.000         75.184       0.789885       0.799039
            362         20.434         89.726       0.814504       0.799039
            363         14.669         72.869       0.832430       0.799039
            364         21.537         81.264       0.790500       0.799039
            365         19.664         76.042       0.794537       0.799039
            366         20.998         80.615       0.793355       0.799039
            367         15.904         81.787       0.837204       0.799039
            368         25.889         75.642       0.745012       0.799039
            369         19.805        103.160       0.838941       0.799039
            370         16.402         78.095       0.826427       0.799039
            371         24.912         82.437       0.767935       0.799039
            372         18.780         73.759       0.797059       0.799039
            373         18.816         84.585       0.818030       0.799039
            374         21.870         78.525       0.782158       0.799039
            375         13.191         83.088       0.862988       0.799039
            376         17.448         70.642       0.801932       0.799039
            377         16.532         72.836       0.815011       0.799039
            378         12.643         70.846       0.848562       0.799039
            379         31.831         75.577       0.703643       0.799039
            380         21.358         76.548       0.781849       0.799039
            381         15.153         80.062       0.840854       0.799039
            382         18.486         77.396       0.807198       0.799039
            383         11.055         87.606       0.887954       0.799039
            384         14.366         85.546       0.856213       0.799039
            385          8.600         78.149       0.900867       0.799039
            386         22.423         74.702       0.769133       0.799039
            387         32.333         64.075       0.664623       0.799039
            388         22.946         94.618       0.804824       0.799039
            389         18.204         84.302       0.822412       0.799039
            390         24.405         77.302       0.760048       0.799039
            391         23.083         75.588       0.766058       0.799039
            392         31.581         64.951       0.672844       0.700338
            393         21.328         76.154       0.781206       0.700338
            394         31.901         59.092       0.649414       0.700338
            395         23.983         78.442       0.765845       0.700338
            396         32.183         77.907       0.707666       0.700338
            397         34.690         67.460       0.660403       0.700338
            398         30.632         68.397       0.690675       0.700338
            399         31.555         68.794       0.685550       0.700338
            400         23.679         65.661       0.734955       0.700338
            401         28.575         69.572       0.708858       0.700338
            402         17.953         73.788       0.804304       0.700338
            403         26.665         73.557       0.733943       0.700338
            404         36.562         69.275       0.654542       0.700338
            405         28.249         78.183       0.734579       0.700338
            406         29.297         74.616       0.718059       0.700338
            407         38.640         77.375       0.666939       0.700338
            408         34.654         59.050       0.630172       0.700338
            409         25.963         52.120       0.667493       0.700338
            410         27.757         77.356       0.735930       0.700338
            411         34.399         69.696       0.669541       0.700338
            412         24.502         73.698       0.750491       0.700338
            413         24.660         55.284       0.691532       0.700338
            414         32.215         63.775       0.664388       0.700338
            415         31.024         55.631       0.641985       0.700338
            416         24.792         74.391       0.750034       0.700338
            417         30.883         72.359       0.700866       0.700338
            418         24.733         66.641       0.729324       0.700338
            419         31.123         70.459       0.693619       0.700338
            420         19.318         85.479       0.815662       0.700338
            421         26.306         73.637       0.736787       0.700338
            422         30.156         62.851       0.675769       0.700338
            423         30.917         69.289       0.691464       0.700338
            424         27.918         79.548       0.740215       0.700338
            425         27.395         68.148       0.713274       0.700338
            426         30.996         71.788       0.698434       0.700338
            427         32.410         75.039       0.698367       0.700338
            428         31.830         56.559       0.639889       0.700338
            429         32.526         66.544       0.671689       0.700338
            430         28.489         76.300       0.728128       0.700338
            431         28.758         45.348       0.611934       0.700338
            432         30.831         63.480       0.673090       0.700338
            433         32.236         69.609       0.683484       0.700338
            434         37.626         64.711       0.632332       0.700338
            435         26.218         64.551       0.711154       0.700338
            436         31.812         63.305       0.665548       0.700338
            437         18.456         69.430       0.790002       0.700338
            438         21.785         63.553       0.744723       0.700338
            439         32.040         88.637       0.734496       0.700338
            440         31.479         81.511       0.721401       0.700338
            441         30.304         75.335       0.713135       0.700338
            442         35.276         61.332       0.634854       0.700338
            443         29.403         68.930       0.700987       0.700338
            444         35.174         83.565       0.703773       0.700338
            445         26.454         62.355       0.702122       0.700338
            446         23.656         61.435       0.721994       0.700338
            447         27.092         79.895       0.746772       0.700338
            448         21.940         65.230       0.748312       0.700338
            449         29.646         74.753       0.716028       0.700338
            450         33.415         84.165       0.715813       0.700338
            451         18.369         64.298       0.777797       0.700338
            452         27.405         64.799       0.702779       0.700338
            453         38.273         80.102       0.676682       0.700338
            454         29.582         66.591       0.692407       0.700338
            455         19.876         79.598       0.800189       0.700338
            456         24.779         53.748       0.684451       0.700338
            457         24.239         61.945       0.718750       0.700338
            458         26.010         82.920       0.761224       0.700338
            459         30.247         67.721       0.691257       0.700338
            460         27.423         50.988       0.650261       0.700338
            461         32.444         70.380       0.684467       0.700338
            462         22.679         78.907       0.776749       0.700338
            463         29.001         74.676       0.720274       0.700338
            464         31.102         66.777       0.682236       0.700338
            465         22.054         67.622       0.754070       0.700338
            466         26.891         66.782       0.712928       0.700338
            467         34.034         59.862       0.637534       0.700338
            468         24.578         77.411       0.759016       0.700338
            469         29.793         74.715       0.714923       0.700338
            470         30.591         80.540       0.724728       0.700338
            471         25.890         69.780       0.729386       0.700338
            472         38.630         49.165       0.559997       0.700338
            473         26.649         73.665       0.734345       0.700338
            474         38.332         83.755       0.686028       0.700338
            475         37.198         76.870       0.673898       0.700338
            476         29.183         69.313       0.703713       0.700338
            477         25.260         67.089       0.726470       0.700338
            478         33.332         52.645       0.612318       0.700338
            479         27.774         65.634       0.702657       0.700338
            480         42.458         58.355       0.578844       0.700338
            481         26.373         77.380       0.745813       0.700338
            482         25.916         69.007       0.726979       0.700338
            483         23.676         68.917       0.744297       0.700338
            484         33.315         61.683       0.649308       0.700338
            485         34.970         54.994       0.611286       0.700338
            486         33.348         63.316       0.655010       0.700338
            487         26.938         61.832       0.696538       0.700338
            488         35.491         58.036       0.620528       0.700338
            489         13.712         59.136       0.811775       0.700338
            490         26.311         77.786       0.747247       0.700338
            491         29.791         74.973       0.715640       0.700338
            492         33.385         65.742       0.663210       0.700338
            493         34.178         59.447       0.634950       0.700338
            494         23.733         80.308       0.771886       0.700338
            495         40.888         75.527       0.648776       0.700338
            496         32.363         64.684       0.666525       0.700338
            497         22.944         68.340       0.748650       0.700338
            498         32.700         67.754       0.674474       0.700338
            499         27.631         64.986       0.701664       0.700338
            500         31.497         82.167       0.722893       0.700338
            501         30.555         66.096       0.683865       0.700338
            502         35.503         71.048       0.666798       0.700338
            503         36.486         93.351       0.718985       0.700338
            504         34.781         57.384       0.622619       0.700338
            505         26.656         67.257       0.716163       0.700338
            506         30.844         63.904       0.674462       0.700338
            507         24.448         67.451       0.733970       0.700338
            508         24.124         66.931       0.735058       0.700338
            509         35.310         54.608       0.607308       0.700338
            510         32.651         60.614       0.649910       0.700338
            511         20.315         58.088       0.740888       0.700338
            512         22.739         70.319       0.755647       0.700338
            513         29.619         73.539       0.712877       0.700338
            514         37.338         77.529       0.674947       0.700338
            515         38.347         57.855       0.601392       0.700338
            516         38.992         84.510       0.684281       0.700338
            517         31.241        100.806       0.763408       0.700338
            518         25.702         77.089       0.749954       0.700338
            519         33.695         66.531       0.663808       0.700338
            520         36.036         70.009       0.660180       0.700338
            521         27.151         62.019       0.695514       0.700338
            522         31.964         69.152       0.683887       0.700338
            523         21.246         78.200       0.786360       0.700338
            524         19.041         60.402       0.760321       0.700338
            525         28.800         60.914       0.678983       0.700338
            526         28.584         74.906       0.723803       0.700338
            527         28.073         73.206       0.722816       0.700338
            528         41.289         67.901       0.621863       0.700338
            529         32.344         76.134       0.701838       0.700338
            530         24.770         58.020       0.700808       0.700338
            531         18.508         78.650       0.809510       0.700338
            532         26.828         74.977       0.736474       0.700338
            533         32.260         73.227       0.694181       0.700338
            534         45.109         66.708       0.596582       0.700338
            535         33.590         61.554       0.646953       0.700338
            536         27.705         65.298       0.702108       0.700338
            537         25.049         75.624       0.751182       0.700338
            538         37.221         70.605       0.654806       0.700338
            539         25.793         67.398       0.723225       0.700338
            540         29.440         67.648       0.696772       0.700338
            541         28.861         77.043       0.727481       0.700338
            542         32.672         66.819       0.671609       0.700338
            543         35.858         72.076       0.667779       0.700338
            544         20.294         81.984       0.801578       0.700338
            545         30.833         69.213       0.691813       0.700338
            546         24.840         60.132       0.707668       0.700338
            547         39.902         68.828       0.633015       0.700338
            548         33.662         82.123       0.709274       0.700338
            549         30.378         70.089       0.697631       0.700338
            550         28.055         68.015       0.707970       0.700338
            551         25.959         79.331       0.753450       0.700338
            552         30.308         75.809       0.714389       0.700338
            553         23.368         84.594       0.783558       0.700338
            554         24.121         78.169       0.764189       0.700338
            555         23.554         68.756       0.744837       0.700338
            556         39.222         70.739       0.643309       0.700338
            557         23.422         69.110       0.746878       0.700338
            558         25.044         66.159       0.725407       0.700338
            559         28.775         52.225       0.644753       0.700338
            560         31.384         85.524       0.731547       0.700338
            561         26.050         60.907       0.700422       0.700338
            562         29.496         73.496       0.713609       0.700338
            563         33.331         62.395       0.651807       0.700338
            564         39.615         71.028       0.641955       0.700338
            565         27.394         50.243       0.647156       0.700338
            566         40.221         87.398       0.684833       0.700338
            567         32.119         67.801       0.678554       0.700338
            568         40.455         69.714       0.632788       0.700338
            569         32.802         72.651       0.688944       0.700338
            570         35.180         80.411       0.695651       0.700338
            571         27.424         79.185       0.742759       0.700338
            572         17.195         71.093       0.805235       0.700338
            573         30.147         62.282       0.673838       0.700338
            574         41.090         76.874       0.651671       0.700338
            575         23.319         70.410       0.751208       0.700338
            576         35.350         72.518       0.672280       0.700338
            577         25.337         69.384       0.732510       0.700338
            578         20.737         64.850       0.757709       0.700338
            579         30.980         65.859       0.680091       0.700338
            580         39.301         60.990       0.608131       0.700338
            581         27.565         59.425       0.683126       0.700338
            582         22.022         96.877       0.814781       0.799039
            583         19.780         72.100       0.784724       0.799039
            584         17.598         82.989       0.825045       0.799039
            585         26.612         72.944       0.732691       0.799039
            586         16.793         82.461       0.830807       0.799039
            587         13.195         84.655       0.865154       0.799039
            588         14.499         76.039       0.839856       0.799039
            589         19.746         71.601       0.783833       0.799039
            590         27.223         58.090       0.680902       0.799039
            591         16.389         62.521       0.792308       0.799039
            592         20.163         79.432       0.797552       0.799039
            593         14.799         73.213       0.831853       0.799039
            594         29.809         73.472       0.711380       0.799039
            595         26.717         65.400       0.709964       0.799039
            596         24.581         66.003       0.728635       0.799039
            597         21.014         78.607       0.789063       0.799039
            598         13.151         74.178       0.849409       0.799039
            599         11.988         73.112       0.859127       0.799039
            600         15.294         75.831       0.832170       0.799039
            601         24.064         79.587       0.767837       0.799039
            602         22.239         71.927       0.763832       0.799039
            603         20.330         91.610       0.818384       0.799039
            604         17.167         59.354       0.775660       0.799039
            605         15.948         78.272       0.830734       0.799039
            606         24.079         81.782       0.772540       0.799039
            607         23.499         70.766       0.750714       0.799039
            608         15.764         90.240       0.851285       0.799039
            609         21.257         83.753       0.797576       0.799039
            610         19.281         74.918       0.795318       0.799039
            611         17.861         69.606       0.795799       0.799039
            612         20.298         78.920       0.795421       0.799039
            613         19.163         70.390       0.786015       0.799039
            614         19.287         76.389       0.798414       0.799039
            615         19.324         82.947       0.811054       0.799039
            616         13.854         85.908       0.861132       0.799039
            617         14.556         73.826       0.835302       0.799039
            618         23.944         82.112       0.774235       0.799039
            619         21.731         85.374       0.797107       0.799039
            620         20.394         95.922       0.824665       0.799039
            621         28.989         86.018       0.747934       0.799039
            622         18.430         81.397       0.815383       0.799039
            623         16.892        101.076       0.856807       0.799039
            624         15.285         87.010       0.850582       0.799039
            625         18.654         82.012       0.814690       0.799039
            626         25.798         91.335       0.779756       0.799039
            627         26.926         66.312       0.711213       0.799039
            628         25.991         78.648       0.751614       0.799039
            629         18.649         66.787       0.781725       0.799039
            630         19.803         74.238       0.789425       0.799039
            631         29.513         89.243       0.751482       0.799039
            632         17.033         72.964       0.810740       0.799039
            633         27.113         82.502       0.752654       0.799039
            634         22.859         96.840       0.809027       0.799039
            635         19.831         76.942       0.795073       0.799039
            636         26.463         86.995       0.766756       0.799039
            637         21.357         83.146       0.795630       0.799039
            638         18.152         85.937       0.825608       0.799039
            639         10.434         72.899       0.874792       0.799039
            640         25.268         51.445       0.670616       0.799039
            641         20.367         65.587       0.763049       0.799039
            642         21.696         77.267       0.780764       0.799039
            643         24.295         75.026       0.755386       0.799039
            644         25.981         74.554       0.741574       0.799039
            645         25.792         77.651       0.750668       0.799039
            646         20.142         89.432       0.816178       0.799039
            647         19.439         82.579       0.809457       0.799039
            648         24.510         82.710       0.771407       0.799039
            649         12.017         82.710       0.873137       0.799039
            650         20.931         84.252       0.801005       0.799039
            651         17.451         91.922       0.840448       0.799039
            652         22.907         93.050       0.802453       0.799039
            653         15.085         84.361       0.848305       0.799039
            654         18.612         89.152       0.827286       0.799039
            655         12.690         71.851       0.849895       0.799039
            656         27.504         83.535       0.752302       0.799039
            657         19.347         65.740       0.772622       0.799039
            658         27.708         62.024       0.691217       0.700338
            659         30.508         72.575       0.704048       0.700338
            660         31.442         69.085       0.687229       0.700338
            661         25.384         66.301       0.723139       0.700338
            662         34.651         84.960       0.710307       0.700338
            663         21.109         60.380       0.740963       0.700338
            664         21.291         77.500       0.784486       0.700338
            665         38.079         72.213       0.654744       0.700338
            666         28.933         84.744       0.745482       0.700338
            667         33.732         73.298       0.684837       0.700338
            668         36.747         75.105       0.671467       0.700338
            669         27.144         60.065       0.688750       0.700338
            670         36.705         56.486       0.606130       0.700338
            671         31.360         84.053       0.728283       0.700338
            672         38.025         61.332       0.617291       0.700338
            673         29.845         80.979       0.730699       0.700338
            674         28.605         80.936       0.738862       0.700338
            675         33.766         77.085       0.695391       0.700338
            676         32.176         72.635       0.693006       0.700338
            677         26.529         77.090       0.743979       0.700338
            678         22.239         63.758       0.741393       0.700338
            679         29.781         70.179       0.702072       0.700338
            680         32.020         70.496       0.687657       0.700338
            681         29.213         77.275       0.725671       0.700338
            682         34.574         75.624       0.686258       0.700338
            683         35.637         78.789       0.688559       0.700338
            684         33.494         74.870       0.690911       0.700338
            685         22.827         71.060       0.756865       0.700338
            686         19.902         61.024       0.754073       0.700338
            687         39.299         65.804       0.626090       0.700338
            688         31.232         64.185       0.672677       0.700338
            689         22.576         81.040       0.782117       0.700338
            690         23.235         71.484       0.754691       0.700338
            691         28.748         65.672       0.695527       0.700338
            692         31.573         87.689       0.735264       0.700338
            693         36.209         68.616       0.654579       0.700338
            694         26.709         58.791       0.687615       0.700338
            695         30.405         57.807       0.655322       0.700338
            696         17.834         58.165       0.765342       0.700338
            697         35.920         65.015       0.644129       0.700338
            698         26.510         53.846       0.670096       0.700338
            699         32.018         56.766       0.639376       0.700338
            700         30.934         76.838       0.712967       0.700338
            701         29.771         78.471       0.724958       0.700338
            702         30.046         69.555       0.698336       0.700338
            703         19.815         54.542       0.733517       0.700338
            704         32.046         81.377       0.717462       0.700338
            705         26.801         84.047       0.758222       0.700338
            706         19.689         54.562       0.734830       0.700338
            707         36.847         82.565       0.691430       0.700338
            708         32.288         55.896       0.633855       0.700338
            709         24.165         77.667       0.762700       0.700338
            710         30.823         68.064       0.688298       0.700338
            711         29.219         73.425       0.715335       0.700338
            712         13.682         65.532       0.827282       0.700338
            713         35.794         79.169       0.688647       0.700338
            714         33.216         81.384       0.710155       0.700338
            715         32.057         69.421       0.684097       0.700338
            716         33.794         81.144       0.705980       0.700338
            717         33.522         66.236       0.663968       0.700338
            718         36.347         83.624       0.697036       0.700338
            719         34.683         85.872       0.712305       0.700338
            720         32.856         77.656       0.702691       0.700338
            721         37.114         72.491       0.661384       0.700338
            722         34.155         74.590       0.685916       0.700338
            723         25.688         75.639       0.746484       0.700338
            724         27.751         77.449       0.736210       0.700338
            725         35.374         68.935       0.660876       0.700338
            726         24.872         67.827       0.731692       0.700338
            727         26.529         76.085       0.741470       0.700338
            728         25.747         70.623       0.732830       0.700338
            729         24.595         75.842       0.755117       0.700338
            730         31.185         73.165       0.701151       0.700338
            731         32.412         79.571       0.710563       0.700338
            732         25.778         85.526       0.768399       0.700338
            733         33.225         79.345       0.704849       0.700338
            734         26.645         66.455       0.713803       0.700338
            735         31.008         71.137       0.696431       0.700338
            736         34.934         66.345       0.655076       0.700338
            737         28.124         69.315       0.711372       0.700338
            738         25.181         65.742       0.723057       0.700338
            739         33.572         66.976       0.666108       0.700338
            740         30.136         66.366       0.687717       0.700338
            741         22.424         59.769       0.727176       0.700338
            742         31.092         68.535       0.687920       0.700338
            743         36.737         59.148       0.616862       0.700338
            744         32.796         70.585       0.682767       0.700338
            745         25.051         68.601       0.732508       0.700338
            746         27.562         68.981       0.714515       0.700338
            747         33.697         58.596       0.634891       0.700338
            748         37.156         74.491       0.667202       0.700338
            749         30.948         83.840       0.730388       0.700338
            750         31.461         79.653       0.716859       0.700338
            751         21.982         67.351       0.753929       0.700338
            752         36.705         66.398       0.643999       0.700338
            753         31.397         77.058       0.710506       0.700338
            754         25.949         80.338       0.755857       0.700338
            755         24.086         76.635       0.760866       0.700338
            756         27.635         68.591       0.712813       0.700338
            757         37.070         76.696       0.674153       0.700338
            758         23.424         78.369       0.769884       0.700338
            759         37.994         54.124       0.587550       0.700338
            760         28.064         63.978       0.695095       0.700338
            761         28.928         70.536       0.709162       0.700338
            762         31.482         67.625       0.682348       0.700338
            763         34.177         82.764       0.707740       0.700338
            764         35.121         65.576       0.651218       0.700338
            765         27.635         69.838       0.716486       0.700338
            766         18.280         68.102       0.788382       0.700338
            767         39.648         62.268       0.610973       0.700338
            768         35.031         73.703       0.677828       0.700338
            769         22.178         79.712       0.782333       0.700338
            770         22.182         67.955       0.753907       0.700338
            771         33.749         65.285       0.659217       0.700338
            772         52.312         77.737       0.597753       0.700338
            773         26.478         71.223       0.728989       0.700338
            774         36.188         59.768       0.622869       0.700338
            775         27.873         74.447       0.727589       0.700338
            776         22.292         73.671       0.767703       0.700338
            777         32.432         63.737       0.662758       0.700338
            778         24.884         67.033       0.729273       0.700338
            779         22.345         77.667       0.776575       0.700338
            780         33.173         67.650       0.670978       0.700338
            781         24.425         68.464       0.737054       0.700338
            782         25.272         72.739       0.742150       0.700338
            783         29.228         70.450       0.706775       0.700338
            784         30.632         78.186       0.718498       0.700338
            785         30.209         82.675       0.732389       0.700338
            786         27.475         59.579       0.684389       0.700338
            787         31.066         59.675       0.657641       0.700338
            788         27.962         69.401       0.712807       0.700338
            789         27.960         67.848       0.708166       0.700338
            790         24.746         84.254       0.772973       0.700338
            791         33.188         72.910       0.687197       0.700338
            792         30.570         61.631       0.668438       0.700338
            793         26.838         79.072       0.746594       0.700338
            794         43.868         76.375       0.635170       0.700338
            795         29.394         67.941       0.698008       0.700338
            796         33.159         61.016       0.647898       0.700338
            797         41.569         79.158       0.655677       0.700338
            798         24.440         76.704       0.758368       0.700338
            799         26.734         52.304       0.661752       0.700338
            800         21.917         69.255       0.759613       0.700338
            801         32.270         68.663       0.680284       0.700338
            802         32.378         74.489       0.697023       0.700338
            803         28.000         81.273       0.743757       0.700338
            804         39.456         59.313       0.600525       0.700338
            805         36.745         71.704       0.661178       0.700338
            806         22.865         66.131       0.743081       0.700338
            807         16.983         75.692       0.816745       0.700338
            808         35.660         67.903       0.655666       0.700338
            809         31.475         61.145       0.660170       0.700338
            810         24.333         83.574       0.774501       0.700338
            811         35.108         60.176       0.631541       0.700338
            812         21.459         67.292       0.758211       0.700338
            813         33.017         70.303       0.680443       0.700338
            814         38.144         66.476       0.635406       0.700338
            815         38.382         69.273       0.643470       0.700338
            816         31.222         62.139       0.665575       0.700338
            817         22.232         68.553       0.755115       0.700338
            818         34.229         69.506       0.670032       0.700338
            819         30.215         80.529       0.727165       0.700338
            820         31.766         66.716       0.677443       0.700338
            821         30.621         83.222       0.731022       0.700338
            822         23.336         65.815       0.738238       0.700338
            823         38.916         82.448       0.679341       0.700338
            824         26.014         61.676       0.703341       0.700338
            825         34.561         64.591       0.651436       0.700338
            826         31.037         70.954       0.695691       0.700338
            827         25.248         66.990       0.726273       0.700338
            828         32.173         62.955       0.661794       0.700338
            829         39.446         61.062       0.607534       0.700338
            830         36.119         71.685       0.664955       0.700338
            831         27.341         70.217       0.719747       0.700338
            832         37.545         90.475       0.706727       0.700338
            833         31.396         61.107       0.660599       0.700338
            834         30.829         63.397       0.672822       0.700338
            835         26.907         80.349       0.749131       0.700338
            836         32.248         64.435       0.666456       0.700338
            837         28.191         66.803       0.703230       0.700338
            838         27.367         66.120       0.707266       0.700338
            839         29.319         74.027       0.716306       0.700338
            840         32.077         82.479       0.719987       0.700338
            841         27.309         86.969       0.761030       0.700338
            842         42.866         57.457       0.572720       0.700338
            843         29.491         70.003       0.703594       0.700338
            844         41.599         71.231       0.631313       0.700338
            845         36.005         63.226       0.637159       0.700338
            846         25.811         96.093       0.788266       0.700338
            847         32.876         53.464       0.619222       0.700338
            848         32.265         74.000       0.696373       0.700338
            849         29.609         56.470       0.656027       0.700338
            850         28.982         58.103       0.667201       0.700338
            851         38.165         55.792       0.593804       0.700338
            852         31.637         72.939       0.697474       0.700338
            853         31.629         71.867       0.694393       0.700338
            854         31.339         70.387       0.691927       0.700338
            855         34.074         73.404       0.682965       0.700338
            856         29.986         68.853       0.696618       0.700338
            857         33.518         66.376       0.664467       0.700338
            858         32.292         61.330       0.655079       0.700338
            859         28.249         57.072       0.668910       0.700338
            860         36.585         68.453       0.651700       0.700338
            861         32.974         67.137       0.670624       0.700338
            862         47.425         62.013       0.566647       0.700338
            863         34.392         64.281       0.651453       0.700338
            864         26.654         54.220       0.670424       0.700338
            865         29.584         57.899       0.661829       0.700338
            866         27.656         71.622       0.721430       0.700338
            867         33.230         75.088       0.693215       0.700338
            868         19.524         57.749       0.747342       0.700338
            869         38.720         72.944       0.653249       0.700338
            870         32.818         78.060       0.704017       0.700338
            871         24.280         77.824       0.762207       0.700338
            872         37.746         63.454       0.627019       0.700338
            873         14.753         98.419       0.869645       0.799039
            874         15.800         63.264       0.800162       0.799039
            875         20.534         73.246       0.781038       0.799039
            876         23.317         70.166       0.750576       0.799039
            877         20.795         75.300       0.783601       0.799039
            878         23.719         71.865       0.751852       0.799039
            879         20.228         88.293       0.813600       0.799039
            880         14.416         91.345       0.863690       0.799039
            881         27.673         71.368       0.720591       0.799039
            882         21.119         71.547       0.772094       0.799039
            883         16.804         92.363       0.846071       0.799039
            884         25.925         68.189       0.724541       0.799039
            885         15.803         69.031       0.813722       0.799039
            886         14.513         87.340       0.857514       0.799039
            887         37.987         55.596       0.594082       0.799039
            888         28.155         85.374       0.752002       0.799039
            889         20.671         82.361       0.799372       0.799039
            890         22.696         69.089       0.752728       0.799039
            891         15.769         73.645       0.823638       0.799039
            892         27.839         92.312       0.768301       0.799039
            893         20.919         88.318       0.808500       0.799039
            894         23.927         78.694       0.766843       0.799039
            895         26.453         83.586       0.759606       0.799039
            896         20.128         60.439       0.750166       0.799039
            897         18.432         65.791       0.781153       0.799039
            898         18.851         84.691       0.817940       0.799039
            899         25.919         82.914       0.761847       0.799039
            900         18.548         84.390       0.819814       0.799039
            901         27.868         77.042       0.734366       0.799039
            902         15.481         80.828       0.839255       0.799039
            903         24.118         89.680       0.788063       0.799039
            904         14.669         79.475       0.844181       0.799039
            905         18.721         76.845       0.804102       0.799039
            906         15.661         80.929       0.837859       0.799039
            907         14.671         78.725       0.842920       0.799039
            908         21.746         98.133       0.818600       0.799039
            909         24.392         83.051       0.772975       0.799039
            910         25.761         82.290       0.761584       0.799039
            911         17.622         72.614       0.804713       0.799039
            912         16.064         91.032       0.850006       0.799039
            913         23.232         84.167       0.783683       0.799039
            914         20.036         91.775       0.820806       0.799039
            915         21.920         88.709       0.801861       0.799039
            916         24.067         76.855       0.761530       0.799039
            917         28.200         68.838       0.709393       0.799039
            918         20.430         86.331       0.808640       0.799039
            919         30.702         89.781       0.745176       0.799039
            920         12.981         82.855       0.864546       0.799039
            921         25.588         76.959       0.750477       0.799039
            922         21.146         82.074       0.795140       0.799039
            923         17.651        102.491       0.853086       0.799039
            924         23.536         80.010       0.772700       0.799039
            925         17.633         94.400       0.842608       0.799039
            926         19.351         82.238       0.809515       0.799039
            927         16.862         89.980       0.842177       0.799039
            928         16.794         71.060       0.808846       0.799039
            929         15.234         62.893       0.805007       0.799039
            930         14.044         90.986       0.866289       0.799039
            931         10.543         79.597       0.883033       0.799039
            932         19.625         58.567       0.749014       0.799039
            933         20.883         86.414       0.805373       0.799039
            934         17.949         81.586       0.819675       0.799039
            935         19.153         67.468       0.778890       0.799039
            936         17.191         75.504       0.814546       0.799039
            937         19.540         77.805       0.799273       0.799039
            938         16.872         81.097       0.827786       0.799039
            939         22.883         70.550       0.755086       0.799039
            940         21.996         78.886       0.781966       0.799039
            941         24.363         90.130       0.787209       0.799039
            942         20.903         84.832       0.802310       0.799039
            943         25.011         78.032       0.757277       0.799039
            944         14.835         84.924       0.851290       0.799039
            945         17.325         80.810       0.823461       0.799039
            946         24.459         93.314       0.792318       0.799039
            947         22.472         84.328       0.789587       0.799039
            948         13.412         84.055       0.862393       0.799039
            949         20.534         87.970       0.810756       0.799039
            950         14.411         77.213       0.842716       0.799039
            951         19.828         85.534       0.811812       0.799039
            952         17.933         78.307       0.813665       0.799039
            953         20.184         81.059       0.800638       0.799039
            954         17.128         73.958       0.811961       0.799039
            955         25.768         62.077       0.706668       0.799039
            956         17.547         74.798       0.809988       0.799039
            957         19.406         79.233       0.803262       0.799039
            958         16.981         81.230       0.827098       0.799039
            959         21.304         77.318       0.783981       0.799039
            960         22.842         64.694       0.739058       0.799039
            961         25.629         89.890       0.778138       0.799039
            962         16.871         83.655       0.832170       0.799039
            963         26.462         86.592       0.765935       0.799039
            964         21.855         69.612       0.761057       0.799039
            965         21.556         74.144       0.774756       0.799039
            966         18.896         80.454       0.809806       0.799039
            967         17.668         81.887       0.822527       0.799039
            968         19.031         95.329       0.833590       0.799039
            969         17.300         76.903       0.816352       0.799039
            970         24.855         67.060       0.729585       0.799039
            971         22.083         78.685       0.780857       0.799039
            972         27.170         75.270       0.734769       0.799039
            973         15.849         81.325       0.836904       0.799039
            974         20.908         67.877       0.764508       0.799039
            975         17.464         88.322       0.834914       0.799039
            976         25.923         68.107       0.724314       0.799039
            977         12.823         84.253       0.867911       0.799039
            978         24.938         90.283       0.783565       0.799039
            979         22.883         87.380       0.792467       0.799039
            980         21.566         75.521       0.777865       0.799039
            981         18.814         77.974       0.805615       0.799039
            982         23.413         92.182       0.797459       0.799039
            983         12.115         82.831       0.872403       0.799039
            984         24.863         87.277       0.778288       0.799039
            985         25.049         72.818       0.744051       0.799039
            986         18.947         87.929       0.822717       0.799039
            987         15.903         86.602       0.844855       0.799039
            988         30.147         79.417       0.724848       0.700338
            989         26.386         55.482       0.677700       0.700338
            990         34.473         63.022       0.646409       0.700338
            991         30.660         69.876       0.695034       0.700338
            992         27.984         56.058       0.667022       0.700338
            993         18.211         72.012       0.798153       0.700338
            994         31.400         71.243       0.694087       0.700338
            995         35.905         64.448       0.642213       0.700338
            996         26.440         67.279       0.717882       0.700338
            997         35.073         75.012       0.681403       0.700338
            998         35.568         75.848       0.680766       0.700338
            999         19.292         55.943       0.743578       0.700338
           1000         42.085         75.065       0.640761       0.700338
