              1         31.588         64.598       0.671595       0.703577
              2         32.222         83.887       0.722488       0.703577
              3         27.540         78.346       0.739905       0.703577
              4         20.548         59.224       0.742419       0.703577
              5         31.175         74.341       0.704545       0.703577
              6         25.391         64.121       0.716340       0.703577
              7         29.749         67.515       0.694143       0.703577
              8         28.346         52.076       0.647531       0.703577
              9         29.054         54.909       0.653964       0.703577
             10         21.234         79.413       0.789028       0.703577
             11         27.065         62.252       0.696978       0.703577
             12         35.807         81.802       0.695540       0.703577
             13         34.120         52.088       0.604217       0.703577
             14         19.030         88.090       0.822347       0.703577
             15         44.367         67.429       0.603143       0.703577
             16         22.692         87.549       0.794160       0.703577
             17         32.737         55.672       0.629711       0.703577
             18         32.612         68.468       0.677363       0.703577
             19         16.075         60.397       0.789792       0.703577
             20         28.072         97.235       0.775977       0.703577
             21         18.297         62.205       0.772718       0.703577
             22         18.893         81.373       0.811572       0.703577
             23         28.815         75.573       0.723962       0.703577
             24         23.221         67.742       0.744718       0.703577
             25         23.593         72.834       0.755324       0.703577
             26         24.639         83.228       0.771582       0.703577
             27         19.262         62.159       0.763427       0.703577
             28         43.989         64.483       0.594464       0.703577
             29         18.887         63.114       0.769670       0.703577
             30         36.941         51.678       0.583149       0.703577
             31         20.562         47.091       0.696072       0.703577
             32         32.243         67.039       0.675235       0.703577
             33         25.464         92.297       0.783768       0.703577
             34         17.180         40.720       0.703280       0.703577
             35         25.227         75.482       0.749507       0.703577
             36         34.157         90.926       0.726924       0.703577
             37         36.906         68.402       0.649542       0.703577
             38         15.425         84.154       0.845098       0.703577
             39         23.249         72.654       0.757573       0.703577
             40         39.829         68.544       0.632481       0.703577
             41         31.915         77.889       0.709345       0.703577
             42         16.543         73.349       0.815963       0.703577
             43         18.979         61.377       0.763817       0.703577
             44         26.889         68.848       0.719137       0.703577
             45         29.279         74.156       0.716932       0.703577
             46         41.510         64.104       0.606967       0.703577
             47         29.983         72.903       0.708578       0.703577
             48         19.458         64.799       0.769059       0.703577
             49         39.887         74.253       0.650542       0.703577
             50         26.426         56.849       0.682668       0.703577
             51         32.732         85.305       0.722698       0.703577
             52         13.982         79.561       0.850526       0.703577
             53         32.389         74.675       0.697481       0.703577
             54         25.817         58.725       0.694624       0.703577
             55         31.796         64.452       0.669647       0.703577
             56         33.947         55.841       0.621921       0.703577
             57         31.927         58.655       0.647539       0.703577
             58         30.138         82.115       0.731516       0.703577
             59         19.524         84.100       0.811591       0.703577
             60         44.755         75.574       0.628059       0.703577
             61         26.773         51.437       0.657679       0.703577
             62         22.509         66.525       0.747186       0.703577
             63         41.728         78.490       0.652898       0.703577
             64         19.540         58.154       0.748498       0.703577
             65         21.835         68.462       0.758185       0.703577
             66         27.112         78.804       0.744022       0.703577
             67         32.021         58.792       0.647394       0.703577
             68         32.974         60.832       0.648488       0.703577
             69         39.125         87.119       0.690088       0.703577
             70         37.799         72.576       0.657540       0.703577
             71         32.827         99.309       0.751568       0.703577
             72         53.199         76.194       0.588859       0.703577
             73         23.772         65.635       0.734114       0.703577
             74         52.671         70.539       0.572514       0.703577
             75         29.858         77.569       0.722060       0.703577
             76         24.298         78.830       0.764392       0.703577
             77         30.681         95.749       0.757329       0.703577
             78         41.790         72.756       0.635169       0.703577
             79         35.040         82.142       0.700975       0.703577
             80         14.495         86.881       0.857014       0.703577
             81         26.444         52.248       0.663951       0.703577
             82         23.264         74.118       0.761106       0.703577
             83         32.677         54.162       0.623709       0.703577
             84         30.888         79.445       0.720050       0.703577
             85         32.217         82.139       0.718274       0.703577
             86         33.446         75.604       0.693294       0.703577
             87         22.853         60.425       0.725579       0.703577
             88         33.451         59.605       0.640530       0.703577
             89         33.607         80.288       0.704932       0.703577
             90         19.204         69.627       0.783818       0.703577
             91         29.168         50.131       0.632175       0.703577
             92         26.685         50.455       0.654069       0.703577
             93         32.873         72.816       0.688964       0.703577
             94         28.309         83.828       0.747551       0.703577
             95         36.625         69.853       0.656032       0.703577
             96         34.187         55.378       0.618299       0.703577
             97         28.217         81.624       0.743113       0.703577
             98         22.366         56.538       0.716545       0.703577
             99         28.936         56.456       0.661138       0.703577
            100         22.745         60.573       0.727007       0.703577
            101         33.203         75.078       0.693365       0.703577
            102         27.425         72.030       0.724244       0.703577
            103         37.202         86.316       0.698811       0.703577
            104         43.669         65.630       0.600462       0.703577
            105         41.984         51.962       0.553106       0.703577
            106         41.541         86.964       0.676739       0.703577
            107         24.018         74.898       0.757190       0.703577
            108         25.673         77.321       0.750734       0.703577
            109         37.194         82.912       0.690325       0.703577
            110         23.054         56.125       0.708842       0.703577
            111         31.521         69.088       0.686701       0.703577
            112         21.050         66.786       0.760349       0.703577
            113         24.471         80.268       0.766361       0.703577
            114         34.295         52.081       0.602957       0.703577
            115         32.622         79.001       0.707750       0.703577
            116         23.376         89.025       0.792033       0.703577
            117         13.205         58.171       0.814995       0.703577
            118         34.225         52.921       0.607268       0.703577
            119          8.965         80.854       0.900189       0.703577
            120         29.752         66.672       0.691445       0.703577
            121         35.655         70.190       0.663140       0.703577
            122         24.360         78.711       0.763661       0.703577
            123         15.509         43.391       0.736692       0.703577
            124         17.501         71.460       0.803274       0.703577
            125         27.646         75.408       0.731732       0.703577
            126         31.281         63.684       0.670609       0.703577
            127         30.790         64.477       0.676804       0.703577
            128         41.189         85.846       0.675763       0.703577
            129         27.055         67.813       0.714813       0.703577
            130         27.966         58.260       0.675670       0.703577
            131         45.731         96.170       0.677725       0.703577
            132         16.118         77.309       0.827478       0.703577
            133         29.508         56.181       0.655638       0.703577
            134         34.929         44.000       0.557465       0.703577
            135         40.600         70.376       0.634159       0.703577
            136         29.628         81.414       0.733182       0.703577
            137         41.424         79.666       0.657907       0.703577
            138         31.188         66.246       0.679908       0.703577
            139         21.100         83.781       0.798816       0.703577
            140         25.530         67.357       0.725146       0.703577
            141         36.550         70.509       0.658600       0.703577
            142         33.154         74.021       0.690651       0.703577
            143         43.856         60.532       0.579872       0.703577
            144         33.553         57.056       0.629698       0.703577
            145         16.184         72.117       0.816718       0.703577
            146         31.149         81.230       0.722822       0.703577
            147         24.032         88.432       0.786314       0.703577
            148         35.035         37.812       0.519057       0.703577
            149         30.713         76.503       0.713540       0.703577
            150         34.382         77.344       0.692265       0.703577
            151         35.771         62.972       0.637737       0.703577
            152         35.279         62.290       0.638418       0.703577
            153         43.608         74.054       0.629378       0.703577
            154         26.093         64.144       0.710836       0.703577
            155         39.084         65.564       0.626519       0.703577
            156         21.300         60.470       0.739514       0.703577
            157         24.745         50.725       0.672118       0.703577
            158         37.431         39.776       0.515192       0.703577
            159         28.573         51.708       0.644087       0.703577
            160         34.487         74.673       0.684069       0.703577
            161         19.633         54.855       0.736425       0.703577
            162         23.761         72.195       0.752377       0.703577
            163         39.512         59.393       0.600503       0.703577
            164         23.129         65.995       0.740482       0.703577
            165         24.021         76.451       0.760918       0.703577
            166         35.275         75.862       0.682596       0.703577
            167         16.675         67.131       0.801030       0.703577
            168         41.576         74.576       0.642058       0.703577
            169         24.671         58.948       0.704959       0.703577
            170         29.434         64.299       0.685977       0.703577
            171         19.730         78.009       0.798133       0.703577
            172         43.546         71.936       0.622920       0.703577
            173         44.760         66.878       0.599062       0.703577
            174         39.207         54.947       0.583585       0.703577
            175         21.883         62.573       0.740896       0.703577
            176         35.457         46.896       0.569455       0.703577
            177         20.281         72.044       0.780325       0.703577
            178         33.589         90.240       0.728749       0.703577
            179         30.049         67.167       0.690906       0.703577
            180         29.387         66.996       0.695098       0.703577
            181         41.311         97.715       0.702854       0.703577
            182         17.750         58.489       0.767177       0.703577
            183         29.652         78.400       0.725574       0.703577
            184         26.732         74.890       0.736943       0.703577
            185         32.940         51.738       0.611000       0.703577
            186         30.665         86.021       0.737203       0.703577
            187         38.198         58.058       0.603162       0.703577
            188         32.594         49.272       0.601858       0.703577
            189         23.558         77.036       0.765809       0.703577
            190         22.601         73.794       0.765538       0.703577
            191         28.718         70.905       0.711731       0.703577
            192         28.976         64.935       0.691453       0.703577
            193         29.716         75.286       0.717000       0.703577
            194         27.975         60.097       0.682364       0.703577
            195         23.197         87.146       0.789772       0.703577
            196         25.515         60.058       0.701835       0.703577
            197         24.976         65.368       0.723548       0.703577
            198         29.012         55.274       0.655789       0.703577
            199         20.394         54.763       0.728652       0.703577
            200         29.193         68.773       0.702009       0.703577
            201         21.368         34.107       0.614814       0.703577
            202         23.870         67.585       0.738998       0.703577
            203         23.739         49.558       0.676124       0.703577
            204         28.902         64.323       0.689978       0.703577
            205         20.346         66.216       0.764957       0.703577
            206         25.192         63.511       0.715998       0.703577
            207         32.167         85.107       0.725713       0.703577
            208         27.637         64.076       0.698656       0.703577
            209         35.032         79.752       0.694802       0.703577
            210         48.437         67.583       0.582512       0.703577
            211         26.465        102.816       0.795288       0.703577
            212         31.971         70.574       0.688226       0.703577
            213         38.678         65.642       0.629239       0.703577
            214         34.604         74.322       0.682313       0.703577
            215         23.214         70.744       0.752934       0.703577
            216         23.362         58.016       0.712921       0.703577
            217         35.815         64.046       0.641352       0.703577
            218         29.265         66.166       0.693340       0.703577
            219         27.946         75.667       0.730282       0.703577
            220         17.444         67.765       0.795280       0.703577
            221         44.434         80.012       0.642945       0.703577
            222         32.714         92.065       0.737823       0.703577
            223         40.474         74.728       0.648669       0.703577
            224         39.599         46.081       0.537830       0.703577
            225         43.418         63.181       0.592698       0.703577
            226         13.514         83.334       0.860462       0.703577
            227         28.648         67.467       0.701940       0.703577
            228         25.784         79.757       0.755696       0.703577
            229         30.156         73.312       0.708547       0.703577
            230         20.746         82.037       0.798155       0.703577
            231         39.468         79.494       0.668226       0.703577
            232         28.326         70.760       0.714131       0.703577
            233         41.420         74.933       0.644016       0.703577
            234         22.834         79.483       0.776831       0.703577
            235         34.558         90.905       0.724554       0.703577
            236         11.918         87.368       0.879964       0.703577
            237         32.285         64.534       0.666546       0.703577
            238         30.628         60.334       0.663284       0.703577
            239         25.200         83.054       0.767210       0.703577
            240         41.391         80.090       0.659281       0.703577
            241         37.902         61.479       0.618621       0.703577
            242         17.010         62.248       0.785379       0.703577
            243         33.546         71.576       0.680888       0.703577
            244         34.340         56.693       0.622774       0.703577
            245         29.262         66.003       0.692838       0.703577
            246         36.037         82.183       0.695171       0.703577
            247         29.574         92.632       0.757998       0.703577
            248         21.680         51.797       0.704938       0.703577
            249         21.960         44.644       0.670289       0.703577
            250         34.966         60.447       0.633531       0.703577
            251         50.626         54.378       0.517870       0.703577
            252         21.009         76.534       0.784621       0.703577
            253         38.236         31.648       0.452866       0.703577
            254         28.095         56.020       0.665995       0.703577
            255         32.544         62.331       0.656980       0.703577
            256         32.483         76.619       0.702268       0.703577
            257         28.600         61.943       0.684131       0.703577
            258         14.364         61.443       0.810515       0.703577
            259         36.826         60.123       0.620153       0.703577
            260         34.429         73.861       0.682064       0.703577
            261         22.076        107.187       0.829218       0.703577
            262         20.507         70.644       0.775018       0.703577
            263         32.161         92.501       0.742012       0.703577
            264         27.746         71.780       0.721216       0.703577
            265         23.794         66.127       0.735385       0.703577
            266         33.099         73.786       0.690331       0.703577
            267         36.160         87.959       0.708668       0.703577
            268         39.218         73.426       0.651839       0.703577
            269         26.626         73.974       0.735325       0.703577
            270         28.291         76.717       0.730580       0.703577
            271         20.928         70.026       0.769908       0.703577
            272         28.490         91.725       0.763011       0.703577
            273         26.910         88.353       0.766531       0.703577
            274         27.806         72.620       0.723116       0.703577
            275         25.005         83.564       0.769686       0.703577
            276         33.459         53.084       0.613381       0.703577
            277         47.868         81.074       0.628762       0.703577
            278         20.257         87.248       0.811574       0.703577
            279         26.601         60.653       0.695132       0.703577
            280         30.983         75.319       0.708537       0.703577
            281         23.482         78.255       0.769192       0.703577
            282         28.584         83.780       0.745616       0.703577
            283         24.641         82.415       0.769833       0.703577
            284         23.757         85.817       0.783188       0.703577
            285         15.542         57.231       0.786432       0.703577
            286         36.673         57.624       0.611095       0.703577
            287         23.884        101.237       0.809112       0.703577
            288         35.052         64.691       0.648577       0.703577
            289         30.282         95.127       0.758535       0.703577
            290         19.749         76.323       0.794432       0.703577
            291         32.607         51.884       0.614077       0.703577
            292         47.921         58.462       0.549543       0.703577
            293         24.595         75.902       0.755264       0.703577
            294         17.940         82.242       0.820924       0.703577
            295         36.490         48.730       0.571812       0.703577
            296         22.847         43.234       0.654259       0.703577
            297         28.187         55.760       0.664230       0.703577
            298         32.202         67.772       0.677901       0.703577
            299         23.074         94.935       0.804470       0.703577
            300         40.441         94.562       0.700443       0.703577
            301         32.568         60.378       0.649604       0.703577
            302         24.733         77.324       0.757654       0.703577
            303         38.427         67.657       0.637767       0.703577
            304         19.999         64.752       0.764029       0.703577
            305         27.344         71.655       0.723793       0.703577
            306         34.075         71.678       0.677789       0.703577
            307         45.688         69.938       0.604861       0.703577
            308         43.844         61.608       0.584229       0.703577
            309         39.191         58.168       0.597455       0.703577
            310         22.745         89.619       0.797574       0.703577
            311         45.501         68.304       0.600184       0.703577
            312         41.534         73.696       0.639556       0.703577
            313         47.481         88.709       0.651365       0.703577
            314         21.511         64.772       0.750688       0.703577
            315         15.196         41.041       0.729792       0.703577
            316         23.312         60.057       0.720372       0.703577
            317         32.055         62.484       0.660934       0.703577
            318         32.982         65.462       0.664967       0.703577
            319         32.830         98.197       0.749443       0.703577
            320         24.571         50.422       0.672350       0.703577
            321         39.832         77.170       0.659560       0.703577
            322         23.288         52.478       0.692633       0.703577
            323         34.516         64.481       0.651346       0.703577
            324         33.422         45.635       0.577244       0.703577
            325         22.556         67.972       0.750839       0.703577
            326         29.794         69.594       0.700228       0.703577
            327         24.958         65.464       0.723980       0.703577
            328         36.779         81.445       0.688905       0.703577
            329         26.053         49.503       0.655184       0.703577
            330         16.479         81.314       0.831491       0.703577
            331         29.075         45.838       0.611885       0.703577
            332         29.127         44.884       0.606453       0.703577
            333         36.512         66.446       0.645370       0.703577
            334         27.291         72.427       0.726322       0.703577
            335         36.812         91.529       0.713173       0.703577
            336         28.856         82.327       0.740466       0.703577
            337         16.824         74.977       0.816731       0.703577
            338         52.184         76.920       0.595800       0.703577
            339         39.658         67.194       0.628852       0.703577
            340         16.199         89.930       0.847364       0.703577
            341         19.263         71.894       0.788684       0.703577
            342         32.056         78.097       0.708986       0.703577
            343         15.671         84.858       0.844111       0.703577
            344         36.617         91.377       0.713917       0.703577
            345         30.317         67.276       0.689355       0.703577
            346         23.465         78.187       0.769167       0.703577
            347         48.220         56.716       0.540483       0.703577
            348         28.166         62.028       0.687714       0.703577
            349         32.664         80.102       0.710335       0.703577
            350         36.407         76.304       0.676990       0.703577
            351         32.295         97.010       0.750240       0.703577
            352         32.812         91.568       0.736195       0.703577
            353         32.229         62.939       0.661347       0.703577
            354         24.591         62.190       0.716633       0.703577
            355         28.176         95.302       0.771815       0.703577
            356         25.139         69.767       0.735114       0.703577
            357         26.665         55.086       0.673825       0.703577
            358         31.135         72.592       0.699839       0.703577
            359         17.293         67.759       0.796679       0.810979
            360         22.745        109.127       0.827524       0.810979
            361         19.002         86.277       0.819506       0.810979
            362         25.498         45.622       0.641478       0.810979
            363         18.807         89.336       0.826088       0.810979
            364         19.423         78.264       0.801174       0.810979
            365         26.433         93.829       0.780204       0.810979
            366         21.409        101.810       0.826254       0.810979
            367          9.803         98.247       0.909276       0.810979
            368         15.187         84.914       0.848281       0.810979
            369         17.843         74.751       0.807298       0.810979
            370         18.978         93.582       0.831394       0.810979
            371         26.276         65.477       0.713624       0.810979
            372         14.625         73.982       0.834943       0.810979
            373         17.607         65.760       0.788797       0.810979
            374         26.660         71.565       0.728587       0.810979
            375         31.047         82.411       0.726358       0.810979
            376         18.393         75.218       0.803521       0.810979
            377         20.265         74.238       0.785564       0.810979
            378          6.565         71.531       0.915940       0.810979
            379          9.183         86.812       0.904343       0.810979
            380         28.471         95.121       0.769635       0.810979
            381         20.454         96.927       0.825748       0.810979
            382         19.218         70.407       0.785573       0.810979
            383         18.309         95.300       0.838845       0.810979
            384         25.941         89.896       0.776057       0.810979
            385         20.294        107.883       0.841671       0.810979
            386         16.653         83.674       0.834016       0.810979
            387         25.831         89.755       0.776523       0.810979
            388         17.586         90.791       0.837735       0.810979
            389          9.871         82.735       0.893409       0.810979
            390         18.289         81.378       0.816502       0.810979
            391         20.482         94.119       0.821276       0.810979
            392         21.461         81.802       0.792170       0.810979
            393         23.506         77.974       0.768369       0.810979
            394         16.260         92.601       0.850636       0.810979
            395         19.542         87.492       0.817424       0.810979
            396         20.438         72.887       0.781004       0.810979
            397         12.543         55.217       0.814888       0.810979
            398         17.687        103.801       0.854415       0.810979
            399         13.099         76.322       0.853509       0.810979
            400         12.594         78.652       0.861977       0.810979
            401         22.283         83.125       0.788602       0.810979
            402         29.878         65.263       0.685962       0.703577
            403         28.438         64.029       0.692450       0.703577
            404         22.339         89.237       0.799786       0.703577
            405         40.936         78.654       0.657699       0.703577
            406         21.537         64.521       0.749734       0.703577
            407         23.720         57.921       0.709461       0.703577
            408         30.121         79.448       0.725096       0.703577
            409         25.762         68.463       0.726590       0.703577
            410         21.387         50.173       0.701130       0.703577
            411         37.294         48.814       0.566889       0.703577
            412         32.055         80.511       0.715231       0.703577
            413         18.272         74.164       0.802327       0.703577
            414         12.556         78.130       0.861541       0.703577
            415         28.456         55.770       0.662149       0.703577
            416         29.145         87.996       0.751199       0.703577
            417         39.341         80.095       0.670608       0.703577
            418         21.331         84.924       0.799250       0.703577
            419         25.769         62.562       0.708264       0.703577
            420         29.300         70.344       0.705958       0.703577
            421         30.895         78.203       0.716815       0.703577
            422         13.510         46.868       0.776249       0.703577
            423         30.900         68.190       0.688158       0.703577
            424         32.612         86.079       0.725240       0.703577
            425         35.825         89.126       0.713288       0.703577
            426         39.690         54.345       0.577928       0.703577
            427         46.948         79.361       0.628310       0.703577
            428         19.203         71.834       0.789060       0.703577
            429         28.784         89.979       0.757631       0.703577
            430         40.446         67.679       0.625936       0.703577
            431         24.100         71.607       0.748186       0.703577
            432         27.038         98.292       0.784264       0.703577
            433         23.885         60.250       0.716114       0.703577
            434         32.105         75.421       0.701425       0.703577
            435         28.530         68.050       0.704595       0.703577
            436         27.935         47.622       0.630280       0.703577
            437         33.494         64.407       0.657881       0.703577
            438         29.936         75.232       0.715351       0.703577
            439         29.014         70.637       0.708846       0.703577
            440         34.768         60.754       0.636023       0.703577
            441         45.177         48.826       0.519413       0.703577
            442         41.324         68.094       0.622327       0.703577
            443         25.581         52.443       0.672138       0.703577
            444         27.377         56.613       0.674046       0.703577
            445         36.831         56.490       0.605329       0.703577
            446         27.424         71.949       0.724028       0.703577
            447         51.324         64.597       0.557249       0.703577
            448         23.875         45.530       0.656007       0.703577
            449         21.229         73.697       0.776366       0.703577
            450         34.306         37.576       0.522743       0.703577
            451         32.478         85.877       0.725590       0.703577
            452         16.822         53.468       0.760672       0.703577
            453         39.531         70.401       0.640407       0.703577
            454         25.955         65.613       0.716548       0.703577
            455         22.856         82.993       0.784073       0.703577
            456         35.379         84.419       0.704680       0.703577
            457         30.173         80.411       0.727150       0.703577
            458         35.445         70.434       0.665232       0.703577
            459         26.098         83.175       0.761166       0.703577
            460         25.982         65.586       0.716251       0.703577
            461         33.048         66.754       0.668864       0.703577
            462         36.183         87.781       0.708120       0.703577
            463         -2.339         87.138       1.027586       0.703577
            464         37.080         71.297       0.657862       0.703577
            465         32.183         72.832       0.693540       0.703577
            466         17.502         95.275       0.844806       0.703577
            467         22.322         49.849       0.690708       0.703577
            468         11.029         53.215       0.828319       0.703577
            469         27.614         74.918       0.730681       0.703577
            470         32.603         78.454       0.706429       0.703577
            471         42.409         72.449       0.630772       0.703577
            472         24.317         64.992       0.727717       0.703577
            473         37.020         61.378       0.623771       0.703577
            474         34.845         73.573       0.678607       0.703577
            475         28.250         67.509       0.704991       0.703577
            476         28.978         56.169       0.659668       0.703577
            477         30.470         87.372       0.741436       0.703577
            478         28.566         72.203       0.716521       0.703577
            479          7.456         67.424       0.900430       0.703577
            480         30.169         58.989       0.661622       0.703577
            481         38.644         86.204       0.690473       0.703577
            482         24.802         64.538       0.722385       0.703577
            483         24.918         70.491       0.738827       0.703577
            484         15.519         77.312       0.832824       0.703577
            485         10.744         78.692       0.879872       0.703577
            486         17.748         73.907       0.806364       0.703577
            487         27.292         72.137       0.725510       0.703577
            488         30.840         70.771       0.696492       0.703577
            489         35.060         60.438       0.632876       0.703577
            490         36.542         55.144       0.601445       0.703577
            491         34.919         84.771       0.708253       0.703577
            492         24.385         79.398       0.765036       0.703577
            493         29.799         82.654       0.735013       0.703577
            494         33.178         66.492       0.667120       0.703577
            495         22.976         72.671       0.759785       0.703577
            496         39.156         70.751       0.643734       0.703577
            497         29.111         78.282       0.728933       0.703577
            498         45.788         63.783       0.582118       0.703577
            499         30.920         54.362       0.637438       0.703577
            500         17.461         65.526       0.789592       0.703577
            501         22.989         67.157       0.744977       0.703577
            502         28.073         52.783       0.652801       0.703577
            503         33.519         73.120       0.685680       0.703577
            504         26.337         69.301       0.724619       0.703577
            505         26.885         62.985       0.700849       0.703577
            506         33.445         62.228       0.650422       0.703577
            507         27.112         98.733       0.784559       0.703577
            508         34.819         70.865       0.670538       0.703577
            509         51.329         77.344       0.601091       0.703577
            510         12.627         56.281       0.816758       0.703577
            511         37.359         87.136       0.699917       0.703577
            512         35.858         80.837       0.692721       0.703577
            513         30.036         85.613       0.740283       0.703577
            514         35.802         54.627       0.604085       0.703577
            515         33.122         58.582       0.638815       0.703577
            516         19.714         68.440       0.776371       0.703577
            517         26.650         69.853       0.723842       0.703577
            518         25.674         96.185       0.789312       0.810979
            519         16.683         66.553       0.799570       0.810979
            520         18.014         58.408       0.764281       0.810979
            521         26.591        100.791       0.791251       0.810979
            522          8.721        124.862       0.934715       0.810979
            523         26.411        103.755       0.797101       0.810979
            524         14.592         91.000       0.861804       0.810979
            525         19.546         85.074       0.813168       0.810979
            526         28.074         59.224       0.678410       0.810979
            527         21.620         95.644       0.815628       0.810979
            528         16.494         74.334       0.818402       0.810979
            529         32.017         65.798       0.672678       0.810979
            530         10.643        106.860       0.909420       0.810979
            531         22.337         94.246       0.808401       0.810979
            532         16.383         77.806       0.826061       0.810979
            533         14.076         86.633       0.860233       0.810979
            534         31.554         84.541       0.728203       0.810979
            535         19.457         73.025       0.789616       0.810979
            536         19.561         82.514       0.808363       0.810979
            537         38.088         62.376       0.620878       0.810979
            538         29.746         83.804       0.738034       0.810979
            539         19.567         72.568       0.787626       0.810979
            540         25.969         65.116       0.714893       0.810979
            541         29.214         67.394       0.697607       0.810979
            542         16.646         96.444       0.852805       0.810979
            543         26.063         70.461       0.729984       0.810979
            544         22.227         60.030       0.729787       0.810979
            545         23.917        101.167       0.808789       0.810979
            546         12.136         87.871       0.878645       0.810979
            547         18.157         75.662       0.806471       0.810979
            548         18.627         60.186       0.763652       0.810979
            549         16.053         87.052       0.844304       0.810979
            550         22.686         65.129       0.741665       0.810979
            551         23.921         84.209       0.778776       0.810979
            552         13.938         60.154       0.811883       0.810979
            553         12.705         82.443       0.866469       0.810979
            554          8.868         82.846       0.903307       0.810979
            555         10.845         70.273       0.866305       0.810979
            556         24.903         92.310       0.787543       0.810979
            557         15.960         93.762       0.854542       0.810979
            558         12.464         94.711       0.883702       0.810979
            559         11.688         82.092       0.875365       0.810979
            560         17.803         83.428       0.824134       0.810979
            561         23.045         77.182       0.770075       0.810979
            562         25.690         75.728       0.746694       0.810979
            563         15.298         97.246       0.864072       0.810979
            564         25.125         77.108       0.754237       0.810979
            565         17.350         78.873       0.819691       0.810979
            566         19.384         76.319       0.797455       0.810979
            567         22.069         89.431       0.802070       0.810979
            568         19.199         89.360       0.823144       0.810979
            569         21.321         85.757       0.800887       0.810979
            570          5.960         83.538       0.933403       0.810979
            571          6.984         81.993       0.921503       0.810979
            572         18.076         90.974       0.834238       0.810979
            573         19.526         84.014       0.811415       0.810979
            574         28.002         75.097       0.728400       0.810979
            575         27.081         92.254       0.773067       0.810979
            576         17.460         75.860       0.812900       0.810979
            577         29.035         62.572       0.683050       0.810979
            578         26.472         82.999       0.758184       0.810979
            579         17.747         93.942       0.841107       0.810979
            580          2.088         93.965       0.978257       0.810979
            581         18.863         74.811       0.798627       0.810979
            582         16.722         83.956       0.833907       0.810979
            583         25.076         78.628       0.758200       0.810979
            584         35.506        101.518       0.740879       0.810979
            585         14.326         90.041       0.862738       0.810979
            586         20.301         79.299       0.796173       0.810979
            587         28.404         82.361       0.743565       0.810979
            588          7.514         78.580       0.912718       0.810979
            589          4.429         98.275       0.956878       0.810979
            590          8.359         66.304       0.888045       0.810979
            591         20.834         85.868       0.804748       0.810979
            592         15.805         82.615       0.839411       0.810979
            593         35.841         51.488       0.589589       0.703577
            594         23.420         81.366       0.776499       0.703577
            595         28.870         96.454       0.769635       0.703577
            596         31.555         83.767       0.726377       0.703577
            597         25.180         33.087       0.567855       0.703577
            598         30.109         83.507       0.734996       0.703577
            599         22.112         71.502       0.763797       0.703577
            600         39.246         62.250       0.613323       0.703577
            601         17.947         67.771       0.790626       0.703577
            602          7.479         78.158       0.912669       0.703577
            603         31.933         75.924       0.703932       0.703577
            604         20.984         70.328       0.770192       0.703577
            605          8.165         46.418       0.850410       0.703577
            606         23.760         76.171       0.762232       0.703577
            607         22.588         63.987       0.739091       0.703577
            608         35.193         74.479       0.679110       0.703577
            609         25.183         80.413       0.761517       0.703577
            610         42.279         78.168       0.648984       0.703577
            611         21.552         52.829       0.710248       0.703577
            612         27.069         48.320       0.640941       0.703577
            613         33.737         57.606       0.630653       0.703577
            614         26.509         77.966       0.746266       0.703577
            615         28.820         76.019       0.725099       0.703577
            616         24.008         52.522       0.686294       0.703577
            617         18.250         52.470       0.741943       0.703577
            618         30.083         92.579       0.754749       0.703577
            619         31.328         55.936       0.641000       0.703577
            620         39.294         57.632       0.594595       0.703577
            621         35.853         87.010       0.708187       0.703577
            622         25.638         75.325       0.746062       0.703577
            623         27.059         77.984       0.742397       0.703577
            624         18.954         82.601       0.813364       0.703577
            625         25.107         58.696       0.700407       0.703577
            626         20.041         70.939       0.779719       0.703577
            627         24.096         66.861       0.735082       0.703577
            628         17.973         68.418       0.791956       0.703577
            629         30.567         62.568       0.671798       0.703577
            630         30.297         75.940       0.714814       0.703577
            631         39.529         83.684       0.679181       0.703577
            632         43.420         52.208       0.545951       0.703577
            633         45.257         62.671       0.580671       0.703577
            634         30.891         72.874       0.702302       0.703577
            635         29.650         74.296       0.714753       0.703577
            636         18.841         73.893       0.796825       0.703577
            637         33.297         66.285       0.665630       0.703577
            638         12.340         59.660       0.828611       0.703577
            639         22.433         81.730       0.784635       0.703577
            640         39.756         66.406       0.625520       0.703577
            641         30.476         43.736       0.589340       0.703577
            642         25.439         66.145       0.722236       0.703577
            643         38.185         78.241       0.672021       0.703577
            644         32.681         63.445       0.660020       0.703577
            645         20.259         71.361       0.778883       0.703577
            646         35.503         74.305       0.676682       0.703577
            647         45.574         96.603       0.679456       0.703577
            648         26.074         95.815       0.786081       0.703577
            649         37.039         55.507       0.599775       0.703577
            650         35.385         61.166       0.633507       0.703577
            651         22.818         97.534       0.810409       0.703577
            652         24.992         49.678       0.665298       0.703577
            653         15.970         53.606       0.770467       0.703577
            654         16.046         81.351       0.835248       0.703577
            655         26.914         64.079       0.704219       0.703577
            656         40.480         63.394       0.610296       0.703577
            657         27.974         77.772       0.735458       0.703577
            658         48.363         64.554       0.571696       0.703577
            659         33.787         65.268       0.658910       0.703577
            660         20.744         61.399       0.747468       0.703577
            661         23.637         60.823       0.720145       0.703577
            662         27.295         69.362       0.717612       0.703577
            663         24.434         86.948       0.780627       0.703577
            664         35.242         70.870       0.667881       0.703577
            665         33.690         84.936       0.715999       0.703577
            666         27.867         90.024       0.763619       0.703577
            667         31.683         68.581       0.684003       0.703577
            668         22.289         78.901       0.779728       0.703577
            669         29.821         92.772       0.756746       0.703577
            670         24.525         72.285       0.746668       0.703577
            671         28.311         66.641       0.701840       0.703577
            672         26.769         68.962       0.720374       0.703577
            673         16.831         68.590       0.802964       0.703577
            674         36.022         66.781       0.649601       0.703577
            675         29.094         98.886       0.772670       0.703577
            676         28.133         87.388       0.756467       0.703577
            677         26.705         75.819       0.739523       0.703577
            678         30.981         92.720       0.749549       0.703577
            679         19.134         88.992       0.823040       0.703577
            680         16.454         61.861       0.789900       0.703577
            681         28.025         65.895       0.701609       0.703577
            682         26.007         60.275       0.698578       0.703577
            683         28.563         72.645       0.717781       0.703577
            684         17.982         66.559       0.787298       0.703577
            685         43.260         68.061       0.611393       0.703577
            686         28.114         85.149       0.751784       0.703577
            687         17.333         59.575       0.774626       0.703577
            688         24.548         71.397       0.744148       0.703577
            689         39.529         70.644       0.641210       0.703577
            690         32.909         70.727       0.682453       0.703577
            691         21.519         72.798       0.771843       0.703577
            692         35.342         71.475       0.669136       0.703577
            693         13.184         67.005       0.835588       0.703577
            694         25.369         87.971       0.776170       0.703577
            695         27.342         73.510       0.728891       0.703577
            696         10.144         56.980       0.848878       0.703577
            697         17.922         90.759       0.835099       0.703577
            698         26.541         83.843       0.759561       0.703577
            699         33.969         83.415       0.710617       0.703577
            700         27.585         77.895       0.738479       0.703577
            701         35.461         82.394       0.699115       0.703577
            702         33.587         62.572       0.650713       0.703577
            703         26.868         53.319       0.664934       0.703577
            704         38.669         58.533       0.602178       0.703577
            705         30.844         56.974       0.648774       0.703577
            706         27.268         68.983       0.716700       0.703577
            707         19.124         65.273       0.773405       0.703577
            708         28.099         85.798       0.753298       0.703577
            709         21.547         58.658       0.731352       0.703577
            710         39.286         68.978       0.637127       0.703577
            711         27.027         53.200       0.663113       0.703577
            712         48.091         75.921       0.612210       0.703577
            713         22.840         76.201       0.769390       0.703577
            714         38.280         69.377       0.644428       0.703577
            715         40.382         62.979       0.609309       0.703577
            716         16.677         69.944       0.807475       0.703577
            717         37.404         66.709       0.640739       0.703577
            718         22.198         56.046       0.716302       0.703577
            719         25.366         42.213       0.624652       0.703577
            720         34.687         69.734       0.667814       0.703577
            721         37.349         62.260       0.625040       0.703577
            722         12.579         75.527       0.857226       0.703577
            723         31.358         80.591       0.719887       0.703577
            724         28.756         70.073       0.709036       0.703577
            725         33.703         61.204       0.644885       0.703577
            726         31.381         64.267       0.671911       0.703577
            727         22.427         87.992       0.796895       0.810979
            728         15.333         83.072       0.844187       0.810979
            729         32.074         68.355       0.680629       0.810979
            730         15.145        102.051       0.870772       0.810979
            731         33.378         94.692       0.739377       0.810979
            732         19.675         97.304       0.831808       0.810979
            733         31.691         76.358       0.706698       0.810979
            734         18.541         82.485       0.816470       0.810979
            735         16.467         62.886       0.792479       0.810979
            736         28.437         93.032       0.765890       0.810979
            737         12.854         76.249       0.855741       0.810979
            738         12.746         75.771       0.856005       0.810979
            739         18.817         87.218       0.822539       0.810979
            740         17.979         87.065       0.828845       0.810979
            741         19.375         74.298       0.793161       0.810979
            742         25.198         89.949       0.781166       0.810979
            743          4.765        101.411       0.955121       0.810979
            744         15.085         84.648       0.848744       0.810979
            745         12.102         90.481       0.882025       0.810979
            746         30.554         85.508       0.736742       0.810979
            747         27.097         88.856       0.766307       0.810979
            748         26.666         84.396       0.759898       0.810979
            749         14.968         80.400       0.843046       0.810979
            750         25.535         91.863       0.782489       0.810979
            751         -0.873         85.924       1.010270       0.810979
            752         29.984         71.018       0.703134       0.810979
            753         18.590         99.137       0.842093       0.810979
            754         28.352         84.974       0.749821       0.703577
            755         28.799         83.793       0.744217       0.703577
            756         27.257         66.050       0.707878       0.703577
            757         29.247         69.933       0.705109       0.703577
            758         28.307         52.599       0.650124       0.703577
            759         38.898         80.774       0.674963       0.703577
            760         46.477         60.537       0.565693       0.703577
            761         15.196         67.029       0.815192       0.703577
            762         37.021         65.743       0.639748       0.703577
            763         35.543         66.002       0.649976       0.703577
            764         41.948         73.005       0.635089       0.703577
            765         38.430         74.836       0.660708       0.703577
            766         25.715         76.916       0.749445       0.703577
            767         33.923         66.064       0.660728       0.703577
            768         14.231         95.252       0.870013       0.703577
            769         28.162         49.955       0.639490       0.703577
            770         18.987         87.445       0.821601       0.703577
            771         34.999         64.451       0.648075       0.703577
            772         40.582         55.758       0.578765       0.703577
            773         38.334         61.651       0.616599       0.703577
            774         18.284         59.112       0.763764       0.703577
            775         32.384        102.486       0.759886       0.703577
            776         33.942         85.708       0.716324       0.703577
            777         46.369         81.932       0.638592       0.703577
            778         40.717         49.757       0.549959       0.703577
            779         48.260         85.626       0.639545       0.703577
            780         38.006         45.656       0.545721       0.703577
            781         33.744         66.219       0.662435       0.703577
            782         48.539         79.719       0.621552       0.703577
            783         34.799         68.530       0.663220       0.703577
            784         32.068        100.118       0.757403       0.703577
            785         23.543         91.147       0.794725       0.703577
            786         26.844         75.411       0.737482       0.703577
            787         36.983         69.217       0.651759       0.703577
            788         32.554         80.851       0.712938       0.703577
            789         33.906         67.269       0.664881       0.703577
            790         36.746         75.392       0.672312       0.703577
            791         28.279         83.946       0.748015       0.703577
            792         29.009         65.152       0.691921       0.703577
            793         32.104         94.642       0.746707       0.703577
            794         20.936         85.400       0.803114       0.703577
            795         28.714         71.704       0.714056       0.703577
            796         28.429         65.604       0.697667       0.703577
            797         35.252         88.392       0.714889       0.703577
            798         44.674         61.085       0.577586       0.703577
            799         32.714         77.091       0.702073       0.703577
            800         41.220         56.203       0.576897       0.703577
            801         32.605         54.259       0.624646       0.703577
            802         29.177         67.887       0.699401       0.703577
            803         32.419         82.076       0.716850       0.703577
            804         41.182         74.379       0.643633       0.703577
            805         36.034         71.355       0.664456       0.703577
            806         43.788         73.582       0.626926       0.703577
            807         25.318         80.384       0.760478       0.703577
            808         17.359         99.868       0.851921       0.703577
            809         31.761         66.042       0.675258       0.703577
            810         26.502         67.744       0.718798       0.703577
            811         15.333         58.399       0.792048       0.703577
            812         18.140         60.105       0.768166       0.703577
            813         26.354         60.453       0.696408       0.703577
            814         31.437         57.263       0.645576       0.703577
            815         11.764         76.460       0.866656       0.703577
            816         34.146         65.434       0.657102       0.703577
            817         26.913         58.621       0.685355       0.703577
            818         20.257         70.313       0.776344       0.703577
            819         29.559         64.438       0.685531       0.703577
            820         30.456         79.464       0.722927       0.703577
            821         50.711         82.867       0.620363       0.703577
            822         30.051         63.090       0.677362       0.703577
            823         15.056         62.399       0.805613       0.703577
            824         11.832         77.100       0.866953       0.703577
            825         32.554         78.094       0.705787       0.703577
            826         37.865         44.905       0.542526       0.703577
            827         35.534         60.297       0.629200       0.703577
            828         24.722         56.942       0.697271       0.703577
            829         33.891         85.405       0.715910       0.703577
            830         20.095         63.675       0.760119       0.703577
            831         37.665         72.929       0.659430       0.703577
            832         38.321         68.647       0.641755       0.703577
            833         24.235         49.056       0.669335       0.703577
            834         28.825         44.377       0.606227       0.703577
            835         24.455         48.484       0.664716       0.703577
            836         28.321         46.347       0.620708       0.703577
            837         36.201         76.023       0.677425       0.703577
            838         28.337         74.956       0.725665       0.703577
            839         21.059         63.069       0.749680       0.703577
            840         26.044         53.145       0.671119       0.703577
            841         30.353         74.986       0.711851       0.703577
            842         28.416         64.337       0.693638       0.703577
            843         10.065         61.410       0.859185       0.703577
            844         41.061         79.465       0.659322       0.703577
            845         28.304         35.969       0.559623       0.703577
            846         29.193         70.868       0.708249       0.703577
            847         13.271         82.011       0.860715       0.703577
            848         28.600        105.585       0.786863       0.703577
            849         12.727         75.448       0.855664       0.703577
            850         23.915         82.126       0.774472       0.703577
            851         28.169         63.620       0.693111       0.703577
            852         11.940         51.885       0.812923       0.703577
            853         33.055         61.392       0.650014       0.703577
            854         24.701         59.795       0.707670       0.703577
            855         20.115         72.456       0.782710       0.703577
            856         34.665         56.540       0.619922       0.703577
            857         32.035         91.788       0.741284       0.703577
            858         31.929         90.200       0.738561       0.703577
            859         39.009         94.157       0.707066       0.703577
            860         31.872         69.672       0.686127       0.703577
            861         31.655         61.485       0.660140       0.703577
            862         30.385         78.045       0.719770       0.703577
            863         32.616         75.542       0.698441       0.703577
            864         22.341         73.761       0.767528       0.703577
            865         32.893         72.040       0.686531       0.703577
            866         32.974         68.909       0.676356       0.703577
            867         30.709         77.250       0.715548       0.703577
            868         17.340         70.675       0.802988       0.703577
            869         31.222         59.316       0.655147       0.703577
            870         30.924         74.311       0.706140       0.703577
            871         29.695         78.283       0.724988       0.703577
            872         35.378         48.597       0.578708       0.703577
            873         16.575         77.885       0.824529       0.703577
            874         34.255         75.499       0.687895       0.703577
            875         20.242         60.279       0.748609       0.703577
            876         23.616         66.414       0.737683       0.703577
            877         40.291         73.717       0.646595       0.703577
            878         36.813         62.048       0.627630       0.703577
            879         33.839         71.763       0.679564       0.703577
            880         40.552         65.318       0.616965       0.703577
            881         14.009         77.965       0.847686       0.703577
            882         52.116         64.953       0.554824       0.703577
            883         36.203         77.826       0.682509       0.703577
            884         25.547         69.410       0.730966       0.703577
            885         29.650         94.235       0.760667       0.703577
            886         22.384         69.388       0.756090       0.703577
            887         29.654         58.168       0.662340       0.703577
            888         34.490         63.503       0.648037       0.703577
            889         14.248         48.670       0.773544       0.703577
            890         48.024         89.487       0.650765       0.703577
            891         26.269         56.579       0.682924       0.703577
            892         16.534         63.636       0.793763       0.703577
            893         19.820         67.282       0.772452       0.703577
            894         39.786         53.715       0.574487       0.703577
            895         33.881         69.207       0.671342       0.703577
            896         28.553         57.544       0.668362       0.703577
            897         38.648         58.963       0.604063       0.703577
            898         42.955         59.506       0.580767       0.703577
            899         23.931         55.512       0.698760       0.703577
            900         32.588         62.571       0.657539       0.703577
            901         42.897         69.866       0.619581       0.703577
            902         31.663         51.705       0.620199       0.703577
            903         31.509         31.519       0.500077       0.703577
            904         35.387         69.760       0.663452       0.703577
            905         32.119         84.496       0.724572       0.703577
            906         22.613         70.059       0.755988       0.703577
            907         34.226         60.126       0.637253       0.703577
            908         34.386         93.994       0.732152       0.703577
            909         27.715         68.525       0.712026       0.703577
            910         36.522         56.923       0.609165       0.703577
            911         16.940         72.644       0.810902       0.703577
            912         40.548         94.112       0.698886       0.703577
            913         24.687         87.353       0.779658       0.703577
            914         37.619         91.773       0.709261       0.703577
            915         32.044         66.622       0.675231       0.703577
            916         37.494         64.197       0.631293       0.703577
            917         42.300         88.207       0.675877       0.703577
            918         19.555         81.082       0.805685       0.703577
            919         11.575         38.202       0.767466       0.703577
            920         39.423         81.106       0.672914       0.703577
            921         32.508         95.266       0.745585       0.703577
            922         38.734         64.858       0.626089       0.703577
            923         25.954         46.778       0.643157       0.703577
            924         30.887         82.013       0.726423       0.703577
            925         22.229         59.795       0.728993       0.703577
            926         21.985         89.280       0.802405       0.703577
            927         28.083         66.113       0.701870       0.703577
            928         35.258         65.428       0.649825       0.703577
            929         31.269         85.282       0.731711       0.703577
            930         37.092         63.043       0.629579       0.703577
            931         32.497         51.450       0.612889       0.703577
            932         24.429         56.247       0.697200       0.703577
            933         26.201         52.924       0.668863       0.703577
            934         31.730         53.588       0.628094       0.703577
            935         32.409         68.073       0.677462       0.703577
            936         31.325         77.091       0.711064       0.703577
            937         39.585         55.022       0.581585       0.703577
            938         34.586         65.062       0.652920       0.703577
            939         39.270         54.260       0.580137       0.703577
            940         16.230         55.819       0.774739       0.703577
            941         28.326         54.160       0.656595       0.703577
            942         40.660         63.461       0.609491       0.703577
            943         37.240        101.220       0.731043       0.703577
            944         20.492         69.441       0.772143       0.703577
            945         39.662         80.839       0.670860       0.703577
            946         38.840         78.621       0.669335       0.703577
            947         17.779         68.161       0.793121       0.703577
            948         36.484         58.297       0.615068       0.703577
            949         19.163         76.664       0.800021       0.703577
            950         39.518         69.218       0.636567       0.703577
            951         25.986         69.695       0.728410       0.703577
            952         32.256         73.506       0.695014       0.703577
            953         34.422         54.721       0.613855       0.703577
            954         28.577         75.856       0.726358       0.703577
            955         28.067         82.853       0.746960       0.703577
            956         35.820         74.155       0.674290       0.703577
            957         38.540         63.032       0.620561       0.703577
            958         30.665         63.479       0.674277       0.703577
            959         19.776         70.839       0.781761       0.703577
            960         35.293         77.748       0.687784       0.703577
            961         26.456         86.646       0.766088       0.703577
            962         40.876         68.496       0.626267       0.703577
            963         39.187         81.531       0.675386       0.703577
            964         33.918         76.195       0.691969       0.703577
            965         16.796         80.954       0.828177       0.703577
            966         36.304         79.493       0.686483       0.703577
            967         35.551         74.709       0.677570       0.703577
            968         24.097         80.081       0.768694       0.703577
            969         41.214         60.729       0.595715       0.703577
            970         50.592         73.535       0.592419       0.703577
            971         25.836         80.963       0.758085       0.703577
            972         21.142         70.330       0.768870       0.703577
            973         26.114         82.789       0.760213       0.703577
            974         26.554         70.477       0.726333       0.703577
            975         16.028         64.370       0.800644       0.703577
            976         30.507         71.478       0.700868       0.703577
            977         29.661         52.367       0.638406       0.703577
            978         37.749         55.049       0.593209       0.703577
            979         44.500         76.150       0.631164       0.703577
            980         32.540         51.878       0.614536       0.703577
            981         25.986         68.488       0.724942       0.703577
            982         21.121         56.554       0.728084       0.703577
            983         29.295         65.901       0.692265       0.703577
            984         31.767         61.667       0.660005       0.703577
            985         21.908         53.854       0.710833       0.703577
            986         33.072         76.953       0.699413       0.703577
            987         36.750         60.457       0.621941       0.703577
            988         20.536         82.459       0.800611       0.703577
            989         25.541         78.836       0.755297       0.703577
            990         27.447         78.179       0.740150       0.703577
            991         20.372         79.068       0.795130       0.703577
            992         20.167         84.045       0.806479       0.703577
            993         24.414         76.769       0.758717       0.703577
            994         15.359         54.642       0.780589       0.703577
            995         31.847         57.775       0.644647       0.703577
            996         33.453         74.945       0.691386       0.703577
            997         29.066         31.013       0.516202       0.703577
            998         42.381         61.483       0.591955       0.703577
            999         26.520         74.219       0.736747       0.703577
           1000         20.091         53.481       0.726925       0.703577
