              1          8.485        117.683       0.932752       0.721590
              2         29.288        113.158       0.794396       0.721590
              3         19.449         47.155       0.707993       0.721590
              4         21.536         54.220       0.715720       0.721590
              5          3.309         86.304       0.963071       0.721590
              6         16.831         46.161       0.732807       0.721590
              7         20.476         58.851       0.741878       0.721590
              8          4.486         81.003       0.947525       0.721590
              9         24.858         96.965       0.795951       0.721590
             10         31.119         24.812       0.443616       0.721590
             11         52.154         82.829       0.613625       0.721590
             12          0.595         73.997       0.992029       0.721590
             13          1.846         93.599       0.980656       0.721590
             14         36.658         71.586       0.661343       0.721590
             15        -17.046         64.752       1.357321       0.640259
             16         28.732         61.316       0.680925       0.721590
             17          8.758         99.719       0.919264       0.721590
             18         12.145         83.595       0.873148       0.721590
             19         44.441         42.229       0.487243       0.721590
             20          7.936        132.650       0.943548       0.721590
             21         -3.264         47.115       1.074438       0.721590
             22         20.205         79.527       0.797406       0.721590
             23         35.855         86.075       0.705936       0.721590
             24         32.342         59.100       0.646311       0.721590
             25          1.722         55.788       0.970051       0.721590
             26         37.370         70.869       0.654745       0.721590
             27         21.435         92.518       0.811895       0.721590
             28         32.221         35.813       0.526396       0.721590
             29          3.234         45.653       0.933839       0.721590
             30         34.457         38.389       0.526994       0.721590
             31         13.554         31.849       0.701476       0.721590
             32         22.714         71.313       0.758428       0.721590
             33         14.170         92.324       0.866942       0.721590
             34          6.034         65.819       0.916023       0.721590
             35         33.594         96.722       0.742210       0.721590
             36         26.597          3.750       0.123560       0.640259
             37         60.839         84.749       0.582113       0.721590
             38         12.127        136.433       0.918371       0.721590
             39         13.844         82.535       0.856363       0.721590
             40         54.812         33.420       0.378774       0.721590
             41         52.444         33.028       0.386418       0.721590
             42         -4.621         67.377       1.073639       0.721590
             43         41.286         57.183       0.580720       0.721590
             44         30.425         54.969       0.643713       0.721590
             45         59.024         40.919       0.409424       0.721590
             46         63.582        108.951       0.631478       0.721590
             47         16.359         53.478       0.765752       0.721590
             48          6.220         73.386       0.921867       0.721590
             49         49.892         86.329       0.633742       0.721590
             50         17.332         98.649       0.850559       0.721590
             51          6.859         76.530       0.917744       0.721590
             52         36.593         56.382       0.606422       0.721590
             53         32.938         76.141       0.698037       0.721590
             54         77.936         79.944       0.506360       0.721590
             55         43.691         94.914       0.684780       0.721590
             56         42.371         55.543       0.567259       0.721590
             57         29.797         37.922       0.559995       0.721590
             58         11.496         35.630       0.756058       0.721590
             59         40.071         48.456       0.547357       0.721590
             60         49.007         48.569       0.497755       0.721590
             61         41.900         70.045       0.625706       0.721590
             62         54.180         60.687       0.528322       0.721590
             63         18.386         86.049       0.823950       0.721590
             64         41.061         45.093       0.523399       0.721590
             65         54.827         61.233       0.527597       0.721590
             66         15.480        111.502       0.878093       0.721590
             67         24.220         45.052       0.650365       0.721590
             68         -3.784         62.421       1.064526       0.721590
             69         31.482         67.771       0.682809       0.721590
             70         39.770         64.178       0.617403       0.721590
             71         27.308         64.535       0.702667       0.721590
             72         39.422         41.990       0.515770       0.721590
             73         16.637         73.760       0.815956       0.721590
             74         42.883        107.444       0.714734       0.721590
             75         38.572         79.175       0.672417       0.721590
             76         38.653         79.918       0.674010       0.721590
             77         34.920         56.630       0.618568       0.721590
             78         23.123        109.288       0.825371       0.721590
             79         44.452         55.297       0.554359       0.721590
             80         56.875         26.150       0.314968       0.640259
             81         19.292         84.870       0.814792       0.721590
             82         19.221         64.571       0.770610       0.721590
             83          6.665         68.120       0.910872       0.721590
             84         44.403         28.573       0.391540       0.721590
             85         47.534         81.531       0.631703       0.721590
             86         33.596         69.586       0.674400       0.721590
             87         20.778         68.556       0.767415       0.721590
             88         21.100         84.317       0.799842       0.721590
             89         25.170         60.245       0.705325       0.721590
             90         28.096         94.886       0.771540       0.721590
             91         42.109         63.168       0.600019       0.721590
             92         33.066        106.580       0.763216       0.721590
             93         67.144         88.404       0.568339       0.721590
             94         48.782         60.154       0.552198       0.721590
             95         53.018         45.516       0.461928       0.721590
             96         36.269         57.201       0.611973       0.721590
             97         20.149         40.498       0.667767       0.721590
             98         38.331         56.022       0.593747       0.721590
             99         40.390         68.276       0.628310       0.721590
            100         10.865         88.361       0.890498       0.721590
            101         55.210         49.892       0.474697       0.721590
            102         54.280         62.766       0.536253       0.721590
            103         28.928        110.104       0.791933       0.721590
            104         23.399         75.983       0.764555       0.721590
            105         36.635         48.510       0.569732       0.721590
            106         46.119        129.920       0.738017       0.721590
            107         28.781         85.199       0.747488       0.721590
            108          6.621         28.289       0.810346       0.721590
            109         55.891          4.932       0.081091       0.640259
            110         21.345         63.827       0.749389       0.721590
            111         39.510         98.648       0.714023       0.721590
            112         34.971         62.494       0.641195       0.721590
            113         37.898         68.909       0.645171       0.721590
            114         35.732        119.519       0.769843       0.721590
            115         12.188         74.023       0.858630       0.721590
            116         34.576        102.016       0.746868       0.721590
            117         49.904        115.270       0.697872       0.721590
            118         41.981         94.397       0.692172       0.721590
            119         44.170         56.737       0.562268       0.721590
            120          9.203         91.101       0.908249       0.721590
            121         29.651         74.242       0.714600       0.721590
            122         29.001         50.617       0.635750       0.721590
            123         24.604         70.863       0.742281       0.721590
            124         24.213         58.076       0.705759       0.721590
            125         20.835         45.040       0.683718       0.721590
            126         17.407         55.381       0.760851       0.721590
            127          7.115         48.479       0.872023       0.721590
            128         55.135         58.169       0.513388       0.721590
            129         -7.020         74.242       1.104426       0.721590
            130         24.886         78.208       0.758609       0.721590
            131         41.109         38.895       0.486165       0.721590
            132         28.494         96.216       0.771517       0.721590
            133         19.192         80.534       0.807551       0.721590
            134         23.087         70.454       0.753190       0.721590
            135         38.225         72.270       0.654059       0.721590
            136         18.603         71.933       0.794526       0.721590
            137         -3.234        102.172       1.032683       0.721590
            138         -0.796        103.119       1.007775       0.721590
            139         27.871         29.627       0.515268       0.721590
            140         26.764         83.775       0.757876       0.721590
            141         23.000         72.179       0.758346       0.721590
            142         45.069         64.242       0.587698       0.721590
            143         28.626         99.819       0.777136       0.721590
            144         45.217         99.419       0.687374       0.721590
            145        -17.675         68.617       1.346976       0.640259
            146         22.054         67.870       0.754748       0.721590
            147         33.137         40.423       0.549526       0.721590
            148         33.829        107.022       0.759825       0.721590
            149         29.775         76.023       0.718564       0.721590
            150         19.587         65.739       0.770444       0.721590
            151         37.766         68.698       0.645270       0.721590
            152         26.267         87.100       0.768302       0.721590
            153         14.907         84.989       0.850774       0.721590
            154         26.491         70.299       0.726307       0.721590
            155         50.977         80.095       0.611078       0.721590
            156         30.984         74.322       0.705772       0.721590
            157         29.843        111.245       0.788477       0.721590
            158         29.854         96.720       0.764138       0.721590
            159         65.917         61.404       0.482275       0.721590
            160         29.054        115.078       0.798418       0.721590
            161         27.149         77.027       0.739397       0.721590
            162         31.022         95.022       0.753878       0.721590
            163         23.470         98.977       0.808328       0.721590
            164         14.717        102.811       0.874780       0.721590
            165         19.058         73.119       0.793246       0.721590
            166         42.810        112.232       0.723882       0.721590
            167         -2.690         83.844       1.033146       0.721590
            168         32.459         91.967       0.739130       0.721590
            169         30.387         78.769       0.721617       0.721590
            170         12.691        117.948       0.902858       0.721590
            171         27.827         54.277       0.661078       0.721590
            172         31.932        106.412       0.769184       0.721590
            173         39.002        103.154       0.725636       0.721590
            174         16.075         54.642       0.772685       0.721590
            175         60.033         79.753       0.570535       0.721590
            176         37.943         97.298       0.719443       0.721590
            177         18.073         38.250       0.679124       0.721590
            178          8.900         96.840       0.915832       0.721590
            179         32.533         62.730       0.658493       0.721590
            180         32.981         73.517       0.690312       0.721590
            181         15.790         74.537       0.825189       0.721590
            182         10.756         42.868       0.799414       0.721590
            183         27.330         73.451       0.728817       0.721590
            184         38.668         94.447       0.709513       0.721590
            185         24.432         56.822       0.699314       0.721590
            186         35.754         89.015       0.713436       0.721590
            187         15.373         72.342       0.824740       0.721590
            188         23.784         99.196       0.806603       0.721590
            189         27.720        109.355       0.797773       0.721590
            190         10.036         64.705       0.865721       0.721590
            191         51.843         71.945       0.581196       0.721590
            192          7.342         50.540       0.873152       0.721590
            193         12.099         70.850       0.854135       0.721590
            194         42.104         50.836       0.546975       0.721590
            195         21.147         67.836       0.762348       0.721590
            196         40.748         47.686       0.539230       0.721590
            197         25.917         66.856       0.720638       0.721590
            198         43.948         78.440       0.640913       0.721590
            199         41.361         73.329       0.639369       0.721590
            200         48.240         60.674       0.557084       0.721590
            201         50.136         72.763       0.592057       0.721590
            202          3.238         52.016       0.941399       0.721590
            203         25.513         57.152       0.691371       0.721590
            204         23.356         97.872       0.807341       0.721590
            205         57.384         40.774       0.415396       0.721590
            206         41.627        124.274       0.749088       0.721590
            207         15.023        105.474       0.875326       0.721590
            208         47.524         97.138       0.671482       0.721590
            209         15.159         35.981       0.703573       0.721590
            210         57.449         84.833       0.596229       0.721590
            211         49.734         31.408       0.387073       0.721590
            212         25.663        100.158       0.796034       0.721590
            213         40.522        100.106       0.711847       0.721590
            214         14.509         87.702       0.858050       0.721590
            215         32.091         49.708       0.607686       0.721590
            216         37.130         78.119       0.677829       0.721590
            217          8.031         44.990       0.848533       0.721590
            218         61.348         70.478       0.534628       0.721590
            219         35.959         83.738       0.699586       0.721590
            220         37.948         81.109       0.681262       0.721590
            221         25.388         18.809       0.425573       0.721590
            222         31.429         89.938       0.741039       0.721590
            223         27.281         54.736       0.667377       0.721590
            224         57.178         61.006       0.516195       0.721590
            225         29.699         86.499       0.744409       0.721590
            226         59.724         43.131       0.419337       0.721590
            227         55.029         69.251       0.557216       0.721590
            228         45.454        127.184       0.736711       0.721590
            229         46.420        104.183       0.691771       0.721590
            230         33.406         91.678       0.732934       0.721590
            231         29.540         66.612       0.692778       0.721590
            232         32.687         92.704       0.739316       0.721590
            233         14.953         67.314       0.818233       0.721590
            234         21.550         48.902       0.694124       0.721590
            235         47.623         73.402       0.606502       0.721590
            236         25.962         65.436       0.715944       0.721590
            237         10.915         54.744       0.833756       0.721590
            238         36.822        111.583       0.751883       0.721590
            239         44.166         72.254       0.620633       0.721590
            240         33.210         83.218       0.714759       0.721590
            241         40.027         59.923       0.599533       0.721590
            242         39.297         55.810       0.586809       0.721590
            243         -8.619         56.882       1.178578       0.640259
            244         57.478         51.511       0.472624       0.721590
            245         33.365         72.761       0.685609       0.721590
            246         18.871         93.996       0.832806       0.721590
            247         34.953         62.142       0.640010       0.721590
            248         39.741        105.299       0.726002       0.721590
            249         37.119         60.235       0.618724       0.721590
            250          4.299         90.887       0.954834       0.721590
            251         15.845         71.562       0.818718       0.721590
            252         34.380         62.388       0.644719       0.721590
            253         31.015         89.361       0.742352       0.721590
            254         34.638         40.444       0.538666       0.721590
            255         22.978         69.959       0.752755       0.721590
            256         32.546         57.406       0.638188       0.721590
            257         19.383         61.786       0.761204       0.721590
            258         36.548         60.787       0.624512       0.721590
            259         22.066         91.733       0.806094       0.721590
            260         10.219         71.182       0.874458       0.721590
            261         16.176         86.977       0.843184       0.721590
            262         42.541         93.712       0.687780       0.721590
            263         33.247         76.508       0.697081       0.721590
            264         21.735         78.619       0.783419       0.721590
            265         54.942         29.243       0.347370       0.721590
            266         31.564         45.071       0.588125       0.721590
            267         33.958         23.458       0.408559       0.721590
            268         32.579         82.321       0.716459       0.721590
            269         64.939         52.065       0.444986       0.721590
            270        -10.877        127.779       1.093045       0.721590
            271         52.977         83.549       0.611964       0.721590
            272         54.826         86.484       0.612018       0.721590
            273         46.223        100.170       0.684253       0.721590
            274         33.179         89.704       0.729996       0.721590
            275         31.211         60.443       0.659473       0.721590
            276         56.512         73.249       0.564493       0.721590
            277         32.848         32.516       0.497460       0.721590
            278         34.967         43.352       0.553526       0.721590
            279         42.564         47.353       0.526629       0.721590
            280         12.787         52.251       0.803393       0.721590
            281         22.201         45.895       0.673976       0.721590
            282         23.068        110.022       0.826674       0.721590
            283         17.619        117.018       0.869135       0.721590
            284         13.147         67.521       0.837027       0.721590
            285         27.660         57.263       0.674294       0.721590
            286         47.171         39.966       0.458656       0.721590
            287          9.542         74.496       0.886453       0.721590
            288         19.459         49.164       0.716439       0.721590
            289         20.440         86.251       0.808418       0.721590
            290         19.955         67.734       0.772434       0.721590
            291          4.416        122.612       0.965239       0.721590
            292         17.912         84.607       0.825282       0.721590
            293         43.286         58.434       0.574463       0.721590
            294          1.299         48.241       0.973772       0.721590
            295         -3.222         40.660       1.086056       0.721590
            296         15.180         68.202       0.817950       0.721590
            297         28.529         96.476       0.771779       0.721590
            298         31.261         73.485       0.701551       0.721590
            299         18.013        138.875       0.885184       0.721590
            300          3.408         89.202       0.963203       0.721590
            301         17.970         58.389       0.764667       0.721590
            302         25.336        102.305       0.801504       0.721590
            303         19.854        101.556       0.836473       0.721590
            304         15.887        118.028       0.881367       0.721590
            305         32.574         72.983       0.691409       0.721590
            306         22.950         81.426       0.780120       0.721590
            307         -5.258        101.222       1.054792       0.721590
            308         32.743         61.333       0.651953       0.721590
            309          5.824         25.960       0.816770       0.721590
            310         27.058        116.253       0.811191       0.721590
            311         12.635         79.111       0.862287       0.721590
            312         30.903         37.733       0.549753       0.721590
            313         14.947         72.620       0.829308       0.721590
            314         24.105         72.868       0.751425       0.721590
            315         14.048        108.436       0.885309       0.721590
            316         -8.049         86.623       1.102435       0.721590
            317         11.731         59.899       0.836223       0.721590
            318         16.180         70.445       0.813214       0.721590
            319         23.241         81.650       0.778427       0.721590
            320         24.668         84.449       0.773933       0.721590
            321          9.746         77.108       0.887793       0.721590
            322          8.090         90.566       0.918002       0.721590
            323         33.305         80.342       0.706944       0.721590
            324         15.380         50.828       0.767704       0.721590
            325          6.950         98.961       0.934383       0.721590
            326         30.141         60.244       0.666528       0.721590
            327          1.313         62.026       0.979267       0.721590
            328         21.946         41.849       0.655991       0.721590
            329         16.124         44.204       0.732722       0.721590
            330         26.548        105.216       0.798521       0.721590
            331         -1.823         56.792       1.033164       0.721590
            332         25.573        129.903       0.835518       0.721590
            333         24.889         69.909       0.737451       0.721590
            334         33.536         72.402       0.683438       0.721590
            335         12.491        109.823       0.897876       0.721590
            336          4.459         74.135       0.943259       0.721590
            337         28.172         93.377       0.768224       0.721590
            338          9.554         10.315       0.519160       0.721590
            339         46.838         28.335       0.376929       0.721590
            340         27.106         52.175       0.658100       0.721590
            341          7.617         71.821       0.904117       0.721590
            342         20.740         58.950       0.739744       0.721590
            343         14.058         63.958       0.819802       0.721590
            344          2.739         88.303       0.969911       0.721590
            345          9.986         41.971       0.807805       0.721590
            346         31.056         56.776       0.646415       0.721590
            347         31.031         66.748       0.682641       0.721590
            348         20.824         69.266       0.768853       0.721590
            349         21.899        130.091       0.855921       0.721590
            350         36.344         69.046       0.655151       0.721590
            351         47.025         59.942       0.560380       0.721590
            352         26.559         79.355       0.749242       0.721590
            353         30.875         74.299       0.706441       0.721590
            354         15.791         69.020       0.813807       0.721590
            355         53.028         36.441       0.407305       0.721590
            356         22.869         96.378       0.808221       0.721590
            357         -0.804         25.199       1.032936       0.721590
            358         42.076         70.331       0.625681       0.721590
            359         33.632         45.646       0.575773       0.721590
            360         15.228         47.816       0.758460       0.721590
            361         29.559         52.819       0.641175       0.721590
            362         38.210         61.928       0.618427       0.721590
            363         13.719         37.898       0.734211       0.721590
            364          1.824         99.143       0.981932       0.721590
            365         28.109         91.305       0.764610       0.721590
            366         41.339         83.842       0.669768       0.721590
            367         39.017         35.654       0.477480       0.721590
            368         19.761         66.248       0.770247       0.721590
            369         11.290        128.696       0.919352       0.721590
            370         46.746         83.066       0.639896       0.721590
            371         19.249         47.241       0.710498       0.721590
            372         41.232         42.451       0.507289       0.721590
            373         24.607         75.984       0.755374       0.721590
            374          0.440        114.726       0.996181       0.721590
            375          7.132         83.937       0.921683       0.721590
            376         16.919         69.502       0.804228       0.721590
            377         25.917        171.090       0.868445       0.721590
            378         14.755         86.724       0.854600       0.721590
            379         24.035        104.168       0.812522       0.721590
            380         29.321         92.380       0.759073       0.721590
            381         25.620         51.389       0.667313       0.721590
            382         29.677         65.439       0.687992       0.721590
            383         12.008         72.283       0.857537       0.721590
            384          7.529         77.732       0.911691       0.721590
            385          2.552         93.176       0.973343       0.721590
            386         28.743         93.798       0.765439       0.721590
            387         29.664         57.915       0.661289       0.721590
            388         23.185         49.048       0.679023       0.721590
            389         27.959         66.671       0.704547       0.721590
            390         26.441         79.046       0.749342       0.721590
            391          6.186         98.017       0.940631       0.721590
            392         42.429         72.128       0.629623       0.721590
            393         21.529         79.815       0.787568       0.721590
            394          5.412         63.103       0.921007       0.721590
            395         12.008        117.651       0.907389       0.721590
            396         27.898         61.901       0.689328       0.721590
            397          9.513         11.550       0.548363       0.721590
            398         27.220        108.624       0.799624       0.721590
            399         14.547         64.688       0.816411       0.721590
            400         31.273         34.658       0.525672       0.721590
            401          0.265         70.969       0.996287       0.721590
            402         24.712         46.618       0.653553       0.721590
            403          6.646        122.891       0.948691       0.721590
            404         30.607        105.282       0.774763       0.721590
            405         27.310         58.095       0.680228       0.721590
            406         -4.452        136.987       1.033594       0.721590
            407         28.233         54.003       0.656687       0.721590
            408          4.950        113.717       0.958287       0.721590
            409         28.624         78.311       0.732320       0.721590
            410         30.493         55.752       0.646438       0.721590
            411         24.871         96.331       0.794798       0.721590
            412          4.400         97.985       0.957022       0.721590
            413          8.596         56.191       0.867322       0.721590
            414         19.719         54.615       0.734727       0.721590
            415         24.387         92.511       0.791384       0.721590
            416         25.394         49.656       0.661639       0.721590
            417         39.408         78.633       0.666148       0.721590
            418         32.720        100.806       0.754957       0.721590
            419         18.322        107.726       0.854641       0.721590
            420         18.036         80.875       0.817653       0.721590
            421          9.687         75.440       0.886204       0.721590
            422         34.175         64.260       0.652819       0.721590
            423         -8.008         94.479       1.092603       0.721590
            424          2.100         94.261       0.978206       0.721590
            425          5.064         85.318       0.943970       0.721590
            426         39.059         17.054       0.303929       0.640259
            427         18.701         67.976       0.784245       0.721590
            428          1.773         70.292       0.975400       0.721590
            429          8.786        104.426       0.922395       0.721590
            430         25.012        111.142       0.816295       0.721590
            431         15.351        102.474       0.869714       0.721590
            432          2.898         34.055       0.921571       0.721590
            433         12.864         69.593       0.843988       0.721590
            434         24.749         74.241       0.749980       0.721590
            435         27.788         71.104       0.719007       0.721590
            436         26.011        117.146       0.818303       0.721590
            437         28.839         72.654       0.715849       0.721590
            438         32.534         50.103       0.606307       0.721590
            439         41.000          2.999       0.068168       0.640259
            440         22.414         86.214       0.793662       0.721590
            441         29.843        117.750       0.797800       0.721590
            442         28.318         42.281       0.598887       0.721590
            443         18.102        111.961       0.860823       0.721590
            444         27.418         75.747       0.734234       0.721590
            445         25.554         88.859       0.776650       0.721590
            446         54.852        148.879       0.730762       0.721590
            447         -2.623        121.731       1.022023       0.721590
            448         61.442         70.369       0.533865       0.721590
            449          2.482         56.387       0.957836       0.721590
            450         22.810        113.772       0.832997       0.721590
            451         45.727         64.707       0.585935       0.721590
            452         23.022         85.762       0.788367       0.721590
            453         17.873         88.413       0.831841       0.721590
            454         34.436        119.520       0.776327       0.721590
            455         47.238         66.405       0.584332       0.721590
            456         49.204         86.476       0.637352       0.721590
            457         27.923         70.539       0.716405       0.721590
            458          4.973         33.281       0.870008       0.721590
            459         23.418         92.633       0.798211       0.721590
            460         26.370         47.473       0.642888       0.721590
            461         21.475         65.460       0.752980       0.721590
            462         10.724         78.980       0.880451       0.721590
            463         31.456         66.390       0.678517       0.721590
            464         44.457         49.970       0.529191       0.721590
            465         30.620         67.858       0.689064       0.721590
            466         18.453         99.367       0.843382       0.721590
            467         17.369         75.122       0.812207       0.721590
            468         43.110        107.510       0.713783       0.721590
            469         46.469         96.990       0.676084       0.721590
            470         46.159         74.876       0.618631       0.721590
            471         41.752         23.173       0.356925       0.721590
            472         31.657         81.178       0.719441       0.721590
            473         29.546        100.624       0.773019       0.721590
            474         22.917         54.313       0.703259       0.721590
            475         34.560         57.150       0.623161       0.721590
            476         14.410        105.474       0.879798       0.721590
            477         12.362         72.319       0.854013       0.721590
            478         14.689        108.276       0.880544       0.721590
            479         48.099         84.109       0.636189       0.721590
            480         25.162         50.783       0.668679       0.721590
            481         19.643         69.013       0.778437       0.721590
            482          9.564         22.488       0.701623       0.721590
            483         44.217        119.015       0.729118       0.721590
            484          4.364         41.988       0.905853       0.721590
            485          3.321        103.513       0.968912       0.721590
            486         48.889         68.704       0.584253       0.721590
            487         13.130         69.940       0.841937       0.721590
            488         37.091         43.866       0.541844       0.721590
            489         37.152         95.260       0.719423       0.721590
            490         -4.454        102.260       1.045542       0.721590
            491         53.934         72.616       0.573810       0.721590
            492         40.522         33.756       0.454453       0.721590
            493          7.418         49.383       0.869404       0.721590
            494         -7.751         70.554       1.123426       0.721590
            495         37.911         96.853       0.718684       0.721590
            496         52.203         92.872       0.640166       0.721590
            497         32.868         59.522       0.644247       0.721590
            498         27.475         67.369       0.710312       0.721590
            499         27.145         77.030       0.739431       0.721590
            500         26.531        130.697       0.831260       0.721590
            501         21.837         69.782       0.761653       0.721590
            502         54.236         75.720       0.582656       0.721590
            503         23.706        134.677       0.850327       0.721590
            504         32.007         57.684       0.643137       0.721590
            505          2.026         85.183       0.976770       0.721590
            506         23.783         85.961       0.783286       0.721590
            507         16.440         71.728       0.813536       0.721590
            508         50.791         70.519       0.581314       0.721590
            509         56.837         98.847       0.634924       0.721590
            510         14.593         53.763       0.786519       0.721590
            511         13.566         74.265       0.845546       0.721590
            512         31.540         87.333       0.734674       0.721590
            513          5.217         72.067       0.932493       0.721590
            514         25.893          8.900       0.255799       0.640259
            515         45.510         79.939       0.637222       0.721590
            516         27.586         85.560       0.756190       0.721590
            517         18.138         39.557       0.685623       0.721590
            518         45.231         56.617       0.555895       0.721590
            519         17.739        105.716       0.856316       0.721590
            520         22.471         68.269       0.752356       0.721590
            521         35.079         65.136       0.649962       0.721590
            522         38.600         70.510       0.646229       0.721590
            523         32.700         79.968       0.709766       0.721590
            524         20.693         18.252       0.468656       0.721590
            525         32.220         66.726       0.674367       0.721590
            526         24.361         55.272       0.694082       0.721590
            527         28.691          6.716       0.189685       0.640259
            528         36.190         39.314       0.520690       0.721590
            529         33.612         83.511       0.713019       0.721590
            530         25.925         80.660       0.756764       0.721590
            531         67.272         70.546       0.511876       0.721590
            532         41.002         95.307       0.699196       0.721590
            533         39.619         87.657       0.688717       0.721590
            534         43.268         63.166       0.593475       0.721590
            535         33.546        110.688       0.767418       0.721590
            536         34.475         41.818       0.548130       0.721590
            537         39.247         64.187       0.620560       0.721590
            538         38.005         84.572       0.689950       0.721590
            539         21.553         75.751       0.778495       0.721590
            540         17.170         63.114       0.786133       0.721590
            541         13.089         29.665       0.693853       0.721590
            542         19.732         58.683       0.748367       0.721590
            543         42.343        100.320       0.703197       0.721590
            544          1.643         73.406       0.978108       0.721590
            545         29.424         53.616       0.645662       0.721590
            546         47.588         44.286       0.482031       0.721590
            547         24.637         13.354       0.351508       0.721590
            548         37.374         38.947       0.510307       0.721590
            549         26.752        -11.423      -0.745160       0.640259
            550         39.596         51.583       0.565736       0.721590
            551         42.167         74.580       0.638815       0.721590
            552         42.600         55.339       0.565035       0.721590
            553         44.022         94.670       0.682590       0.721590
            554         28.245         35.317       0.555634       0.721590
            555         25.326        100.163       0.798182       0.721590
            556         42.176        113.020       0.728243       0.721590
            557         35.670         66.488       0.650837       0.721590
            558         59.814         30.129       0.334977       0.640259
            559         16.901         28.407       0.626981       0.721590
            560         10.095         69.071       0.872483       0.721590
            561         28.679        110.264       0.793594       0.721590
            562          1.022         80.610       0.987476       0.721590
            563         41.805        116.208       0.735432       0.721590
            564         25.799         74.485       0.742741       0.721590
            565         22.664         45.280       0.666426       0.721590
            566         18.980         73.622       0.795034       0.721590
            567         34.598         10.699       0.236194       0.640259
            568         37.758         38.812       0.506883       0.721590
            569         28.970        102.424       0.779516       0.721590
            570         17.035         58.981       0.775905       0.721590
            571          4.846         51.682       0.914278       0.721590
            572         49.067         72.430       0.596145       0.721590
            573         63.659         65.161       0.505829       0.721590
            574         34.071         86.816       0.718160       0.721590
            575         36.249         74.083       0.671456       0.721590
            576         25.914        130.863       0.834710       0.721590
            577         26.041         71.385       0.732711       0.721590
            578         12.205         51.985       0.809864       0.721590
            579         46.511         70.250       0.601655       0.721590
            580         47.534        114.933       0.707424       0.721590
            581         50.728        104.871       0.673982       0.721590
            582         43.869        128.235       0.745103       0.721590
            583         36.248         39.179       0.519427       0.721590
            584         35.571         41.631       0.539249       0.721590
            585         33.036         76.892       0.699474       0.721590
            586         27.744        110.391       0.799154       0.721590
            587         33.115         57.353       0.633959       0.721590
            588         16.857         85.076       0.834623       0.721590
            589         39.516         56.825       0.589835       0.721590
            590         29.082        109.621       0.790328       0.721590
            591         17.884         66.803       0.788822       0.721590
            592         51.669         29.600       0.364225       0.721590
            593          7.715         51.742       0.870243       0.721590
            594         74.707         27.960       0.272334       0.640259
            595        -12.551         88.194       1.165925       0.640259
            596         22.091        104.398       0.825350       0.721590
            597         29.224         76.474       0.723512       0.721590
            598         42.046         85.902       0.671384       0.721590
            599         33.833         77.069       0.694928       0.721590
            600         22.924         51.587       0.692343       0.721590
            601         23.323         43.837       0.652727       0.721590
            602         11.500         58.422       0.835534       0.721590
            603         15.407         87.358       0.850076       0.721590
            604         49.589         90.534       0.646103       0.721590
            605         38.951         93.417       0.705735       0.721590
            606         35.325         85.703       0.708123       0.721590
            607         27.996         71.283       0.718009       0.721590
            608         30.893         66.054       0.681341       0.721590
            609         25.510         91.579       0.782134       0.721590
            610         36.738         14.315       0.280391       0.640259
            611         32.363         60.497       0.651486       0.721590
            612         28.254         83.947       0.748181       0.721590
            613         31.160         68.942       0.688716       0.721590
            614         54.349        104.585       0.658043       0.721590
            615         -0.160         78.735       1.002038       0.721590
            616         36.654         82.077       0.691287       0.721590
            617         39.927         66.721       0.625621       0.721590
            618         37.366         11.157       0.229932       0.640259
            619         35.592         81.185       0.695215       0.721590
            620         39.046         44.539       0.532857       0.721590
            621          9.826         71.144       0.878649       0.721590
            622         37.125         76.516       0.673313       0.721590
            623         42.745         76.024       0.640099       0.721590
            624          9.255         66.754       0.878242       0.721590
            625         29.104         64.135       0.687856       0.721590
            626         35.718         51.888       0.592284       0.721590
            627         28.951        106.272       0.785905       0.721590
            628         53.904         47.216       0.466932       0.721590
            629         48.157         44.984       0.482966       0.721590
            630         16.139          7.324       0.312143       0.640259
            631         33.851         35.169       0.509547       0.721590
            632         36.426         34.406       0.485738       0.721590
            633         62.860         48.158       0.433786       0.721590
            634          7.028         44.135       0.862641       0.721590
            635         63.047         79.585       0.557974       0.721590
            636         28.225         79.591       0.738210       0.721590
            637         33.537         74.878       0.690663       0.721590
            638         27.619         45.397       0.621739       0.721590
            639         41.595        124.029       0.748860       0.721590
            640          0.132         60.098       0.997808       0.721590
            641         63.483         59.924       0.485579       0.721590
            642          6.757         67.103       0.908510       0.721590
            643         35.200         74.536       0.679233       0.721590
            644         18.377         64.329       0.777804       0.721590
            645         25.196         -1.936      -0.083217       0.640259
            646         38.948         70.637       0.644583       0.721590
            647         31.825         75.995       0.704833       0.721590
            648         64.871         35.985       0.356798       0.721590
            649         14.781         86.297       0.853770       0.721590
            650         27.723         65.976       0.704130       0.721590
            651         27.206         61.103       0.691922       0.721590
            652         27.481         64.670       0.701778       0.721590
            653         38.843         79.427       0.671576       0.721590
            654         28.434         75.984       0.727693       0.721590
            655         24.638         71.887       0.744747       0.721590
            656         33.238         78.211       0.701764       0.721590
            657         36.745        133.199       0.783780       0.721590
            658         21.224         29.663       0.582921       0.721590
            659         42.945         22.067       0.339434       0.640259
            660         37.182         80.286       0.683470       0.721590
            661         20.977         60.561       0.742738       0.721590
            662         14.460         36.539       0.716463       0.721590
            663         23.802         63.453       0.727210       0.721590
            664         28.427         90.169       0.760303       0.721590
            665         27.145         46.135       0.629570       0.721590
            666         59.644         89.024       0.598808       0.721590
            667         22.110         78.250       0.779695       0.721590
            668         29.507         84.160       0.740410       0.721590
            669         56.715         88.543       0.609556       0.721590
            670         51.136         81.908       0.615646       0.721590
            671          9.859         87.849       0.899097       0.721590
            672         40.715         74.857       0.647709       0.721590
            673         21.700         -4.322      -0.248695       0.640259
            674         15.293         74.150       0.829019       0.721590
            675         26.115        107.308       0.804272       0.721590
            676        -22.558         78.098       1.406156       0.640259
            677         53.982         39.340       0.421551       0.640259
            678         62.978         33.057       0.344221       0.640259
            679         26.176         71.695       0.732548       0.721590
            680          1.713         39.196       0.958124       0.721590
            681         19.651         49.204       0.714604       0.721590
            682         23.495         48.543       0.673858       0.721590
            683         35.024         69.193       0.663934       0.721590
            684         19.182         46.637       0.708562       0.721590
            685         27.910         75.542       0.730211       0.721590
            686         33.651         81.591       0.708000       0.721590
            687         40.992         45.688       0.527089       0.721590
            688         23.999        106.090       0.815516       0.721590
            689         24.543         69.235       0.738284       0.721590
            690         22.024         96.145       0.813625       0.721590
            691          9.565         10.072       0.512889       0.721590
            692         49.250         88.902       0.643507       0.721590
            693         33.615         73.455       0.686044       0.721590
            694         31.032         87.173       0.737476       0.721590
            695         14.743        132.951       0.900179       0.721590
            696         16.457        111.998       0.871886       0.721590
            697         30.442         58.784       0.658823       0.721590
            698         34.329         91.473       0.727120       0.721590
            699         34.327         82.504       0.706179       0.721590
            700         19.829         52.506       0.725876       0.721590
            701         26.327         83.929       0.761217       0.721590
            702         -1.619         88.629       1.018603       0.721590
            703          4.920         41.970       0.895067       0.721590
            704          3.548        132.222       0.973869       0.721590
            705         24.859         49.545       0.665887       0.721590
            706         29.090         89.034       0.753735       0.721590
            707         21.417         63.625       0.748156       0.721590
            708         13.661         94.428       0.873612       0.721590
            709          7.055         95.257       0.931041       0.721590
            710         24.168         96.987       0.800523       0.721590
            711         34.255         75.644       0.688307       0.721590
            712          9.612         39.519       0.804365       0.721590
            713          8.899         74.498       0.893292       0.721590
            714         11.707         77.056       0.868109       0.721590
            715        -10.172         89.723       1.127864       0.721590
            716         29.437         46.695       0.613341       0.721590
            717         23.424        122.071       0.839004       0.721590
            718         27.600         88.030       0.761311       0.721590
            719          7.380         50.329       0.872115       0.721590
            720         47.266         77.754       0.621934       0.721590
            721         39.008         75.117       0.658201       0.721590
            722          0.061         80.473       0.999242       0.721590
            723        -14.833         44.592       1.498442       0.640259
            724         25.942         78.918       0.752603       0.721590
            725         53.894         39.446       0.422604       0.721590
            726         44.906         92.506       0.673204       0.721590
            727         35.805          4.613       0.114128       0.640259
            728         74.037         57.366       0.436569       0.721590
            729         39.989         94.077       0.701722       0.721590
            730         12.947         73.572       0.850354       0.721590
            731         12.195         96.264       0.887561       0.721590
            732         23.706         95.443       0.801040       0.721590
            733         -1.519         97.968       1.015752       0.721590
            734         45.297         25.098       0.356534       0.721590
            735         42.280         52.647       0.554603       0.721590
            736         14.196         65.567       0.822024       0.721590
            737         15.115         65.447       0.812375       0.721590
            738         28.291         83.170       0.746180       0.721590
            739         18.170         43.121       0.703552       0.721590
            740         35.167         75.348       0.681791       0.721590
            741         23.304         67.376       0.743005       0.721590
            742         78.838         61.142       0.436791       0.721590
            743         40.987         57.328       0.583107       0.721590
            744         29.546         75.311       0.718225       0.721590
            745         34.777         64.184       0.648581       0.721590
            746         46.470         57.459       0.552870       0.721590
            747          6.245         67.231       0.915008       0.721590
            748         -8.089         48.527       1.200036       0.640259
            749         39.603         59.011       0.598403       0.721590
            750         17.383         46.644       0.728501       0.721590
            751         15.105         67.791       0.817785       0.721590
            752          0.996         73.307       0.986601       0.721590
            753         43.954        102.208       0.699278       0.721590
            754         31.804         50.270       0.612495       0.721590
            755         13.051         56.032       0.811086       0.721590
            756         28.673         62.441       0.685303       0.721590
            757         60.904         79.585       0.566487       0.721590
            758         42.356         56.694       0.572379       0.721590
            759         27.951         94.795       0.772285       0.721590
            760         28.750         44.624       0.608175       0.721590
            761         41.707         25.329       0.377846       0.721590
            762          8.416         45.483       0.843857       0.721590
            763         47.553         90.320       0.655096       0.721590
            764          5.822         96.418       0.943057       0.721590
            765         28.537         91.143       0.761558       0.721590
            766         61.059          6.890       0.101406       0.640259
            767         44.949         99.357       0.688518       0.721590
            768         27.564         72.167       0.723616       0.721590
            769          3.647         36.293       0.908683       0.721590
            770         52.652         63.525       0.546797       0.721590
            771         21.421         26.438       0.552412       0.721590
            772         36.583        115.691       0.759753       0.721590
            773         44.547         43.018       0.491271       0.721590
            774         42.715         -2.520      -0.062702       0.640259
            775         31.414         88.430       0.737874       0.721590
            776         18.986         50.578       0.727075       0.721590
            777         39.700         40.480       0.504867       0.721590
            778        -10.571         68.769       1.181628       0.640259
            779         32.657         68.230       0.676301       0.721590
            780         30.726         83.845       0.731820       0.721590
            781          3.300        107.734       0.970280       0.721590
            782         -0.215         53.567       1.004028       0.721590
            783          1.697         95.531       0.982543       0.721590
            784         51.186         90.712       0.639273       0.721590
            785         26.294        120.398       0.820753       0.721590
            786          1.450        101.452       0.985905       0.721590
            787         57.663         64.353       0.527416       0.721590
            788         27.537         56.042       0.670527       0.721590
            789         59.079         64.496       0.521915       0.721590
            790         36.024         48.380       0.573192       0.721590
            791         19.419         58.165       0.749703       0.721590
            792         34.341         92.237       0.728700       0.721590
            793         21.832         48.945       0.691540       0.721590
            794          5.891         65.728       0.917741       0.721590
            795         42.202         50.637       0.545425       0.721590
            796          7.477        116.702       0.939789       0.721590
            797         58.552         75.202       0.562242       0.721590
            798         20.152         96.070       0.826610       0.721590
            799         38.634         25.474       0.397361       0.721590
            800          6.366         82.911       0.928693       0.721590
            801         23.217         57.206       0.711314       0.721590
            802         53.950         59.985       0.526486       0.721590
            803         17.016         86.565       0.835726       0.721590
            804         45.077         77.821       0.633217       0.721590
            805         44.120         19.068       0.301766       0.640259
            806        -20.692         94.955       1.278629       0.640259
            807          3.286         48.348       0.936369       0.721590
            808         40.979         70.030       0.630850       0.721590
            809         16.838         44.615       0.726007       0.721590
            810         45.614         25.207       0.355926       0.721590
            811         10.158         69.206       0.872010       0.721590
            812          4.384         89.298       0.953206       0.721590
            813         32.758         87.918       0.728543       0.721590
            814         38.271         40.251       0.512610       0.721590
            815         17.348         34.084       0.662701       0.721590
            816         18.236         28.329       0.608372       0.721590
            817         32.201         74.718       0.698827       0.721590
            818         40.953         55.056       0.573443       0.721590
            819         34.622         94.721       0.732322       0.721590
            820         31.635         53.126       0.626776       0.721590
            821         26.858         32.706       0.549089       0.721590
            822         26.622         85.212       0.761949       0.721590
            823         41.724         56.638       0.575810       0.721590
            824         67.534         59.483       0.468306       0.721590
            825         38.641         54.144       0.583542       0.721590
            826         32.868        107.085       0.765148       0.721590
            827         42.209        120.754       0.740992       0.721590
            828         35.223         71.667       0.670474       0.721590
            829         -0.034         41.359       1.000819       0.721590
            830         44.236         65.865       0.598222       0.721590
            831         19.191         93.747       0.830075       0.721590
            832         34.492         40.131       0.537789       0.721590
            833         17.563         51.274       0.744854       0.721590
            834         51.200         34.529       0.402774       0.721590
            835         29.365         61.703       0.677547       0.721590
            836          7.531        126.594       0.943853       0.721590
            837         12.108         54.917       0.819347       0.721590
            838         21.462         58.565       0.731821       0.721590
            839         49.587         78.377       0.612491       0.721590
            840         16.539         72.368       0.813972       0.721590
            841         52.936         42.538       0.445543       0.721590
            842         22.074         79.656       0.783013       0.721590
            843         20.713         62.617       0.751430       0.721590
            844         54.572         87.124       0.614867       0.721590
            845         16.893         82.103       0.829359       0.721590
            846         14.493         48.844       0.771174       0.721590
            847          5.988         95.252       0.940851       0.721590
            848         -1.496         66.828       1.022897       0.721590
            849         15.169         90.195       0.856036       0.721590
            850         -3.648         34.247       1.119235       0.721590
            851         39.647         63.779       0.616664       0.721590
            852         47.281         52.798       0.527562       0.721590
            853         26.607         50.735       0.655980       0.721590
            854         43.458        115.970       0.727414       0.721590
            855         27.608         71.707       0.722015       0.721590
            856         40.098         45.130       0.529518       0.721590
            857         26.883         69.148       0.720060       0.721590
            858         42.717         67.231       0.611482       0.721590
            859         50.050         73.822       0.595955       0.721590
            860         54.003         77.389       0.588995       0.721590
            861         19.309         65.923       0.773457       0.721590
            862         57.996         77.445       0.571800       0.721590
            863         22.165         80.338       0.783761       0.721590
            864         38.654         85.675       0.689097       0.721590
            865         18.830         47.132       0.714533       0.721590
            866         50.595         53.385       0.513415       0.721590
            867         20.315        101.858       0.833720       0.721590
            868         63.519         61.008       0.489917       0.721590
            869         34.510        103.843       0.750568       0.721590
            870         38.432         50.378       0.567260       0.721590
            871         47.125        120.770       0.719316       0.721590
            872         23.173         32.001       0.579994       0.721590
            873         26.647         87.090       0.765715       0.721590
            874         26.492         71.964       0.730923       0.721590
            875         30.645         79.526       0.721843       0.721590
            876         23.320         56.210       0.706775       0.721590
            877         27.908         51.260       0.647482       0.721590
            878         12.884         95.922       0.881585       0.721590
            879         13.968         72.362       0.838204       0.721590
            880         27.006         73.044       0.730074       0.721590
            881         22.680         55.194       0.708758       0.721590
            882         45.133        100.115       0.689269       0.721590
            883         15.863         23.533       0.597338       0.721590
            884         31.344         58.886       0.652625       0.721590
            885         36.679         53.304       0.592376       0.721590
            886         51.579         53.463       0.508969       0.721590
            887         24.733         87.238       0.779112       0.721590
            888         74.853         40.734       0.352410       0.721590
            889         30.752         63.282       0.672970       0.721590
            890         29.788        117.092       0.797197       0.721590
            891         25.155         45.434       0.643646       0.721590
            892         63.530         71.760       0.530417       0.721590
            893         18.989         78.162       0.804538       0.721590
            894         47.000         78.706       0.626112       0.721590
            895         48.504         93.908       0.659410       0.721590
            896         48.582         18.234       0.272904       0.640259
            897         42.854        109.354       0.718449       0.721590
            898         19.997        103.464       0.838027       0.721590
            899         19.544         97.163       0.832536       0.721590
            900         13.141         93.300       0.876539       0.721590
            901         17.192         66.603       0.794829       0.721590
            902         53.450         74.240       0.581410       0.721590
            903         33.792         42.419       0.556603       0.721590
            904         32.905         64.183       0.661082       0.721590
            905         54.788         52.970       0.491563       0.721590
            906         33.919        114.656       0.771705       0.721590
            907         25.918         69.594       0.728642       0.721590
            908         43.652        104.719       0.705792       0.721590
            909         35.652         42.621       0.544512       0.721590
            910         57.456         79.782       0.581339       0.721590
            911         30.301         74.177       0.709980       0.721590
            912         17.369         66.308       0.792426       0.721590
            913         35.132        104.326       0.748081       0.721590
            914         28.619        122.953       0.811187       0.721590
            915         23.998         78.424       0.765691       0.721590
            916         50.275        102.755       0.671469       0.721590
            917         23.855         32.678       0.578041       0.721590
            918         36.116         71.568       0.664608       0.721590
            919         21.997         95.470       0.812739       0.721590
            920         17.846         43.224       0.707780       0.721590
            921          6.073         78.290       0.928019       0.721590
            922         54.492          6.268       0.103164       0.640259
            923         39.856         42.524       0.516193       0.721590
            924         34.624         63.791       0.648182       0.721590
            925         27.760         42.109       0.602679       0.721590
            926         25.310        108.728       0.811172       0.721590
            927         27.074         63.426       0.700840       0.721590
            928         37.456         79.783       0.680514       0.721590
            929         26.796         19.639       0.422940       0.721590
            930         22.328         64.763       0.743622       0.721590
            931          4.803          8.186       0.630241       0.721590
            932         33.527         73.842       0.687744       0.721590
            933         42.291         89.092       0.678108       0.721590
            934         36.356         93.504       0.720037       0.721590
            935         35.546         64.824       0.645850       0.721590
            936         23.003         87.092       0.791065       0.721590
            937         44.923         58.191       0.564337       0.721590
            938         32.931         70.713       0.682271       0.721590
            939         29.331         62.695       0.681277       0.721590
            940         40.143         56.711       0.585532       0.721590
            941         36.372         40.331       0.525806       0.721590
            942         40.732         80.896       0.665110       0.721590
            943         17.091         62.119       0.784231       0.721590
            944         32.192         59.751       0.649874       0.721590
            945         30.663        111.976       0.785028       0.721590
            946         40.935         73.205       0.641361       0.721590
            947          5.231         57.265       0.916298       0.721590
            948         36.013         65.342       0.644681       0.721590
            949         25.144        107.392       0.810288       0.721590
            950          7.285         16.317       0.691351       0.721590
            951         33.352         68.956       0.674005       0.721590
            952          0.935         82.328       0.988772       0.721590
            953          8.640        115.297       0.930285       0.721590
            954         38.098         43.276       0.531817       0.721590
            955          6.008         73.970       0.924880       0.721590
            956         20.884        101.866       0.829862       0.721590
            957         42.396         41.057       0.491979       0.721590
            958         49.320         91.077       0.648713       0.721590
            959         19.874        108.406       0.845075       0.721590
            960         23.861         73.743       0.755536       0.721590
            961         48.210         31.138       0.392426       0.721590
            962         17.048         94.179       0.846732       0.721590
            963         30.134        106.456       0.779383       0.721590
            964         17.337         68.531       0.798099       0.721590
            965         69.276         91.393       0.568829       0.721590
            966         19.455         72.508       0.788452       0.721590
            967          3.184         36.495       0.919760       0.721590
            968         70.063         45.091       0.391572       0.721590
            969         53.094         66.230       0.555044       0.721590
            970         64.722         40.264       0.383515       0.721590
            971         13.565        107.152       0.887630       0.721590
            972         44.870         62.818       0.583333       0.721590
            973         -5.512        120.179       1.048071       0.721590
            974         36.340         68.901       0.654699       0.721590
            975         25.748        107.422       0.806655       0.721590
            976         70.809         63.954       0.474566       0.721590
            977         17.889        144.653       0.889940       0.721590
            978         15.340         79.074       0.837524       0.721590
            979         57.490         68.383       0.543271       0.721590
            980          6.941         96.894       0.933152       0.721590
            981         10.346        108.861       0.913211       0.721590
            982         17.565         66.659       0.791446       0.721590
            983        -10.914         58.139       1.231098       0.640259
            984         69.666         65.135       0.483191       0.721590
            985         39.649         83.276       0.677453       0.721590
            986         55.976         62.470       0.527414       0.721590
            987         50.875         70.038       0.579243       0.721590
            988         46.588         33.677       0.419571       0.721590
            989         35.895         29.135       0.448031       0.721590
            990         38.421         56.084       0.593450       0.721590
            991         37.069         34.303       0.480629       0.721590
            992         26.666         84.489       0.760100       0.721590
            993         56.508        102.195       0.643938       0.721590
            994         45.710        115.645       0.716712       0.721590
            995         17.627         36.733       0.675736       0.721590
            996         24.011         38.813       0.617805       0.721590
            997         52.421         77.562       0.596711       0.721590
            998         28.003         57.550       0.672681       0.721590
            999         47.666         50.954       0.516671       0.721590
           1000         33.216         55.554       0.625819       0.721590
