              1         52.026         68.814       0.569466       0.733049
              2         30.931         83.862       0.730550       0.733049
              3         46.317         32.665       0.413574       0.733049
              4         12.092         79.944       0.868621       0.733049
              5         10.456         49.341       0.825140       0.733049
              6         49.415         47.548       0.490372       0.733049
              7         45.716         46.081       0.501984       0.733049
              8         10.674         91.305       0.895332       0.733049
              9         44.879         68.700       0.604869       0.733049
             10         37.413         72.576       0.659845       0.733049
             11         14.125         68.383       0.828802       0.733049
             12          6.204         54.050       0.897030       0.733049
             13         25.722         31.371       0.549471       0.733049
             14         33.750         82.002       0.708426       0.733049
             15         42.410         81.515       0.657776       0.733049
             16         29.657         61.253       0.673777       0.733049
             17         15.057         80.692       0.842743       0.733049
             18         19.586         46.161       0.702107       0.733049
             19         24.120         86.608       0.782166       0.733049
             20         10.765         69.660       0.866149       0.733049
             21         61.017         30.694       0.334686       0.733049
             22          2.378         56.179       0.959397       0.733049
             23         43.332         78.112       0.643194       0.733049
             24         25.976         60.079       0.698144       0.733049
             25          5.652         68.434       0.923714       0.733049
             26         29.598         83.595       0.738518       0.733049
             27         67.819         79.486       0.539600       0.733049
             28         39.583         46.108       0.538073       0.733049
             29         36.222         57.520       0.613598       0.733049
             30         30.098        107.360       0.781039       0.733049
             31         28.473         42.375       0.598114       0.733049
             32         43.892         74.948       0.630663       0.733049
             33         14.406         58.303       0.801864       0.733049
             34         51.930         51.554       0.498183       0.733049
             35         46.167         78.827       0.630647       0.733049
             36         38.191         51.738       0.575323       0.733049
             37         34.819         87.714       0.715838       0.733049
             38         31.795        101.909       0.762199       0.733049
             39         37.409         71.865       0.657661       0.733049
             40         23.447         56.724       0.707536       0.733049
             41         59.091         59.544       0.501909       0.733049
             42         29.315         63.516       0.684212       0.733049
             43         12.163        103.819       0.895132       0.733049
             44         14.262         70.572       0.831880       0.733049
             45         29.285         60.960       0.675498       0.733049
             46         15.091         74.193       0.830982       0.733049
             47          8.447         58.354       0.873547       0.733049
             48         10.471         41.323       0.797826       0.733049
             49         28.629         69.019       0.706813       0.733049
             50         24.029         42.101       0.636635       0.733049
             51         45.644         83.674       0.647042       0.733049
             52         61.096         32.986       0.350608       0.733049
             53         43.174         58.093       0.573660       0.733049
             54         57.924         42.993       0.426024       0.733049
             55         23.121         63.256       0.732327       0.733049
             56         39.625         23.729       0.374553       0.733049
             57         27.315         40.570       0.597629       0.733049
             58         37.267         53.448       0.589182       0.733049
             59          7.815         64.917       0.892556       0.733049
             60         34.151         76.748       0.692052       0.733049
             61         16.344        109.004       0.869610       0.733049
             62         25.326         63.795       0.715824       0.733049
             63          8.542         36.432       0.810067       0.733049
             64         48.041         56.238       0.539305       0.733049
             65         28.825         84.927       0.746597       0.733049
             66         17.912         79.226       0.815604       0.733049
             67         18.453         57.637       0.757486       0.733049
             68         35.299         55.952       0.613162       0.733049
             69         15.689         56.449       0.782511       0.733049
             70         15.611         89.530       0.851521       0.733049
             71         12.322         16.165       0.567450       0.733049
             72         30.465         48.442       0.613912       0.733049
             73         36.451         58.207       0.614920       0.733049
             74         45.074        121.085       0.728730       0.733049
             75         46.021         89.790       0.661140       0.733049
             76         24.771         81.452       0.766801       0.733049
             77          9.182        104.000       0.918876       0.733049
             78         46.937         88.026       0.652223       0.733049
             79         10.243         45.292       0.815556       0.733049
             80         36.398        126.639       0.776748       0.733049
             81         27.245         96.260       0.779399       0.733049
             82         -4.351        128.160       1.035145       0.733049
             83         10.457         77.938       0.881700       0.733049
             84         23.079         77.401       0.770314       0.733049
             85         10.819        104.976       0.906566       0.733049
             86         22.361         53.895       0.706762       0.733049
             87         32.389        108.494       0.770100       0.733049
             88         36.638        137.359       0.789432       0.733049
             89         16.121        102.839       0.864486       0.733049
             90         25.549        100.116       0.796690       0.733049
             91         16.312         58.920       0.783174       0.733049
             92         21.141         81.765       0.794560       0.733049
             93          9.991         71.910       0.878006       0.733049
             94        -13.021         77.597       1.201641       0.733049
             95          9.078        117.183       0.928104       0.733049
             96         15.135         95.013       0.862591       0.733049
             97         45.240         52.337       0.536365       0.733049
             98          8.885         68.558       0.885273       0.733049
             99         41.525         82.602       0.665463       0.733049
            100          6.123         63.336       0.911853       0.733049
            101         50.437         57.688       0.533531       0.733049
            102         51.850         64.575       0.554650       0.733049
            103         18.786        111.347       0.855640       0.733049
            104         37.484         75.896       0.669393       0.733049
            105         20.739         62.809       0.751769       0.733049
            106         27.917         98.626       0.779385       0.733049
            107         44.833         61.060       0.576616       0.733049
            108         23.472         65.175       0.735218       0.733049
            109         60.374         41.793       0.409067       0.733049
            110         36.360         39.075       0.517995       0.733049
            111         23.444         80.071       0.773517       0.733049
            112         11.353         71.689       0.863285       0.733049
            113         -3.230        115.327       1.028816       0.733049
            114         50.866         60.488       0.543209       0.733049
            115         54.419        101.808       0.651666       0.733049
            116         20.453         55.139       0.729428       0.733049
            117         26.672         47.592       0.640850       0.733049
            118         42.854         12.326       0.223372       0.733049
            119         46.050         86.868       0.653547       0.733049
            120          9.457         73.998       0.886680       0.733049
            121         43.062         28.494       0.398209       0.733049
            122         43.871        120.380       0.732900       0.733049
            123          4.458         62.197       0.933115       0.733049
            124         44.291         58.331       0.568407       0.733049
            125         19.546         59.356       0.752279       0.733049
            126         33.859         35.080       0.508856       0.733049
            127         11.451         39.742       0.776315       0.733049
            128         29.326         47.958       0.620541       0.733049
            129         28.393         83.131       0.745408       0.733049
            130         20.749         90.491       0.813472       0.733049
            131         12.426         80.458       0.866225       0.733049
            132         49.102         10.726       0.179277       0.494374
            133         34.974         27.136       0.436906       0.733049
            134         43.374         92.253       0.680194       0.733049
            135         30.793         70.514       0.696046       0.733049
            136         63.694         57.259       0.473397       0.733049
            137         47.473         74.129       0.609607       0.733049
            138         30.720         63.307       0.673284       0.733049
            139         49.740        100.588       0.669125       0.733049
            140         49.384         58.795       0.543498       0.733049
            141         -0.050         79.944       1.000626       0.733049
            142         25.808        112.741       0.813727       0.733049
            143          7.626         64.471       0.894225       0.733049
            144          0.081         48.625       0.998330       0.733049
            145         58.289         37.144       0.389217       0.733049
            146         17.873         68.342       0.792698       0.733049
            147         27.251         72.870       0.727820       0.733049
            148         27.606        104.527       0.791072       0.733049
            149         33.424         77.553       0.698820       0.733049
            150         23.044         31.481       0.577374       0.733049
            151         32.881         52.374       0.614321       0.733049
            152         24.000         51.201       0.680859       0.733049
            153         10.316        115.766       0.918178       0.733049
            154         65.783         86.388       0.567705       0.733049
            155         27.102         61.393       0.693746       0.733049
            156         31.343         88.022       0.737422       0.733049
            157         33.090         20.820       0.386201       0.733049
            158         22.947         29.871       0.565548       0.733049
            159         18.742         63.138       0.771106       0.733049
            160         -0.672         37.467       1.018269       0.733049
            161         21.352         80.445       0.790246       0.733049
            162         15.284         45.333       0.747865       0.733049
            163         70.505         14.703       0.172555       0.494374
            164         26.606         61.033       0.696414       0.733049
            165         43.371         92.618       0.681070       0.733049
            166         22.201         73.892       0.768959       0.733049
            167         57.648         84.578       0.594674       0.733049
            168         14.285         63.036       0.815253       0.733049
            169         28.786         73.623       0.718912       0.733049
            170         22.475         82.056       0.784993       0.733049
            171         12.439         57.914       0.823193       0.733049
            172          8.916         30.942       0.776306       0.733049
            173         19.947         83.005       0.806246       0.733049
            174         22.028        102.297       0.822819       0.733049
            175         30.454         39.090       0.562085       0.733049
            176         -5.469         68.229       1.087145       0.733049
            177         31.077         41.711       0.573047       0.733049
            178         27.275         76.920       0.738229       0.733049
            179         25.199         97.788       0.795108       0.733049
            180          2.694         63.397       0.959232       0.733049
            181         14.102        122.644       0.896877       0.733049
            182         24.586         66.798       0.730962       0.733049
            183         11.461        121.774       0.913980       0.733049
            184         47.232         61.503       0.565623       0.733049
            185          6.443         48.670       0.883091       0.733049
            186         31.969         91.587       0.741260       0.733049
            187          7.239         69.766       0.905990       0.733049
            188         11.088        107.369       0.906394       0.733049
            189         26.490         63.881       0.706877       0.733049
            190         -3.009         71.013       1.044250       0.733049
            191          9.098         78.326       0.895935       0.733049
            192         20.514        123.492       0.857546       0.733049
            193          1.610        123.599       0.987138       0.733049
            194         15.565         93.075       0.856725       0.733049
            195         26.603         77.025       0.743280       0.733049
            196          7.830         80.540       0.911396       0.733049
            197         18.158        102.173       0.849100       0.733049
            198         21.670         88.338       0.803012       0.733049
            199         37.311         71.099       0.655833       0.733049
            200         32.433         89.073       0.733078       0.733049
            201         23.065         46.505       0.668461       0.733049
            202         -2.064        168.098       1.012428       0.733049
            203         17.686        123.368       0.874618       0.733049
            204         16.069         77.350       0.827989       0.733049
            205         12.908        128.532       0.908742       0.733049
            206          6.106         48.637       0.888465       0.733049
            207         33.195         99.117       0.749116       0.733049
            208         28.098         96.585       0.774643       0.733049
            209         20.818         37.202       0.641190       0.733049
            210          7.571         84.416       0.917691       0.733049
            211         19.565         76.529       0.796397       0.733049
            212         23.428         68.473       0.745076       0.733049
            213         26.471         93.524       0.779402       0.733049
            214         14.227        116.475       0.891149       0.733049
            215          4.377         87.772       0.952496       0.733049
            216         11.415         35.509       0.756741       0.733049
            217         16.744        103.233       0.860442       0.733049
            218         36.482         70.984       0.660523       0.733049
            219         24.890         77.236       0.756283       0.733049
            220         21.427         98.040       0.820643       0.733049
            221         43.873         83.550       0.655693       0.733049
            222         38.023        106.413       0.736750       0.733049
            223         20.210         53.909       0.727332       0.733049
            224         40.773         85.974       0.678311       0.733049
            225          2.217         96.867       0.977628       0.733049
            226         10.411         60.312       0.852797       0.733049
            227          5.136         99.905       0.951101       0.733049
            228          3.015         93.725       0.968835       0.733049
            229         27.434        101.579       0.787355       0.733049
            230         33.969         90.154       0.726329       0.733049
            231         25.065         78.645       0.758315       0.733049
            232         38.679         77.651       0.667506       0.733049
            233         14.561         91.967       0.863309       0.733049
            234         -3.056         81.649       1.038885       0.733049
            235         49.148         73.568       0.599498       0.733049
            236         30.916         65.375       0.678932       0.733049
            237         14.397         81.571       0.849983       0.733049
            238         14.562         49.401       0.772335       0.733049
            239         14.890         92.002       0.860703       0.733049
            240         58.897         68.267       0.536841       0.733049
            241         15.487         92.953       0.857180       0.733049
            242         38.310         86.384       0.692767       0.733049
            243         17.114         78.114       0.820281       0.733049
            244         37.911         82.366       0.684805       0.733049
            245         22.543         24.042       0.516091       0.733049
            246          3.966         81.960       0.953845       0.733049
            247         42.996         58.966       0.578317       0.733049
            248         10.406         69.242       0.869352       0.733049
            249         38.958         54.381       0.582621       0.733049
            250         30.050         94.969       0.759636       0.733049
            251         48.845         66.189       0.575389       0.733049
            252         26.426         71.187       0.729274       0.733049
            253         37.381         56.868       0.603381       0.733049
            254         54.357         97.300       0.641579       0.733049
            255         24.433         61.793       0.716635       0.733049
            256         15.225         84.323       0.847057       0.733049
            257         29.236        122.912       0.807842       0.733049
            258         45.832         36.902       0.446032       0.733049
            259         46.135         58.360       0.558494       0.733049
            260         33.424         86.396       0.721050       0.733049
            261         37.948        107.357       0.738839       0.733049
            262          9.028         77.969       0.896230       0.733049
            263         16.931         63.275       0.788903       0.733049
            264         14.977         29.092       0.660142       0.733049
            265         56.345         58.552       0.509601       0.733049
            266         52.574         26.657       0.336445       0.733049
            267         50.532         22.733       0.310283       0.733049
            268         65.685         63.192       0.490331       0.733049
            269         36.713         87.104       0.703489       0.733049
            270         27.847         77.424       0.735473       0.733049
            271         47.775         93.583       0.662027       0.733049
            272         38.450          4.746       0.109878       0.494374
            273         11.168         77.725       0.874363       0.733049
            274         39.965         69.923       0.636312       0.733049
            275         39.304        119.950       0.753199       0.733049
            276         33.852         71.210       0.677787       0.733049
            277         50.715         45.449       0.472619       0.733049
            278         39.846         75.405       0.654269       0.733049
            279         21.272         88.010       0.805347       0.733049
            280         43.020         66.298       0.606466       0.733049
            281         33.829         70.682       0.676313       0.733049
            282         45.396         91.590       0.668609       0.733049
            283         30.923         74.490       0.706649       0.733049
            284         17.882         41.681       0.699781       0.733049
            285         38.727         48.301       0.555007       0.733049
            286         17.045         76.302       0.817402       0.733049
            287          8.198         78.235       0.905153       0.733049
            288         40.558         77.709       0.657063       0.733049
            289         31.567         38.153       0.547230       0.733049
            290         40.942         23.534       0.365000       0.733049
            291         70.218         53.424       0.432087       0.733049
            292         37.120         70.827       0.656129       0.733049
            293         25.474         14.359       0.360475       0.733049
            294         -9.915         85.173       1.131746       0.733049
            295         42.071         87.859       0.676200       0.733049
            296          9.335         67.891       0.879125       0.733049
            297          5.608         98.494       0.946133       0.733049
            298         34.206        106.609       0.757089       0.733049
            299         21.705         59.666       0.733263       0.733049
            300         36.062         60.866       0.627952       0.733049
            301         40.806         78.151       0.656971       0.733049
            302         45.119        102.953       0.695290       0.733049
            303         30.878         46.913       0.603063       0.733049
            304         18.935         51.531       0.731284       0.733049
            305         41.122         87.351       0.679917       0.733049
            306         23.265         80.778       0.776395       0.733049
            307         21.857         60.753       0.735422       0.733049
            308         47.621         76.874       0.617486       0.733049
            309         26.194         69.946       0.727547       0.733049
            310         28.269         99.556       0.778847       0.733049
            311         19.636         78.542       0.799999       0.733049
            312         12.702         78.488       0.860706       0.733049
            313         69.207         54.529       0.440690       0.733049
            314         23.670         89.456       0.790762       0.733049
            315         13.603        113.912       0.893320       0.733049
            316         34.478         47.334       0.578572       0.733049
            317         50.308         94.533       0.652666       0.733049
            318         22.506         71.744       0.761210       0.733049
            319         35.375         73.843       0.676108       0.733049
            320         41.169         78.876       0.657054       0.733049
            321         17.249         33.679       0.661311       0.733049
            322         33.305         71.285       0.681566       0.733049
            323         67.526         72.840       0.518929       0.733049
            324         20.015        101.306       0.835025       0.733049
            325         27.670        101.266       0.785399       0.733049
            326         38.585         69.306       0.642374       0.733049
            327          9.445         59.547       0.863095       0.733049
            328         45.420         68.221       0.600319       0.733049
            329         46.113        109.937       0.704500       0.733049
            330        -13.594        137.692       1.109539       0.733049
            331         23.970         88.055       0.786030       0.733049
            332         31.588         29.522       0.483096       0.733049
            333         36.372         98.555       0.730433       0.733049
            334         35.706         33.247       0.482174       0.733049
            335         43.031         70.053       0.619474       0.733049
            336         38.807         45.866       0.541683       0.733049
            337         30.981         84.132       0.730867       0.733049
            338         41.056         64.642       0.611575       0.733049
            339         31.318         74.313       0.703513       0.733049
            340         44.694         30.743       0.407533       0.733049
            341         29.590        100.285       0.772165       0.733049
            342         18.610         90.989       0.830199       0.733049
            343         19.246         63.298       0.766844       0.733049
            344         40.006         69.909       0.636026       0.733049
            345         24.537         52.827       0.682837       0.733049
            346         23.478         38.736       0.622623       0.733049
            347         37.823        116.343       0.754660       0.733049
            348          0.096         92.725       0.998962       0.733049
            349         46.527         53.811       0.536299       0.733049
            350         50.908         56.374       0.525478       0.733049
            351         59.138         60.889       0.507296       0.733049
            352          1.341        116.620       0.988635       0.733049
            353          1.775         63.226       0.972689       0.733049
            354         39.937         75.229       0.653224       0.733049
            355         38.064         65.386       0.632055       0.733049
            356         36.144         66.106       0.646512       0.733049
            357          5.749         60.750       0.913553       0.733049
            358         44.813         61.226       0.577392       0.733049
            359         63.962         81.964       0.561682       0.733049
            360         48.788         92.809       0.655445       0.733049
            361         27.562         87.317       0.760080       0.733049
            362         40.968         97.693       0.704544       0.733049
            363         30.572         84.365       0.734012       0.733049
            364         33.956         55.867       0.621972       0.733049
            365         39.952         65.093       0.619665       0.733049
            366         13.594         97.123       0.877221       0.733049
            367         59.107         51.937       0.467715       0.733049
            368          3.136         62.867       0.952482       0.733049
            369         33.427         79.008       0.702698       0.733049
            370         13.561         76.387       0.849236       0.733049
            371         32.213         77.954       0.707600       0.733049
            372         42.186         55.290       0.567218       0.733049
            373         64.060         47.281       0.424651       0.733049
            374         25.480         45.605       0.641562       0.733049
            375         25.132         85.463       0.772757       0.733049
            376         22.813         51.704       0.693858       0.733049
            377         43.835         94.294       0.682651       0.733049
            378         49.920        100.302       0.667692       0.733049
            379         16.498         54.267       0.766860       0.733049
            380         54.780         84.295       0.606111       0.733049
            381         34.064         67.396       0.664257       0.733049
            382         -7.136         41.353       1.208533       0.733049
            383         31.312        128.062       0.803533       0.733049
            384        -10.660         65.971       1.192719       0.733049
            385         48.305         25.790       0.348071       0.733049
            386         38.085         54.724       0.589640       0.733049
            387         38.075        109.434       0.741880       0.733049
            388         49.076         45.834       0.482925       0.733049
            389         39.683         51.777       0.566119       0.733049
            390         13.966         18.147       0.565102       0.733049
            391         38.181         47.931       0.556614       0.733049
            392         39.784         58.622       0.595715       0.733049
            393         64.084         85.767       0.572349       0.733049
            394         18.128         98.331       0.844338       0.733049
            395         30.828         75.290       0.709495       0.733049
            396         38.962         62.324       0.615330       0.733049
            397         54.739         63.452       0.536860       0.733049
            398         16.007         89.335       0.848045       0.733049
            399          9.995        107.920       0.915237       0.733049
            400         43.235         84.491       0.661501       0.733049
            401         47.581        114.520       0.706474       0.733049
            402         38.219         80.952       0.679295       0.733049
            403         38.027         96.326       0.716959       0.733049
            404         34.339         98.922       0.742314       0.733049
            405         58.476         54.445       0.482153       0.733049
            406          0.918         55.246       0.983652       0.733049
            407         50.590         78.556       0.608270       0.733049
            408         56.781         60.817       0.517163       0.733049
            409         40.919         62.483       0.604271       0.733049
            410         62.367         89.683       0.589827       0.733049
            411         24.387         70.179       0.742119       0.733049
            412          2.020         48.863       0.960311       0.733049
            413         19.598         41.786       0.680727       0.733049
            414          7.591         93.115       0.924619       0.733049
            415         36.495         52.684       0.590766       0.733049
            416         42.012        105.511       0.715216       0.733049
            417         17.853         64.094       0.782143       0.733049
            418         13.837         64.820       0.824088       0.733049
            419         58.416         16.959       0.224998       0.733049
            420         31.334         70.492       0.692277       0.733049
            421         10.903         59.619       0.845401       0.733049
            422         38.214         53.545       0.583539       0.733049
            423         30.104         55.964       0.650227       0.733049
            424         65.202         59.442       0.476892       0.733049
            425         41.813         29.431       0.413104       0.733049
            426         37.366         87.061       0.699697       0.733049
            427         14.998         18.424       0.551247       0.733049
            428         -0.828         58.734       1.014306       0.733049
            429         40.669        100.431       0.711773       0.733049
            430         -8.574         26.814       1.470093       0.494374
            431         31.103         81.003       0.722559       0.733049
            432         23.009         78.520       0.773372       0.733049
            433         41.352        102.828       0.713194       0.733049
            434         11.526         68.917       0.856719       0.733049
            435         10.711         53.450       0.833065       0.733049
            436         33.887         62.169       0.647214       0.733049
            437         16.593         50.022       0.750913       0.733049
            438         30.616         46.646       0.603736       0.733049
            439         54.928         89.711       0.620241       0.733049
            440         46.322         18.990       0.290757       0.733049
            441         40.206         55.174       0.578464       0.733049
            442         24.510         79.865       0.765172       0.733049
            443         32.202         50.141       0.608928       0.733049
            444         49.254         96.651       0.662426       0.733049
            445         21.805         41.054       0.653115       0.733049
            446         20.148         33.954       0.627595       0.733049
            447         36.749        105.040       0.740818       0.733049
            448          9.398         42.761       0.819825       0.733049
            449         -0.112         97.897       1.001142       0.733049
            450         33.387         70.195       0.677679       0.733049
            451         15.922         91.261       0.851453       0.733049
            452         52.322         56.223       0.517968       0.733049
            453         32.931        102.615       0.757047       0.733049
            454         22.174         43.561       0.662670       0.733049
            455         48.199         28.346       0.370321       0.733049
            456          0.287         50.227       0.994326       0.733049
            457         24.164         60.017       0.712954       0.733049
            458         24.350        140.156       0.851982       0.733049
            459         36.757         65.810       0.641631       0.733049
            460         29.332         56.554       0.658482       0.733049
            461         10.093        118.369       0.921434       0.733049
            462         22.945        122.427       0.842164       0.733049
            463         35.017         97.406       0.735567       0.733049
            464         23.766         34.500       0.592114       0.733049
            465         -8.947          6.905      -3.381582       0.494374
            466         32.717         64.251       0.662600       0.733049
            467         53.461         29.360       0.354501       0.733049
            468         40.147         99.869       0.713268       0.733049
            469         29.791        128.322       0.811582       0.733049
            470         28.885         80.689       0.736387       0.733049
            471          8.191        108.314       0.929693       0.733049
            472         -9.860        102.895       1.105985       0.733049
            473          4.816         87.140       0.947626       0.733049
            474         11.053         76.224       0.873363       0.733049
            475         29.549         83.017       0.737499       0.733049
            476         63.689        111.578       0.636616       0.733049
            477         34.524         90.277       0.723365       0.733049
            478         -7.414        111.701       1.071087       0.733049
            479         -1.726         57.540       1.030923       0.733049
            480         25.954        109.091       0.807810       0.733049
            481        -11.576         61.807       1.230459       0.733049
            482         23.767         76.344       0.762596       0.733049
            483          2.109         69.126       0.970389       0.733049
            484         21.714         83.337       0.793297       0.733049
            485         54.252         75.358       0.581422       0.733049
            486         12.141         56.609       0.823408       0.733049
            487         27.663         23.066       0.454690       0.733049
            488         14.098         71.215       0.834751       0.733049
            489          5.818         77.634       0.930286       0.733049
            490         25.617         97.138       0.791313       0.733049
            491         12.966        105.497       0.890548       0.733049
            492          3.849         68.229       0.946600       0.733049
            493         27.612         81.424       0.746765       0.733049
            494         36.936         81.167       0.687254       0.733049
            495         21.653         44.105       0.670721       0.733049
            496         23.123         97.797       0.808772       0.733049
            497         30.068         61.816       0.672761       0.733049
            498         13.399         46.575       0.776592       0.733049
            499         -0.685         99.491       1.006933       0.733049
            500         -2.189        105.155       1.021259       0.733049
            501         17.546         89.256       0.835714       0.733049
            502         30.482         99.571       0.765616       0.733049
            503         20.944         92.071       0.814678       0.733049
            504         35.429         63.449       0.641692       0.733049
            505         -5.316         83.078       1.068364       0.733049
            506         14.702        106.845       0.879040       0.733049
            507         36.212         89.461       0.711854       0.733049
            508         15.353         98.564       0.865229       0.733049
            509         29.611         74.938       0.716775       0.733049
            510         29.619         73.606       0.713061       0.733049
            511         43.979         36.373       0.452672       0.733049
            512         31.535         51.734       0.621290       0.733049
            513         34.687         63.626       0.647181       0.733049
            514         12.418         71.708       0.852386       0.733049
            515         12.217         66.341       0.844478       0.733049
            516         38.024         43.199       0.531860       0.733049
            517         45.391        100.940       0.689805       0.733049
            518         38.087         67.004       0.637579       0.733049
            519         11.235         49.996       0.816519       0.733049
            520         31.206        108.510       0.776645       0.733049
            521         48.795         70.938       0.592468       0.733049
            522         -8.720         71.527       1.138842       0.733049
            523         32.365         28.895       0.471674       0.733049
            524         27.153        119.380       0.814698       0.733049
            525         49.974         47.734       0.488534       0.733049
            526         40.366         91.600       0.694118       0.733049
            527         42.127         98.500       0.700436       0.733049
            528         19.624         93.686       0.826811       0.733049
            529         65.788         36.490       0.356771       0.733049
            530         28.836         14.489       0.334420       0.733049
            531         44.077         84.492       0.657174       0.733049
            532         27.180         72.041       0.726062       0.733049
            533         33.588         88.817       0.725599       0.733049
            534         36.890         35.410       0.489769       0.733049
            535         -5.997         82.948       1.077928       0.733049
            536         42.598         85.109       0.666442       0.733049
            537         33.134         87.585       0.725525       0.733049
            538         59.431         71.950       0.547646       0.733049
            539         11.499         69.394       0.857852       0.733049
            540         41.885         49.490       0.541611       0.733049
            541         33.509         53.554       0.615119       0.733049
            542         22.089         59.393       0.728909       0.733049
            543         16.684         55.207       0.767930       0.733049
            544         50.629         55.900       0.524742       0.733049
            545         12.644         17.094       0.574813       0.733049
            546         30.917         90.940       0.746284       0.733049
            547         36.649        107.463       0.745690       0.733049
            548         15.376         40.357       0.724110       0.733049
            549         26.942         57.682       0.681627       0.733049
            550         13.738         72.144       0.840040       0.733049
            551         50.162        107.544       0.681927       0.733049
            552         16.800         97.906       0.853538       0.733049
            553         24.503         89.297       0.784682       0.733049
            554         37.306         44.849       0.545906       0.733049
            555         27.611         31.674       0.534266       0.733049
            556         30.743         76.203       0.712540       0.733049
            557         21.039         70.565       0.770326       0.733049
            558         45.648         75.358       0.622761       0.733049
            559         30.900         96.870       0.758158       0.733049
            560         28.629         60.719       0.679576       0.733049
            561         49.841         65.419       0.567576       0.733049
            562         31.561         58.735       0.650475       0.733049
            563         37.534         56.150       0.599354       0.733049
            564         21.089         75.651       0.782005       0.733049
            565          1.811         28.258       0.939772       0.733049
            566         50.520         74.537       0.596023       0.733049
            567         48.214         64.692       0.572973       0.733049
            568         31.910         63.161       0.664357       0.733049
            569         13.808         45.190       0.765954       0.733049
            570         21.035         99.986       0.826186       0.733049
            571         45.468         71.162       0.610154       0.733049
            572         37.062         97.853       0.725295       0.733049
            573          9.209         51.405       0.848069       0.733049
            574         27.137         63.223       0.699684       0.733049
            575          2.489         71.326       0.966279       0.733049
            576         41.809         55.622       0.570886       0.733049
            577         29.593         58.306       0.663327       0.733049
            578         55.845         90.887       0.619409       0.733049
            579          7.835         26.013       0.768521       0.733049
            580         46.873         46.876       0.500015       0.733049
            581         33.784         79.485       0.701735       0.733049
            582        -13.396         55.183       1.320586       0.494374
            583         40.032         86.881       0.684569       0.733049
            584         35.761         77.123       0.683206       0.733049
            585         30.220        105.162       0.776780       0.733049
            586         19.736         54.749       0.735032       0.733049
            587         34.105         72.748       0.680821       0.733049
            588         20.920        117.919       0.849324       0.733049
            589         41.911         44.612       0.515609       0.733049
            590         31.418         49.811       0.613223       0.733049
            591         32.407        112.082       0.775714       0.733049
            592         22.046         51.766       0.701323       0.733049
            593         43.361         54.114       0.555158       0.733049
            594         60.840         11.701       0.161308       0.494374
            595         21.426        110.991       0.838196       0.733049
            596         19.712         79.488       0.801289       0.733049
            597         22.682         70.539       0.756687       0.733049
            598         10.263         50.584       0.831331       0.733049
            599         15.355         40.802       0.726565       0.733049
            600         28.108        117.906       0.807498       0.733049
            601         34.538         37.475       0.520389       0.733049
            602         21.146         30.414       0.589875       0.733049
            603         41.113         74.124       0.643233       0.733049
            604         24.623         98.138       0.799422       0.733049
            605         47.106          7.166       0.132039       0.494374
            606         45.497         81.648       0.642165       0.733049
            607         56.532         40.121       0.415105       0.733049
            608         11.748         97.008       0.891981       0.733049
            609         52.897         68.787       0.565292       0.733049
            610         19.509         93.847       0.827894       0.733049
            611         23.962         44.822       0.651637       0.733049
            612         21.802         95.054       0.813430       0.733049
            613         65.723         93.673       0.587675       0.733049
            614         53.783         56.570       0.512628       0.733049
            615         36.647         41.023       0.528168       0.733049
            616         39.632         82.205       0.674713       0.733049
            617         14.821         75.267       0.835487       0.733049
            618        -14.656         51.756       1.395055       0.494374
            619         41.700         74.437       0.640940       0.733049
            620         30.684         91.523       0.748919       0.733049
            621         37.864         58.876       0.608603       0.733049
            622         10.423         59.949       0.851883       0.733049
            623         28.477         29.499       0.508818       0.733049
            624         17.883        101.478       0.850175       0.733049
            625          9.746        111.756       0.919784       0.733049
            626         57.316        112.658       0.662796       0.733049
            627         15.782        104.892       0.869220       0.733049
            628         41.754        130.577       0.757712       0.733049
            629          9.219         36.027       0.796243       0.733049
            630         15.748         47.569       0.751280       0.733049
            631         46.276         53.390       0.535692       0.733049
            632         21.694        103.846       0.827196       0.733049
            633         34.441         11.866       0.256251       0.733049
            634         70.411        112.431       0.614910       0.733049
            635         25.409         70.332       0.734610       0.733049
            636         34.378         66.746       0.660039       0.733049
            637         15.264         76.615       0.833866       0.733049
            638         32.306         65.022       0.668073       0.733049
            639         17.204         87.509       0.835706       0.733049
            640         42.756         38.200       0.471863       0.733049
            641         48.524         34.700       0.416946       0.733049
            642         23.011         59.206       0.720117       0.733049
            643         27.257         76.273       0.736723       0.733049
            644         47.707         83.548       0.636534       0.733049
            645         31.250         54.420       0.635230       0.733049
            646         26.663         81.528       0.753554       0.733049
            647         14.481         64.110       0.815743       0.733049
            648         -1.901         20.799       1.100615       0.733049
            649         18.280         47.739       0.723115       0.733049
            650         45.658         41.218       0.474445       0.733049
            651          0.736         33.950       0.978787       0.733049
            652         17.357         69.576       0.800342       0.733049
            653         18.424         75.060       0.802916       0.733049
            654         41.951         62.798       0.599512       0.733049
            655         29.851         46.169       0.607324       0.733049
            656         35.046         59.155       0.627967       0.733049
            657         48.998         98.003       0.666681       0.733049
            658         16.476        111.957       0.871713       0.733049
            659         34.480         38.243       0.525872       0.733049
            660         26.473         77.218       0.744696       0.733049
            661         36.749        115.423       0.758506       0.733049
            662         30.044         84.623       0.737991       0.733049
            663         53.009         93.636       0.638522       0.733049
            664         31.911        118.789       0.788248       0.733049
            665         23.490         61.497       0.723601       0.733049
            666         49.386         62.223       0.557507       0.733049
            667         -1.432        133.507       1.010841       0.733049
            668          1.300        101.562       0.987365       0.733049
            669         23.996         64.276       0.728161       0.733049
            670         28.482         99.396       0.777274       0.733049
            671          2.549        101.109       0.975407       0.733049
            672         31.405        116.545       0.787731       0.733049
            673         31.469        126.064       0.800237       0.733049
            674         37.408         82.146       0.687105       0.733049
            675         15.703         64.986       0.805388       0.733049
            676         43.935         67.658       0.606296       0.733049
            677          8.783         61.343       0.874758       0.733049
            678         17.250         87.286       0.834988       0.733049
            679         47.098        136.992       0.744157       0.733049
            680         38.518         95.053       0.711628       0.733049
            681         37.550         97.156       0.721244       0.733049
            682         40.187         80.467       0.666923       0.733049
            683         22.517        112.923       0.833751       0.733049
            684         32.511         42.769       0.568133       0.733049
            685         18.463         75.242       0.802968       0.733049
            686         57.406         37.237       0.393448       0.733049
            687         17.520         81.818       0.823629       0.733049
            688         29.494         80.120       0.730924       0.733049
            689         16.631         68.516       0.804677       0.733049
            690         24.959         48.174       0.658717       0.733049
            691         24.983         75.119       0.750427       0.733049
            692         23.068        110.526       0.827326       0.733049
            693         53.139         40.169       0.430497       0.733049
            694         34.974         86.998       0.713265       0.733049
            695         43.232         19.307       0.308713       0.733049
            696         39.086         48.483       0.553652       0.733049
            697         11.421         85.849       0.882588       0.733049
            698         39.759         89.033       0.691290       0.733049
            699         37.692         46.026       0.549778       0.733049
            700         31.555        117.704       0.788589       0.733049
            701         15.480         59.371       0.793191       0.733049
            702         44.132         31.726       0.418227       0.733049
            703         27.510         38.783       0.585022       0.733049
            704         44.536         92.759       0.675618       0.733049
            705         32.565         66.513       0.671319       0.733049
            706         24.726         98.236       0.798915       0.733049
            707         25.377         56.344       0.689469       0.733049
            708         35.913         96.930       0.729660       0.733049
            709         22.845        110.259       0.828365       0.733049
            710         64.299         40.019       0.383629       0.733049
            711         24.750         35.340       0.588112       0.733049
            712         19.415         66.321       0.773545       0.733049
            713         -3.049         48.324       1.067334       0.733049
            714         35.123        126.864       0.783174       0.733049
            715         22.019         39.533       0.642265       0.733049
            716         20.010         71.305       0.780870       0.733049
            717         65.693         85.669       0.565985       0.733049
            718         21.814         75.881       0.776709       0.733049
            719         31.818         80.583       0.716923       0.733049
            720         45.095          2.650       0.055509       0.494374
            721         13.813         64.388       0.823365       0.733049
            722         36.766         91.249       0.712799       0.733049
            723         23.511         98.326       0.807029       0.733049
            724         30.728         67.056       0.685756       0.733049
            725         32.511         46.434       0.588182       0.733049
            726         -4.353        103.439       1.043931       0.733049
            727         38.298         67.681       0.638629       0.733049
            728          9.801         53.271       0.844606       0.733049
            729         24.191         41.410       0.631237       0.733049
            730         34.890        111.103       0.761014       0.733049
            731         14.216          1.063       0.069576       0.494374
            732         23.559         61.651       0.723518       0.733049
            733          6.465         73.788       0.919448       0.733049
            734          7.514         72.286       0.905841       0.733049
            735         43.185         49.896       0.536051       0.733049
            736         36.058         47.928       0.570666       0.733049
            737         17.228         71.214       0.805203       0.733049
            738         22.867         62.666       0.732651       0.733049
            739          3.059         49.389       0.941668       0.733049
            740         30.965         92.703       0.749611       0.733049
            741         35.067         91.311       0.722521       0.733049
            742         50.971         56.145       0.524153       0.733049
            743          0.117         39.760       0.997060       0.733049
            744         64.605         66.537       0.507369       0.733049
            745         -1.448         84.067       1.017522       0.733049
            746         16.024         90.286       0.849267       0.733049
            747         27.184         64.141       0.702339       0.733049
            748         13.440         90.427       0.870601       0.733049
            749         16.832         87.884       0.839258       0.733049
            750         16.932         93.561       0.846759       0.733049
            751         38.441         69.841       0.644991       0.733049
            752         43.111         93.410       0.684216       0.733049
            753         29.607         57.183       0.658867       0.733049
            754         13.550         38.547       0.739911       0.733049
            755         51.518         98.395       0.656346       0.733049
            756         24.090         63.004       0.723398       0.733049
            757         50.677         46.738       0.479784       0.733049
            758         40.442        105.194       0.722310       0.733049
            759         20.219        118.968       0.854732       0.733049
            760         52.511         74.067       0.585151       0.733049
            761         36.299         85.446       0.701846       0.733049
            762         24.762        110.589       0.817053       0.733049
            763         21.333         63.465       0.748423       0.733049
            764         27.411         64.484       0.701713       0.733049
            765          7.315         39.774       0.844657       0.733049
            766         24.532         50.985       0.675150       0.733049
            767         32.614         44.759       0.578486       0.733049
            768         54.625         40.987       0.428676       0.733049
            769         35.420        117.185       0.767898       0.733049
            770         11.948         52.949       0.815892       0.733049
            771         11.790         20.008       0.629208       0.733049
            772         25.425        122.672       0.828320       0.733049
            773         41.011        120.147       0.745522       0.733049
            774         49.355         33.080       0.401286       0.733049
            775         -1.579         80.444       1.020016       0.733049
            776         46.727        107.048       0.696136       0.733049
            777        -10.215         20.965       1.950258       0.494374
            778          5.671         89.543       0.940440       0.733049
            779         22.669         41.148       0.644776       0.733049
            780         68.186         50.134       0.423718       0.733049
            781         55.383         44.928       0.447888       0.733049
            782         27.139         59.505       0.686779       0.733049
            783         17.208         80.686       0.824214       0.733049
            784         29.237         60.088       0.672691       0.733049
            785          8.049         75.153       0.903257       0.733049
            786         16.507         63.787       0.794416       0.733049
            787         47.867         63.126       0.568740       0.733049
            788         29.278         90.374       0.755305       0.733049
            789         27.367         61.205       0.691023       0.733049
            790         11.673         88.651       0.883646       0.733049
            791         30.737        119.146       0.794926       0.733049
            792         26.747         64.292       0.706199       0.733049
            793         38.680         87.012       0.692263       0.733049
            794         40.492         30.867       0.432560       0.733049
            795         -6.571         42.029       1.185315       0.733049
            796          9.059         95.855       0.913655       0.733049
            797         27.286        146.677       0.843149       0.733049
            798         24.664         81.099       0.766802       0.733049
            799         17.932         62.483       0.777009       0.733049
            800         16.902         63.675       0.790237       0.733049
            801         25.033         99.811       0.799489       0.733049
            802         11.022         42.554       0.794271       0.733049
            803         28.844         97.604       0.771891       0.733049
            804         35.996        117.768       0.765903       0.733049
            805         43.983         91.088       0.674374       0.733049
            806         33.634         51.699       0.605845       0.733049
            807          8.591         95.409       0.917396       0.733049
            808          9.986         85.528       0.895454       0.733049
            809         20.241         55.323       0.732130       0.733049
            810         16.916        135.861       0.889275       0.733049
            811         12.176         85.389       0.875204       0.733049
            812         41.351        103.044       0.713625       0.733049
            813         39.835         85.641       0.682528       0.733049
            814         24.744        105.197       0.809576       0.733049
            815         23.647         72.199       0.753282       0.733049
            816         32.454         39.638       0.549821       0.733049
            817         19.942        107.325       0.843305       0.733049
            818         -6.845        107.994       1.067676       0.733049
            819         31.555         26.337       0.454936       0.733049
            820         32.883         59.878       0.645507       0.733049
            821          8.158         71.052       0.897002       0.733049
            822         13.328         77.441       0.853171       0.733049
            823         10.083        108.013       0.914622       0.733049
            824         26.897         94.190       0.777872       0.733049
            825         35.577        107.075       0.750600       0.733049
            826         16.146        115.154       0.877032       0.733049
            827         31.264         80.054       0.719148       0.733049
            828          5.991         92.689       0.939288       0.733049
            829         26.830        109.050       0.802549       0.733049
            830          5.545         84.908       0.938700       0.733049
            831         21.046         63.482       0.751020       0.733049
            832         18.101         56.928       0.758752       0.733049
            833         33.572        114.704       0.773582       0.733049
            834         23.316         84.722       0.784184       0.733049
            835          4.880        122.979       0.961830       0.733049
            836         26.460         11.331       0.299828       0.733049
            837          9.686         87.674       0.900516       0.733049
            838         22.345         68.439       0.753870       0.733049
            839         21.130        115.646       0.845514       0.733049
            840         12.243         83.626       0.872297       0.733049
            841         19.725         67.361       0.773502       0.733049
            842         19.408         67.145       0.775768       0.733049
            843         28.799         56.912       0.664001       0.733049
            844         10.795        110.554       0.911043       0.733049
            845         22.189         77.512       0.777449       0.733049
            846         28.594         95.561       0.769691       0.733049
            847         47.660         87.956       0.648567       0.733049
            848         11.891         84.993       0.877269       0.733049
            849         17.871         83.736       0.824113       0.733049
            850         30.651         78.999       0.720469       0.733049
            851         14.404         71.781       0.832869       0.733049
            852         11.638         65.309       0.848752       0.733049
            853         29.588         52.726       0.640544       0.733049
            854         14.641         82.893       0.849886       0.733049
            855         13.751         94.239       0.872662       0.733049
            856         30.434         72.915       0.705522       0.733049
            857         24.143         81.433       0.771318       0.733049
            858         21.006         77.218       0.786146       0.733049
            859         48.925        138.664       0.739191       0.733049
            860          0.820         85.117       0.990458       0.733049
            861         25.171        106.857       0.809349       0.733049
            862         24.372         29.681       0.549110       0.733049
            863         11.767         29.387       0.714081       0.733049
            864         -8.924         72.414       1.140560       0.733049
            865         15.271         80.957       0.841302       0.733049
            866         16.389         85.095       0.838509       0.733049
            867         47.356         52.114       0.523918       0.733049
            868         42.496         66.307       0.609425       0.733049
            869         11.359         24.386       0.682212       0.733049
            870         34.966         62.805       0.642369       0.733049
            871         21.172         75.925       0.781952       0.733049
            872         23.324         64.688       0.734994       0.733049
            873          1.987         84.987       0.977152       0.733049
            874         34.136         78.630       0.697284       0.733049
            875         17.613        111.954       0.864064       0.733049
            876         28.238         70.064       0.712744       0.733049
            877         14.036         86.714       0.860681       0.733049
            878         32.070         89.629       0.736482       0.733049
            879         -7.517         88.465       1.092858       0.733049
            880         24.899         51.080       0.672293       0.733049
            881          4.460         70.283       0.940324       0.733049
            882         -0.065         48.835       1.001331       0.733049
            883         19.514        135.738       0.874306       0.733049
            884         23.204          1.970       0.078261       0.494374
            885         26.891        113.246       0.808111       0.733049
            886         17.522         66.250       0.790842       0.733049
            887         35.497         94.280       0.726475       0.733049
            888         18.769         42.390       0.693108       0.733049
            889         14.787        112.253       0.883601       0.733049
            890         11.991         60.479       0.834535       0.733049
            891         25.190         60.264       0.705219       0.733049
            892         -4.697        101.363       1.048588       0.733049
            893         25.692         44.073       0.631735       0.733049
            894         61.902         59.864       0.491631       0.733049
            895         27.942         65.947       0.702398       0.733049
            896         25.331         52.094       0.672829       0.733049
            897         13.365         99.998       0.882101       0.733049
            898         28.937        106.135       0.785768       0.733049
            899         36.054         78.149       0.684301       0.733049
            900         49.039         87.609       0.641130       0.733049
            901         11.059        123.026       0.917522       0.733049
            902         39.069         73.406       0.652647       0.733049
            903         26.583        119.283       0.817755       0.733049
            904         41.887        114.188       0.731622       0.733049
            905         15.505         84.848       0.845495       0.733049
            906         18.726         84.048       0.817798       0.733049
            907         -5.465         89.247       1.065226       0.733049
            908         16.812         60.608       0.782844       0.733049
            909         10.721         91.401       0.895013       0.733049
            910         10.180         53.269       0.839557       0.733049
            911         34.889         95.760       0.732959       0.733049
            912         15.201         89.366       0.854632       0.733049
            913          0.506         57.675       0.991297       0.733049
            914         52.225         81.280       0.608819       0.733049
            915         38.292         93.600       0.709673       0.733049
            916         -1.161        112.194       1.010459       0.733049
            917         14.252         68.365       0.827489       0.733049
            918         12.391         60.284       0.829501       0.733049
            919         24.702         95.869       0.795122       0.733049
            920         31.965         98.272       0.754561       0.733049
            921         20.336        116.081       0.850926       0.733049
            922          6.953        103.403       0.936994       0.733049
            923          9.209         56.912       0.860725       0.733049
            924          7.323        105.069       0.934842       0.733049
            925          5.815         68.748       0.922009       0.733049
            926          6.476         72.380       0.917871       0.733049
            927         35.208         72.814       0.674067       0.733049
            928         27.675         59.631       0.683011       0.733049
            929         36.266         42.987       0.542402       0.733049
            930         34.119         77.336       0.693879       0.733049
            931         28.332        109.005       0.793706       0.733049
            932          7.908        114.924       0.935617       0.733049
            933         21.597        112.229       0.838622       0.733049
            934          9.097        114.566       0.926440       0.733049
            935         51.240         56.885       0.526102       0.733049
            936         45.135         92.334       0.671672       0.733049
            937         29.070         86.303       0.748032       0.733049
            938         16.174        132.133       0.890942       0.733049
            939          8.389        102.616       0.924425       0.733049
            940         16.056         78.013       0.829318       0.733049
            941         -7.233         54.127       1.154254       0.733049
            942          8.520         86.901       0.910711       0.733049
            943         52.401         67.662       0.563552       0.733049
            944         14.224        109.309       0.884854       0.733049
            945         38.875         47.699       0.550962       0.733049
            946         21.281        104.571       0.830905       0.733049
            947         46.307         88.897       0.657502       0.733049
            948         27.775         85.187       0.754124       0.733049
            949         32.292         80.800       0.714461       0.733049
            950         30.757         50.474       0.621362       0.733049
            951         -1.959         88.457       1.022643       0.733049
            952         30.997        118.405       0.792527       0.733049
            953         47.505         99.830       0.677572       0.733049
            954         46.427        101.222       0.685558       0.733049
            955         10.375         44.852       0.812136       0.733049
            956          4.738         98.764       0.954227       0.733049
            957         18.738        125.622       0.870200       0.733049
            958         22.477         62.979       0.736974       0.733049
            959         44.505         88.600       0.665641       0.733049
            960         25.278         80.638       0.761337       0.733049
            961         27.017         80.194       0.748005       0.733049
            962         41.725        130.300       0.757449       0.733049
            963         24.032         80.824       0.770811       0.733049
            964         21.736         81.526       0.789503       0.733049
            965         29.003        141.999       0.830392       0.733049
            966         13.372        106.028       0.888010       0.733049
            967         20.722        112.393       0.844328       0.733049
            968         13.363         77.541       0.853002       0.733049
            969         22.622         36.504       0.617398       0.733049
            970         18.732         91.371       0.829868       0.733049
            971          4.515        121.706       0.964229       0.733049
            972         24.072        106.115       0.815097       0.733049
            973          1.744         65.065       0.973898       0.733049
            974         -5.536         69.716       1.086253       0.733049
            975         41.757        116.368       0.735924       0.733049
            976         30.296         54.259       0.641700       0.733049
            977         24.067         60.950       0.716918       0.733049
            978          8.071         69.567       0.896041       0.733049
            979         -1.616         82.424       1.020004       0.733049
            980         35.413         48.280       0.576870       0.733049
            981         32.446         85.544       0.725010       0.733049
            982         13.085         87.524       0.869944       0.733049
            983         26.835        117.030       0.813473       0.733049
            984         60.859         41.346       0.404544       0.733049
            985         23.836         74.294       0.757100       0.733049
            986         48.346         54.152       0.528319       0.733049
            987         35.492        113.712       0.762127       0.733049
            988         52.234         67.390       0.563348       0.733049
            989         11.057         88.348       0.888770       0.733049
            990         34.177         99.595       0.744512       0.733049
            991         32.709         43.983       0.573500       0.733049
            992         -2.725         53.643       1.053509       0.733049
            993         13.832         36.353       0.724378       0.733049
            994         13.013         57.338       0.815029       0.733049
            995         58.367         97.021       0.624379       0.733049
            996         36.619         22.612       0.381752       0.733049
            997         29.534         66.018       0.690912       0.733049
            998         18.954         66.862       0.779132       0.733049
            999         32.278         71.068       0.687673       0.733049
           1000         38.307         70.838       0.649030       0.733049
