              1         24.701         62.137       0.715547       0.722078
              2         20.361         91.564       0.818081       0.722078
              3         16.300         72.599       0.816647       0.722078
              4          3.513         68.753       0.951387       0.722078
              5         20.739         96.026       0.822388       0.722078
              6         37.868         68.427       0.643745       0.722078
              7         13.687         48.487       0.779861       0.722078
              8         10.707         57.868       0.843866       0.722078
              9          7.836         46.417       0.855559       0.722078
             10         45.544         45.153       0.497844       0.722078
             11         21.296         51.994       0.709424       0.722078
             12         49.955         42.955       0.462333       0.722078
             13          3.579        139.438       0.974975       0.722078
             14         32.944        112.340       0.773247       0.722078
             15         28.505         77.839       0.731958       0.722078
             16         43.101         98.505       0.695630       0.722078
             17         48.322        101.290       0.677017       0.722078
             18         66.069         67.346       0.504787       0.722078
             19         12.521         61.202       0.830163       0.722078
             20         26.359         36.155       0.578346       0.722078
             21         50.015         98.234       0.662627       0.722078
             22         33.866         80.005       0.702591       0.722078
             23         29.506         70.170       0.703981       0.722078
             24         55.557         58.502       0.512908       0.722078
             25         19.784        112.354       0.850278       0.722078
             26         44.670         67.276       0.600965       0.722078
             27         16.265         44.309       0.731489       0.722078
             28         51.780         58.474       0.530357       0.722078
             29         40.466         95.879       0.703208       0.722078
             30         33.413         76.062       0.694791       0.722078
             31         57.747         40.747       0.413698       0.722078
             32         33.068         42.254       0.560976       0.722078
             33          0.225        103.418       0.997830       0.722078
             34          9.918         92.510       0.903167       0.722078
             35         49.081         66.583       0.575660       0.722078
             36         20.798         48.680       0.700653       0.722078
             37         43.406         96.997       0.690849       0.722078
             38          5.662        112.271       0.951990       0.722078
             39         40.945         65.303       0.614625       0.722078
             40         15.308         93.885       0.859806       0.722078
             41         24.389         99.808       0.803629       0.722078
             42          5.575         86.236       0.939282       0.722078
             43         17.335         82.561       0.826470       0.722078
             44         32.404         76.655       0.702876       0.722078
             45         43.917        110.118       0.714888       0.722078
             46         36.622         29.105       0.442819       0.722078
             47         32.739         91.524       0.736537       0.722078
             48         10.212        117.020       0.919738       0.722078
             49         11.908         93.966       0.887529       0.722078
             50         30.024        100.994       0.770840       0.722078
             51          6.578        104.090       0.940558       0.722078
             52         30.034         66.996       0.690469       0.722078
             53         27.062         80.649       0.748758       0.722078
             54          3.852         61.634       0.941173       0.722078
             55         12.014         94.580       0.887289       0.722078
             56         33.059         89.888       0.731112       0.722078
             57         46.801         74.929       0.615536       0.722078
             58         16.604         63.751       0.793367       0.722078
             59         42.557        109.205       0.719579       0.722078
             60         17.991         88.317       0.830768       0.722078
             61         41.286         58.108       0.584624       0.722078
             62         13.294         84.176       0.863609       0.722078
             63         39.256         94.756       0.707070       0.722078
             64          0.767         47.164       0.984003       0.722078
             65         30.545        102.801       0.770931       0.722078
             66         19.206         76.449       0.799213       0.722078
             67         16.838        132.895       0.887545       0.722078
             68         33.055         45.062       0.576850       0.722078
             69         30.487         44.101       0.591262       0.722078
             70         29.046         60.005       0.673824       0.722078
             71         14.577        101.972       0.874924       0.722078
             72         54.171        111.785       0.673580       0.722078
             73         19.203         59.750       0.756777       0.722078
             74          3.963         49.767       0.926242       0.722078
             75         32.237         35.587       0.524695       0.722078
             76         21.873         90.869       0.805991       0.722078
             77          7.658        110.777       0.935340       0.722078
             78         35.595         15.625       0.305054       0.668752
             79         23.213         86.524       0.788466       0.722078
             80         32.557        140.746       0.812139       0.722078
             81         38.406        113.170       0.746624       0.722078
             82         29.496         80.413       0.731634       0.722078
             83         17.029         76.723       0.818358       0.722078
             84          6.286         60.136       0.905356       0.722078
             85         32.733         90.503       0.734389       0.722078
             86         14.855         99.710       0.870332       0.722078
             87         24.971         66.278       0.726340       0.722078
             88         33.100         27.603       0.454720       0.722078
             89         38.589         84.819       0.687309       0.722078
             90         17.859         97.548       0.845254       0.722078
             91         37.947        111.584       0.746229       0.722078
             92         40.120         42.809       0.516214       0.722078
             93         51.399         85.505       0.624563       0.722078
             94         31.891         25.505       0.444364       0.722078
             95        -11.010         67.544       1.194743       0.668752
             96         31.310         63.078       0.668287       0.722078
             97         48.272         15.155       0.238941       0.668752
             98         37.543         46.724       0.554476       0.722078
             99         -1.164         57.072       1.020826       0.722078
            100         28.198        114.489       0.802381       0.722078
            101          5.929         49.677       0.893372       0.722078
            102         25.373         16.527       0.394439       0.722078
            103         43.541         72.263       0.624015       0.722078
            104         63.082         34.663       0.354629       0.668752
            105         24.143         24.499       0.503664       0.722078
            106         56.135         63.857       0.532174       0.722078
            107         39.035         80.981       0.674751       0.722078
            108         17.845         65.518       0.785938       0.722078
            109         37.877        114.300       0.751099       0.722078
            110         19.848         93.289       0.824569       0.722078
            111         26.809         89.405       0.769313       0.722078
            112         52.373         30.283       0.366373       0.668752
            113         21.938         54.216       0.711923       0.722078
            114         -4.810         65.172       1.079682       0.722078
            115         32.736         56.552       0.633366       0.722078
            116         23.260         95.417       0.804005       0.722078
            117         13.382         45.676       0.773409       0.722078
            118         44.895        101.753       0.693856       0.722078
            119         -7.520         89.150       1.092119       0.668752
            120         24.747         88.181       0.780860       0.722078
            121         -8.271        113.494       1.078607       0.722078
            122         48.880         83.867       0.631781       0.722078
            123         43.913         64.136       0.593587       0.722078
            124         17.195         70.379       0.803650       0.722078
            125         46.231         48.089       0.509848       0.722078
            126         28.289         69.490       0.710688       0.722078
            127         46.660         32.978       0.414103       0.722078
            128         44.585         83.840       0.652830       0.722078
            129         30.677         74.351       0.707916       0.722078
            130         27.065         82.189       0.752272       0.722078
            131         30.370         85.561       0.738032       0.722078
            132         56.730         89.709       0.612602       0.722078
            133         52.104         10.223       0.164027       0.668752
            134         24.019         48.025       0.666601       0.722078
            135         44.933         79.696       0.639465       0.722078
            136         32.072         92.571       0.742688       0.722078
            137         47.026        108.463       0.697559       0.722078
            138         30.575         80.739       0.725329       0.722078
            139         16.518         14.575       0.468759       0.722078
            140          4.216         77.878       0.948642       0.722078
            141         34.304         32.185       0.484067       0.722078
            142         51.809         64.752       0.555521       0.722078
            143         19.336         89.347       0.822086       0.722078
            144         17.407         65.530       0.790121       0.722078
            145         22.330        102.383       0.820947       0.722078
            146         34.945         61.359       0.637142       0.722078
            147         26.466         57.076       0.683204       0.722078
            148         16.936         65.520       0.794606       0.722078
            149         26.396         77.843       0.746770       0.722078
            150         18.067         44.471       0.711105       0.722078
            151         54.579         38.077       0.410948       0.722078
            152         17.808         93.231       0.839625       0.722078
            153          3.701         64.285       0.945564       0.722078
            154         33.104         81.670       0.711573       0.722078
            155         29.356         79.893       0.731293       0.722078
            156         16.077         82.841       0.837468       0.722078
            157         21.598         67.944       0.758798       0.722078
            158         45.845         54.325       0.542330       0.722078
            159         40.091         41.717       0.509937       0.722078
            160         34.106         86.568       0.717373       0.722078
            161         35.831         65.574       0.646658       0.722078
            162         41.570         67.891       0.620233       0.722078
            163         24.789         56.066       0.693414       0.722078
            164         48.587         87.058       0.641809       0.722078
            165         24.259         72.319       0.748815       0.722078
            166         46.574         62.536       0.573150       0.722078
            167         37.797         39.570       0.511458       0.722078
            168         -0.291         95.247       1.003062       0.722078
            169         44.860         48.240       0.518156       0.722078
            170         19.704         59.974       0.752708       0.722078
            171         44.002          4.163       0.086430       0.668752
            172         30.891         90.707       0.745959       0.722078
            173         43.824        113.959       0.722253       0.722078
            174          4.962        105.070       0.954906       0.722078
            175         40.400         69.402       0.632067       0.722078
            176          8.179         66.864       0.891008       0.722078
            177         -1.550         59.007       1.026980       0.722078
            178         27.962         33.443       0.544629       0.722078
            179         18.726        106.968       0.851021       0.722078
            180         32.434         62.425       0.658082       0.722078
            181         21.609         76.723       0.780243       0.722078
            182         29.233         64.606       0.688479       0.722078
            183         35.024         95.525       0.731718       0.722078
            184         17.742         92.678       0.839319       0.722078
            185         -4.743         98.273       1.050713       0.722078
            186         44.719         74.597       0.625207       0.722078
            187         23.110         77.210       0.769638       0.722078
            188         36.978         93.747       0.717130       0.722078
            189         38.207         87.814       0.696820       0.722078
            190         35.029         73.361       0.676824       0.722078
            191         38.605         58.259       0.601452       0.722078
            192         29.692         88.696       0.749195       0.722078
            193         39.506         77.604       0.662658       0.722078
            194         17.104         52.501       0.754268       0.722078
            195         68.780        101.455       0.595971       0.722078
            196         33.530         69.008       0.672996       0.722078
            197         23.248         51.514       0.689046       0.722078
            198         40.254         38.536       0.489093       0.722078
            199         14.498         85.871       0.855554       0.722078
            200         31.656         39.403       0.554507       0.722078
            201          2.860         92.299       0.969945       0.722078
            202         22.240         66.721       0.750005       0.722078
            203         30.743         90.460       0.746355       0.722078
            204         45.048         87.084       0.659069       0.722078
            205         14.166         64.025       0.818823       0.722078
            206         14.011         64.320       0.821129       0.722078
            207         33.112         28.459       0.462215       0.722078
            208         26.986         33.978       0.557349       0.722078
            209         25.631        124.707       0.829511       0.722078
            210         46.054         72.696       0.612176       0.722078
            211         18.667         39.966       0.681634       0.722078
            212         32.499         86.659       0.727261       0.722078
            213         19.988         83.116       0.806136       0.722078
            214         10.777         22.517       0.676312       0.722078
            215         28.850         27.425       0.487337       0.722078
            216         33.585         89.327       0.726756       0.722078
            217         35.624         70.645       0.664776       0.722078
            218          6.291         47.348       0.882714       0.722078
            219         19.869         37.268       0.652255       0.722078
            220         22.548         97.675       0.812452       0.722078
            221         37.591         85.728       0.695174       0.722078
            222         29.610         99.236       0.770191       0.722078
            223         14.087         83.888       0.856223       0.722078
            224         63.192         62.221       0.496130       0.722078
            225         21.160         39.658       0.652079       0.722078
            226         24.656         38.757       0.611187       0.722078
            227         16.804         36.668       0.685743       0.722078
            228         44.619         60.969       0.577422       0.722078
            229         31.236         38.124       0.549657       0.722078
            230         40.375         24.387       0.376563       0.668752
            231         20.752         69.513       0.770100       0.722078
            232          9.729         37.520       0.794097       0.722078
            233         24.139         24.504       0.503756       0.722078
            234         33.584         48.193       0.589324       0.722078
            235          1.572         45.824       0.966840       0.722078
            236         26.151        124.783       0.826740       0.722078
            237         33.642         87.362       0.721978       0.722078
            238         52.969         61.137       0.535790       0.722078
            239         33.281         60.480       0.645041       0.722078
            240         37.632         86.432       0.696670       0.722078
            241         52.388         44.052       0.456779       0.722078
            242         19.002         30.741       0.618000       0.722078
            243         45.808         89.420       0.661256       0.722078
            244         20.000         69.582       0.776743       0.722078
            245         18.861         69.710       0.787053       0.722078
            246         34.755         27.566       0.442323       0.722078
            247         30.029         56.273       0.652045       0.722078
            248          0.570         94.252       0.993986       0.722078
            249          9.536         55.942       0.854359       0.722078
            250         34.534         74.633       0.683659       0.722078
            251         37.950         42.087       0.525841       0.722078
            252         30.009         51.199       0.630466       0.722078
            253          0.628        108.449       0.994247       0.722078
            254          9.701         73.222       0.883012       0.722078
            255         25.698        103.146       0.800550       0.722078
            256         14.736         66.825       0.819327       0.722078
            257          6.081         58.057       0.905191       0.722078
            258         30.241         82.302       0.731295       0.722078
            259         34.485         29.016       0.456938       0.722078
            260         61.082         70.319       0.535152       0.722078
            261         60.811         87.095       0.588853       0.722078
            262         14.905         83.235       0.848122       0.722078
            263         46.402         90.936       0.662135       0.722078
            264        -22.469         81.972       1.377619       0.668752
            265         35.375         70.429       0.665656       0.722078
            266         -9.506         51.687       1.225375       0.668752
            267         44.787         92.217       0.673096       0.722078
            268          6.891         77.410       0.918253       0.722078
            269         23.999         29.898       0.554729       0.722078
            270         28.671         55.773       0.660473       0.722078
            271         47.057         35.831       0.432284       0.722078
            272         41.968         93.196       0.689504       0.722078
            273         48.115         11.791       0.196832       0.668752
            274         32.249         69.085       0.681755       0.722078
            275         28.770        100.447       0.777351       0.722078
            276         25.449        105.328       0.805404       0.722078
            277         37.201         89.029       0.705288       0.722078
            278         30.378         73.597       0.707830       0.722078
            279         47.009         98.481       0.676891       0.722078
            280          7.336        119.987       0.942383       0.722078
            281         15.360         37.849       0.711328       0.722078
            282         44.602         72.677       0.619695       0.722078
            283         31.016         84.754       0.732089       0.722078
            284         28.772         87.552       0.752655       0.722078
            285          1.523         67.794       0.978027       0.722078
            286          8.314        102.118       0.924714       0.722078
            287         10.905        114.490       0.913033       0.722078
            288         29.091        127.771       0.814546       0.722078
            289         25.922         59.469       0.696436       0.722078
            290         -8.720         72.897       1.135873       0.668752
            291         15.385         66.917       0.813068       0.722078
            292         22.021         95.230       0.812190       0.722078
            293         14.010         73.211       0.839376       0.722078
            294         -7.346        110.298       1.071358       0.722078
            295         22.251         66.064       0.748050       0.722078
            296         40.228         84.648       0.677854       0.722078
            297         29.738        123.751       0.806252       0.722078
            298         23.683         75.009       0.760029       0.722078
            299         35.950         80.041       0.690063       0.722078
            300         24.782         47.705       0.658122       0.722078
            301         13.084         81.796       0.862103       0.722078
            302         33.299        120.792       0.783899       0.722078
            303         28.900         66.976       0.698570       0.722078
            304         42.720         46.485       0.521104       0.722078
            305         19.734         68.293       0.775814       0.722078
            306         21.255         45.199       0.680154       0.722078
            307         31.586         21.624       0.406387       0.722078
            308         24.606         83.867       0.773164       0.722078
            309         -3.089        124.811       1.025377       0.722078
            310         28.031         76.220       0.731117       0.722078
            311         43.378         85.770       0.664122       0.722078
            312         52.978         93.462       0.638228       0.722078
            313         14.203         38.546       0.730741       0.722078
            314         35.165         96.612       0.733145       0.722078
            315         22.651         40.332       0.640365       0.722078
            316         33.062         37.780       0.533299       0.722078
            317         17.721         81.919       0.822151       0.722078
            318         23.433         88.950       0.791487       0.722078
            319         32.053         93.604       0.744916       0.722078
            320         55.546         94.244       0.629176       0.722078
            321         17.122         95.601       0.848105       0.722078
            322         51.479         78.860       0.605038       0.722078
            323         35.983         89.055       0.712223       0.722078
            324         27.784         77.856       0.736997       0.722078
            325         67.241         78.422       0.538381       0.722078
            326         29.178         55.270       0.654485       0.722078
            327         23.372         85.926       0.786160       0.722078
            328         32.348         45.282       0.583303       0.722078
            329         39.690         77.130       0.660245       0.722078
            330         35.970         66.476       0.648892       0.722078
            331         -2.258         64.902       1.036040       0.722078
            332         40.131         53.108       0.569587       0.722078
            333          7.717         62.764       0.890504       0.722078
            334         39.654         79.300       0.666644       0.722078
            335         34.507         75.477       0.686257       0.722078
            336         40.935        102.552       0.714712       0.722078
            337         21.818         90.215       0.805252       0.722078
            338         -1.868         93.469       1.020393       0.722078
            339         35.180         94.346       0.728395       0.722078
            340         41.326         43.733       0.514151       0.722078
            341         18.960         92.885       0.830483       0.722078
            342         17.482         56.596       0.764008       0.722078
            343         46.600         67.919       0.593080       0.722078
            344         28.764         36.273       0.557732       0.722078
            345         22.299         82.740       0.787707       0.722078
            346         24.296         72.587       0.749221       0.722078
            347         -0.700         63.947       1.011067       0.722078
            348         60.881         61.573       0.502824       0.722078
            349         38.466         74.557       0.659666       0.722078
            350         70.629        104.241       0.596105       0.722078
            351         44.111         94.453       0.681657       0.722078
            352         24.643         43.136       0.636426       0.722078
            353         14.626         79.642       0.844850       0.722078
            354          4.977         60.153       0.923577       0.722078
            355         32.774        114.922       0.778101       0.722078
            356         34.544         69.934       0.669367       0.722078
            357         19.356         32.015       0.623216       0.722078
            358         46.012         13.560       0.227622       0.668752
            359         38.702         47.830       0.552740       0.722078
            360         41.541         42.920       0.508162       0.722078
            361         24.864         88.992       0.781619       0.722078
            362          9.781         69.258       0.876249       0.722078
            363         18.414         49.781       0.729984       0.722078
            364         45.548         82.710       0.644873       0.722078
            365         52.578         91.196       0.634300       0.722078
            366         33.767         85.371       0.716573       0.722078
            367         21.073         72.056       0.773719       0.722078
            368         35.751         51.428       0.589913       0.722078
            369         37.696         58.862       0.609601       0.722078
            370         35.401        102.923       0.744070       0.722078
            371         38.473         62.094       0.617441       0.722078
            372         27.916         68.518       0.710519       0.722078
            373          8.423        120.532       0.934682       0.722078
            374         21.330        108.210       0.835339       0.722078
            375         64.884         88.618       0.577307       0.722078
            376         38.711         53.181       0.578732       0.722078
            377         32.464         24.268       0.427762       0.722078
            378         47.743          8.554       0.151945       0.668752
            379         25.460         45.790       0.642665       0.722078
            380         32.797         51.737       0.612030       0.722078
            381         48.133         95.047       0.663830       0.722078
            382         22.664         -2.408      -0.118883       0.668752
            383         28.394         56.282       0.664675       0.722078
            384         60.013         93.545       0.609184       0.722078
            385         56.843         97.175       0.630932       0.722078
            386         37.844         62.481       0.622785       0.722078
            387         22.571        129.787       0.851854       0.722078
            388         28.632         68.787       0.706092       0.722078
            389         36.970         77.145       0.676027       0.722078
            390         29.635         66.817       0.692748       0.722078
            391         42.917         66.930       0.609306       0.722078
            392         26.906         85.549       0.760739       0.722078
            393         38.347         53.288       0.581522       0.722078
            394         65.620         88.398       0.573946       0.722078
            395         15.663         51.408       0.766469       0.722078
            396         12.018         59.935       0.832976       0.722078
            397         41.428         78.005       0.653126       0.722078
            398         36.971        101.490       0.732983       0.722078
            399         36.202         78.695       0.684917       0.722078
            400         56.514         45.192       0.444341       0.722078
            401         25.418         90.433       0.780594       0.722078
            402         37.695         58.164       0.606765       0.722078
            403         42.388         15.945       0.273346       0.668752
            404         29.723         52.825       0.639932       0.722078
            405         26.860        108.212       0.801145       0.722078
            406         51.311         57.563       0.528711       0.722078
            407         27.305         83.420       0.753401       0.722078
            408         46.827         54.426       0.537527       0.722078
            409         10.564         60.055       0.850406       0.722078
            410         20.238         88.280       0.813504       0.722078
            411          6.156         91.427       0.936916       0.722078
            412         42.004         54.027       0.562602       0.722078
            413         23.105         92.342       0.799867       0.722078
            414         26.085         71.090       0.731565       0.722078
            415         28.465         76.875       0.729780       0.722078
            416         26.235         98.101       0.789002       0.722078
            417         27.831         48.043       0.633191       0.722078
            418         30.635         64.345       0.677458       0.722078
            419         50.808         62.882       0.553102       0.722078
            420         36.434         60.689       0.624866       0.722078
            421         23.853         90.074       0.790629       0.722078
            422         41.555         87.010       0.676779       0.722078
            423         22.608         66.996       0.747689       0.722078
            424         34.230         82.559       0.706907       0.722078
            425         58.462         70.792       0.547695       0.722078
            426         16.267         65.978       0.802217       0.722078
            427         24.440         46.061       0.653335       0.722078
            428          6.495         62.798       0.906262       0.722078
            429         28.225         79.509       0.738008       0.722078
            430          7.371         95.875       0.928609       0.722078
            431         19.619         61.552       0.758299       0.722078
            432         28.395         83.022       0.745147       0.722078
            433         17.869         43.555       0.709090       0.722078
            434         44.307        113.782       0.719734       0.722078
            435         39.829         76.812       0.658535       0.722078
            436         37.806         58.599       0.607842       0.722078
            437         66.810         79.818       0.544358       0.722078
            438         28.759         94.178       0.766068       0.722078
            439          7.885         65.782       0.892968       0.722078
            440         30.934         76.795       0.712852       0.722078
            441         21.104         68.667       0.764918       0.722078
            442         19.048         70.736       0.787846       0.722078
            443         70.702         62.485       0.469151       0.722078
            444         28.689         30.293       0.513591       0.722078
            445         44.531         66.336       0.598339       0.722078
            446         49.724         73.936       0.597897       0.722078
            447         30.035        116.443       0.794952       0.722078
            448         10.482         76.606       0.879643       0.722078
            449         35.975        100.009       0.735449       0.722078
            450         45.707         58.667       0.562087       0.722078
            451         33.727         80.940       0.705872       0.722078
            452         26.155         99.165       0.791295       0.722078
            453        -12.050         91.154       1.152325       0.668752
            454          5.027         87.136       0.945457       0.722078
            455         37.869        110.578       0.744897       0.722078
            456         56.401         78.706       0.582544       0.722078
            457         40.839         19.209       0.319895       0.668752
            458         68.501         44.580       0.394229       0.722078
            459         30.779         80.280       0.722860       0.722078
            460         16.034         66.228       0.805084       0.722078
            461          8.300         59.727       0.877992       0.722078
            462         54.828         96.903       0.638651       0.722078
            463         31.400         60.215       0.657264       0.722078
            464         27.892         90.971       0.765345       0.722078
            465         26.254         62.071       0.702754       0.722078
            466          8.408         62.411       0.881275       0.722078
            467         38.584         73.905       0.656998       0.722078
            468         36.678         44.809       0.549894       0.722078
            469         29.719        107.207       0.782956       0.722078
            470         25.519         91.278       0.781512       0.722078
            471          7.591         91.131       0.923104       0.722078
            472         27.362         43.629       0.614571       0.722078
            473         36.087         73.131       0.669589       0.722078
            474         14.342         94.025       0.867652       0.722078
            475         12.939         47.858       0.787170       0.722078
            476         55.707         96.591       0.634224       0.722078
            477         22.399         76.905       0.774436       0.722078
            478         41.638         95.080       0.695446       0.722078
            479         28.665         82.223       0.741495       0.722078
            480         58.792         91.373       0.608485       0.722078
            481         48.456         72.996       0.601026       0.722078
            482         18.580         59.289       0.761394       0.722078
            483         34.708         98.877       0.740180       0.722078
            484         43.134         46.836       0.520573       0.722078
            485         32.729         63.633       0.660351       0.722078
            486         39.507         93.046       0.701952       0.722078
            487         28.323         50.409       0.640262       0.722078
            488         27.698         56.277       0.670167       0.722078
            489         30.245         90.608       0.749737       0.722078
            490         -4.486         48.337       1.102305       0.668752
            491         16.070         71.419       0.816319       0.722078
            492         33.148         73.121       0.688074       0.722078
            493          6.106         85.657       0.933464       0.722078
            494         39.870         78.972       0.664511       0.722078
            495         18.625        114.264       0.859846       0.722078
            496         45.407         62.018       0.577310       0.722078
            497         -3.451        101.789       1.035094       0.722078
            498         -0.989         86.973       1.011502       0.722078
            499         40.240         84.915       0.678480       0.722078
            500         43.612         81.771       0.652173       0.722078
            501         68.416         74.959       0.522818       0.722078
            502         19.218         79.634       0.805585       0.722078
            503         40.286         59.443       0.596046       0.722078
            504         27.238         17.733       0.394312       0.722078
            505         36.619         92.315       0.715984       0.722078
            506         40.957        111.864       0.731995       0.722078
            507         63.290         74.100       0.539341       0.722078
            508         17.641         99.384       0.849258       0.722078
            509         15.825         70.317       0.816290       0.722078
            510         19.431         89.811       0.822132       0.722078
            511         62.106         71.069       0.533648       0.722078
            512         13.220         98.663       0.881839       0.722078
            513         36.265         90.908       0.714840       0.722078
            514         14.461         54.265       0.789589       0.722078
            515         33.577         47.542       0.586075       0.722078
            516         14.363         45.797       0.761248       0.722078
            517         26.357         79.627       0.751310       0.722078
            518         17.338         78.616       0.819308       0.722078
            519         38.345        103.675       0.730004       0.722078
            520         17.849        117.172       0.867805       0.722078
            521         45.188         41.890       0.481064       0.722078
            522         33.956         85.903       0.716699       0.722078
            523         43.701         48.008       0.523481       0.722078
            524         26.023         63.212       0.708380       0.722078
            525         35.377         92.580       0.723521       0.722078
            526          3.804         57.215       0.937665       0.722078
            527         53.259        106.345       0.666306       0.722078
            528         42.226         95.519       0.693449       0.722078
            529         33.759         56.036       0.624049       0.722078
            530         19.866         82.459       0.805853       0.722078
            531         31.924        106.094       0.768699       0.722078
            532         39.951         76.123       0.655816       0.722078
            533         72.260         59.333       0.450880       0.722078
            534          8.638         62.791       0.879072       0.722078
            535         14.209         58.915       0.805681       0.722078
            536         42.715         37.656       0.468532       0.722078
            537         51.457         19.851       0.278386       0.668752
            538          9.371        105.108       0.918139       0.722078
            539         11.591         75.234       0.866502       0.722078
            540         48.355         49.681       0.506765       0.722078
            541         50.582         97.631       0.658722       0.722078
            542         44.717         41.471       0.481169       0.722078
            543         35.503         87.662       0.711746       0.722078
            544         20.202         56.857       0.737839       0.722078
            545         33.119         80.485       0.708472       0.722078
            546         44.247        108.796       0.710887       0.722078
            547         20.512         48.641       0.703380       0.722078
            548         60.099         56.453       0.484363       0.722078
            549         54.194         78.275       0.590893       0.722078
            550         33.356         73.468       0.687746       0.722078
            551         18.233         92.559       0.835427       0.722078
            552         43.731         97.869       0.691167       0.722078
            553         33.252         58.574       0.637882       0.722078
            554         22.389         58.572       0.723461       0.722078
            555         13.394         57.800       0.811865       0.722078
            556         -5.056         65.532       1.083611       0.722078
            557         40.036         73.258       0.646619       0.722078
            558         26.829         59.185       0.688082       0.722078
            559         43.854         54.357       0.553471       0.722078
            560         30.456         38.386       0.557591       0.722078
            561         46.906         58.418       0.554648       0.722078
            562         49.994         66.439       0.570618       0.722078
            563         24.771         92.566       0.788889       0.722078
            564          9.435        104.338       0.917069       0.722078
            565         18.274        111.635       0.859335       0.722078
            566         43.004        100.022       0.699327       0.722078
            567          1.031         52.133       0.980616       0.722078
            568         19.073         36.314       0.655643       0.722078
            569         49.440        123.363       0.713894       0.722078
            570         13.891        102.249       0.880392       0.722078
            571         31.682         57.692       0.645508       0.722078
            572         20.254         94.211       0.823054       0.722078
            573         24.504        106.351       0.812738       0.722078
            574         82.968        102.087       0.551658       0.722078
            575         49.132         82.166       0.625799       0.722078
            576         39.552         99.692       0.715952       0.722078
            577        -30.252         69.486       1.771063       0.668752
            578         13.729        105.364       0.884719       0.722078
            579         45.565         77.648       0.630195       0.722078
            580         10.499         70.733       0.870752       0.722078
            581         35.227         61.360       0.635281       0.722078
            582         48.331         46.615       0.490968       0.722078
            583         30.522         67.725       0.689337       0.722078
            584         -0.953         10.367       1.101236       0.668752
            585         23.484         43.128       0.647457       0.722078
            586         -3.835         66.352       1.061349       0.722078
            587         46.241         89.764       0.660004       0.722078
            588          8.849         69.984       0.887750       0.722078
            589         31.615         78.270       0.712287       0.722078
            590         44.829         83.025       0.649375       0.722078
            591         45.833         61.156       0.571609       0.722078
            592         29.265         54.994       0.652678       0.722078
            593         30.529         96.138       0.758982       0.722078
            594         23.549         82.435       0.777804       0.722078
            595          7.605         27.706       0.784638       0.722078
            596         23.387        105.690       0.818811       0.722078
            597         17.569        122.930       0.874953       0.722078
            598         33.043         84.106       0.717940       0.722078
            599          4.568         47.196       0.911750       0.722078
            600         25.876        149.470       0.852428       0.722078
            601         12.790         90.072       0.875656       0.722078
            602          7.692         83.949       0.916064       0.722078
            603         26.801        130.701       0.829835       0.722078
            604         29.050        102.613       0.779363       0.722078
            605          1.801         48.913       0.964490       0.722078
            606         22.717         48.403       0.680580       0.722078
            607         31.622         55.356       0.636438       0.722078
            608         12.652         55.345       0.813938       0.722078
            609         31.321         55.319       0.638493       0.722078
            610         46.432         63.433       0.577374       0.722078
            611         33.454         51.530       0.606348       0.722078
            612         46.327         97.693       0.678330       0.722078
            613         38.848        101.417       0.723040       0.722078
            614         35.342         67.479       0.656280       0.722078
            615         43.413         60.552       0.582425       0.722078
            616         27.463         73.234       0.727268       0.722078
            617         34.411         65.732       0.656378       0.722078
            618         27.786         62.365       0.691783       0.722078
            619         58.979         97.140       0.622219       0.722078
            620         45.270         68.988       0.603792       0.722078
            621         35.945         77.939       0.684372       0.722078
            622         24.567         76.053       0.755847       0.722078
            623         34.199         59.104       0.633461       0.722078
            624          7.340         40.114       0.845327       0.722078
            625         46.139         64.007       0.581112       0.722078
            626         60.721         42.731       0.413050       0.722078
            627         56.891         48.198       0.458642       0.722078
            628         52.738         95.535       0.644317       0.722078
            629         77.973         67.278       0.463185       0.722078
            630         55.546         72.088       0.564802       0.722078
            631         41.285         51.403       0.554580       0.722078
            632         20.226         94.169       0.823194       0.722078
            633         12.521         85.177       0.871842       0.722078
            634         28.134         86.856       0.755336       0.722078
            635         37.074         39.309       0.514628       0.722078
            636         13.263         79.151       0.856486       0.722078
            637         15.692         40.338       0.719942       0.722078
            638         16.197         86.256       0.841906       0.722078
            639         15.166         96.595       0.864297       0.722078
            640         44.549         81.694       0.647114       0.722078
            641         54.647         48.746       0.471462       0.722078
            642          7.994         85.935       0.914897       0.722078
            643         33.452         96.128       0.741844       0.722078
            644         39.536         41.191       0.510253       0.722078
            645         63.499         32.538       0.338808       0.668752
            646         32.587         38.187       0.539563       0.722078
            647         19.128         60.340       0.759296       0.722078
            648         29.394         37.475       0.560421       0.722078
            649          3.578         97.134       0.964473       0.722078
            650         38.485         66.506       0.633447       0.722078
            651          9.548         97.763       0.911026       0.722078
            652          1.625        102.192       0.984349       0.722078
            653         59.464         48.790       0.450700       0.722078
            654         37.109         85.745       0.697939       0.722078
            655         23.549         81.821       0.776514       0.722078
            656         47.584         89.324       0.652439       0.722078
            657         31.299         91.630       0.745390       0.722078
            658         60.913         74.897       0.551484       0.722078
            659         28.768         74.376       0.721092       0.722078
            660         37.409         87.917       0.701507       0.722078
            661         45.352         57.418       0.558702       0.722078
            662         32.432         91.955       0.739266       0.722078
            663         13.397         71.211       0.841657       0.722078
            664         37.943         74.791       0.663427       0.722078
            665          1.212         72.059       0.983459       0.722078
            666         32.663         73.069       0.691077       0.722078
            667         10.625         82.444       0.885837       0.722078
            668         36.989         66.228       0.641641       0.722078
            669         38.624         69.796       0.643754       0.722078
            670         51.669         98.556       0.656055       0.722078
            671         16.437         59.660       0.784002       0.722078
            672         16.793         89.842       0.842522       0.722078
            673         38.122         86.238       0.693456       0.722078
            674         23.626        100.566       0.809763       0.722078
            675         42.070         61.789       0.594932       0.722078
            676         26.621         14.084       0.346002       0.668752
            677         57.447        107.159       0.651005       0.722078
            678         26.421         79.697       0.751019       0.722078
            679         30.907         64.309       0.675402       0.722078
            680         51.890         51.230       0.496800       0.722078
            681         12.415         68.160       0.845914       0.722078
            682         41.196         47.715       0.536660       0.722078
            683         36.396        119.326       0.766277       0.722078
            684         39.217         79.268       0.669014       0.722078
            685         28.586         90.509       0.759971       0.722078
            686          5.845         82.157       0.933576       0.722078
            687         47.251         88.506       0.651945       0.722078
            688         33.031         84.197       0.718234       0.722078
            689         30.349         63.622       0.677040       0.722078
            690         22.743          7.586       0.250119       0.668752
            691         17.234        116.954       0.871567       0.722078
            692         30.962        114.765       0.787536       0.722078
            693         49.120         85.066       0.633941       0.722078
            694         23.785        100.223       0.808196       0.722078
            695         44.841         72.757       0.618694       0.722078
            696         39.349         65.864       0.626007       0.722078
            697         25.439         78.304       0.754790       0.722078
            698         50.091         83.851       0.626026       0.722078
            699         24.040         73.153       0.752653       0.722078
            700         35.275         64.307       0.645767       0.722078
            701         22.469         72.542       0.763515       0.722078
            702         16.572         41.644       0.715343       0.722078
            703          0.249         85.491       0.997099       0.722078
            704         32.869         58.804       0.641455       0.722078
            705         28.039         84.318       0.750450       0.722078
            706          9.270         98.505       0.913990       0.722078
            707         29.903          7.744       0.205695       0.668752
            708         53.693         75.760       0.585233       0.722078
            709         16.344         81.849       0.833548       0.722078
            710         47.822         10.980       0.186722       0.668752
            711        -14.489         58.942       1.325926       0.668752
            712         19.827         82.432       0.806113       0.722078
            713         10.049         42.102       0.807315       0.722078
            714         36.172         57.970       0.615772       0.722078
            715         28.613         24.850       0.464808       0.722078
            716          8.612         96.047       0.917712       0.722078
            717         30.349         84.024       0.734649       0.722078
            718         23.144         55.588       0.706042       0.722078
            719         42.486         18.886       0.307733       0.668752
            720         26.101         76.686       0.746069       0.722078
            721         29.093         14.665       0.335142       0.668752
            722         35.047         44.914       0.561694       0.722078
            723         32.274         92.226       0.740768       0.722078
            724         17.489         28.518       0.619862       0.722078
            725         44.182         51.175       0.536666       0.722078
            726         56.577         69.220       0.550251       0.722078
            727          7.965         67.671       0.894688       0.722078
            728          2.574         53.503       0.954091       0.722078
            729         24.616         14.184       0.365569       0.668752
            730         30.408         43.827       0.590381       0.722078
            731         41.183         75.705       0.647671       0.722078
            732         24.444        110.747       0.819192       0.722078
            733         32.750         87.091       0.726720       0.722078
            734         36.236         41.925       0.536394       0.722078
            735         28.192         90.718       0.762912       0.722078
            736         25.819         73.326       0.739581       0.722078
            737         35.219         80.986       0.696925       0.722078
            738         25.620         67.247       0.724119       0.722078
            739         12.721         79.671       0.862311       0.722078
            740         25.948         39.652       0.604448       0.722078
            741         38.616         55.800       0.591007       0.722078
            742         31.958         65.894       0.673402       0.722078
            743         41.738         62.713       0.600409       0.722078
            744         -0.695         50.966       1.013827       0.722078
            745         74.452         47.525       0.389620       0.722078
            746          7.534         72.031       0.905307       0.722078
            747         12.427         90.637       0.879423       0.722078
            748         20.573         35.939       0.635951       0.722078
            749         34.467         92.515       0.728567       0.722078
            750         44.829         26.024       0.367293       0.668752
            751         33.096        106.647       0.763164       0.722078
            752         -1.289         66.110       1.019890       0.722078
            753         20.983         40.456       0.658469       0.722078
            754         24.616         57.356       0.699699       0.722078
            755         17.168         92.590       0.843583       0.722078
            756         32.530         31.567       0.492484       0.722078
            757         45.596         35.070       0.434761       0.722078
            758         34.283         68.593       0.666752       0.722078
            759         25.227         75.090       0.748524       0.722078
            760         21.966         60.918       0.734981       0.722078
            761         24.044         57.264       0.704285       0.722078
            762          0.087         36.988       0.997647       0.722078
            763         17.338         89.820       0.838201       0.722078
            764         21.542         74.675       0.776114       0.722078
            765         41.119         77.247       0.652613       0.722078
            766         24.061         71.095       0.747142       0.722078
            767         22.499         21.195       0.485076       0.722078
            768         44.018         64.058       0.592715       0.722078
            769         21.897         36.901       0.627589       0.722078
            770         38.052         78.889       0.674608       0.722078
            771         52.882        113.706       0.682560       0.722078
            772         29.258         76.723       0.723934       0.722078
            773         18.389         74.869       0.802821       0.722078
            774          9.115         93.468       0.911149       0.722078
            775         16.943         93.051       0.845962       0.722078
            776          1.861         83.737       0.978262       0.722078
            777         39.908         76.271       0.656498       0.722078
            778         30.174         70.352       0.699839       0.722078
            779          6.733         49.953       0.881229       0.722078
            780         38.495         70.249       0.646003       0.722078
            781         32.735         75.988       0.698916       0.722078
            782         29.477         74.313       0.715992       0.722078
            783          3.521         39.522       0.918198       0.722078
            784          5.602         56.041       0.909122       0.722078
            785         22.164         80.543       0.784206       0.722078
            786         24.625         38.979       0.612838       0.722078
            787         30.951        120.045       0.795022       0.722078
            788         34.420         38.965       0.530966       0.722078
            789         48.916         99.667       0.670784       0.722078
            790         22.334         65.011       0.744298       0.722078
            791         75.140         42.142       0.359322       0.668752
            792         39.860         66.849       0.626463       0.722078
            793         51.196         55.650       0.520842       0.722078
            794         45.185         47.065       0.510193       0.722078
            795          0.084        103.951       0.999195       0.722078
            796          1.588         81.382       0.980858       0.722078
            797         50.250         89.836       0.641294       0.722078
            798         20.711         46.046       0.689756       0.722078
            799         28.685         21.148       0.424378       0.722078
            800         32.450         75.383       0.699072       0.722078
            801         41.544         91.165       0.686954       0.722078
            802         28.763         66.272       0.697341       0.722078
            803         63.865        116.657       0.646220       0.722078
            804         38.648         50.099       0.564513       0.722078
            805         15.295         84.757       0.847130       0.722078
            806         35.562         49.891       0.583845       0.722078
            807         11.610         41.284       0.780499       0.722078
            808         22.098         69.057       0.757573       0.722078
            809         40.644         64.550       0.613630       0.722078
            810         40.056         67.713       0.628316       0.722078
            811         40.492         62.931       0.608482       0.722078
            812         35.565         16.573       0.317866       0.668752
            813         39.789        102.890       0.721129       0.722078
            814         20.378        102.667       0.834385       0.722078
            815         25.790        100.616       0.795978       0.722078
            816          9.005         40.871       0.819456       0.722078
            817         47.615         46.677       0.495027       0.722078
            818         44.683        113.465       0.717463       0.722078
            819         18.316         89.458       0.830048       0.722078
            820         20.597        108.328       0.840240       0.722078
            821         49.921         71.317       0.588241       0.722078
            822         25.774         84.740       0.766778       0.722078
            823         58.315         94.096       0.617385       0.722078
            824         37.863         45.438       0.545467       0.722078
            825         33.785         66.253       0.662282       0.722078
            826         44.818         68.490       0.604457       0.722078
            827         61.584         76.492       0.553984       0.722078
            828         19.666         66.639       0.772136       0.722078
            829         -2.924         60.439       1.050846       0.722078
            830         13.878         84.345       0.858712       0.722078
            831         53.300         71.229       0.571989       0.722078
            832         55.313         76.867       0.581532       0.722078
            833         -0.617         22.748       1.027870       0.722078
            834         26.270         73.747       0.737347       0.722078
            835         67.717         18.639       0.215843       0.668752
            836          3.033         68.736       0.957740       0.722078
            837         23.397        108.485       0.822591       0.722078
            838         12.046         52.460       0.813254       0.722078
            839         25.303         90.446       0.781397       0.722078
            840         21.481         42.646       0.665027       0.722078
            841         28.456         44.768       0.611382       0.722078
            842         17.769         96.443       0.844418       0.722078
            843         42.583         99.160       0.699577       0.722078
            844          9.461         31.369       0.768274       0.722078
            845         27.698         45.690       0.622583       0.722078
            846         53.563         62.649       0.539092       0.722078
            847          5.850         62.745       0.914712       0.722078
            848         18.187         80.266       0.815270       0.722078
            849         20.605        116.587       0.849808       0.722078
            850         22.945         72.837       0.760446       0.722078
            851         44.039        105.692       0.705879       0.722078
            852         52.099         53.550       0.506864       0.722078
            853         46.206        129.156       0.736511       0.722078
            854         18.249        103.677       0.850328       0.722078
            855         25.612         60.067       0.701075       0.722078
            856         31.406         68.183       0.684643       0.722078
            857         26.760         80.541       0.750609       0.722078
            858         35.241         71.075       0.668529       0.722078
            859         31.984         59.466       0.650255       0.722078
            860         -1.221         97.235       1.012721       0.722078
            861         47.950         73.172       0.604120       0.722078
            862         20.057         42.868       0.681254       0.722078
            863          8.652         81.493       0.904025       0.722078
            864         49.345         53.948       0.522284       0.722078
            865         66.274         92.135       0.581628       0.722078
            866         29.708         56.841       0.656752       0.722078
            867         25.218         85.582       0.772399       0.722078
            868         28.130         50.299       0.641332       0.722078
            869         45.038        108.464       0.706596       0.722078
            870         29.059        102.765       0.779562       0.722078
            871         50.701         83.129       0.621152       0.722078
            872         54.860         51.502       0.484214       0.722078
            873         27.483         75.231       0.732430       0.722078
            874         39.074         96.091       0.710914       0.722078
            875         51.888         43.503       0.456051       0.722078
            876         21.212         50.605       0.704636       0.722078
            877         29.748         36.030       0.547757       0.722078
            878         67.879         88.984       0.567273       0.722078
            879         28.496         52.620       0.648702       0.722078
            880         19.904         75.941       0.792334       0.722078
            881         74.267         19.737       0.209963       0.668752
            882         54.180         64.948       0.545195       0.722078
            883         61.555         57.807       0.484302       0.722078
            884         53.938         68.532       0.559583       0.722078
            885         26.091         36.117       0.580590       0.722078
            886         35.436         81.547       0.697085       0.722078
            887         27.165         67.566       0.713239       0.722078
            888          8.326        122.767       0.936491       0.722078
            889         18.746         74.857       0.799733       0.722078
            890         16.617         96.228       0.852749       0.722078
            891         47.419         63.744       0.573430       0.722078
            892         29.529         59.662       0.668920       0.722078
            893         44.279         72.522       0.620902       0.722078
            894         23.007         91.801       0.799608       0.722078
            895         33.874         22.817       0.402478       0.722078
            896         22.963         97.289       0.809041       0.722078
            897         17.815        120.626       0.871317       0.722078
            898         31.789         52.299       0.621953       0.722078
            899         25.978         70.735       0.731393       0.722078
            900         29.897         88.952       0.748449       0.722078
            901         10.438         40.050       0.793263       0.722078
            902          9.185         90.957       0.908280       0.722078
            903         57.163         80.526       0.584842       0.722078
            904         14.878         89.369       0.857278       0.722078
            905         40.754         75.046       0.648063       0.722078
            906          9.103         57.835       0.864015       0.722078
            907         21.580         53.904       0.714112       0.722078
            908         20.799         29.893       0.589703       0.722078
            909         49.569         97.311       0.662522       0.722078
            910         30.708         84.427       0.733286       0.722078
            911         12.724          8.599       0.403261       0.722078
            912         25.433         56.997       0.691461       0.722078
            913          2.356         77.227       0.970390       0.722078
            914         -0.227        127.486       1.001783       0.722078
            915         28.454        122.433       0.811420       0.722078
            916         -3.795         56.285       1.072303       0.722078
            917         17.121        121.352       0.876357       0.722078
            918         33.299         47.902       0.589919       0.722078
            919         41.131         90.757       0.688136       0.722078
            920          4.681        100.678       0.955570       0.722078
            921         31.856         99.328       0.757167       0.722078
            922         15.187         69.114       0.819851       0.722078
            923         26.069         61.064       0.700815       0.722078
            924         28.796         78.229       0.730942       0.722078
            925          7.955          0.806       0.092022       0.668752
            926         19.543         58.815       0.750592       0.722078
            927         46.300         95.568       0.673642       0.722078
            928          7.948         60.510       0.883905       0.722078
            929         23.878        107.353       0.818043       0.722078
            930         37.280         55.223       0.596987       0.722078
            931          7.428         30.735       0.805364       0.722078
            932         17.926         77.723       0.812588       0.722078
            933         18.565        105.379       0.850213       0.722078
            934         24.336         89.038       0.785350       0.722078
            935         14.353        122.546       0.895157       0.722078
            936         54.861        117.148       0.681058       0.722078
            937         32.427         40.707       0.556609       0.722078
            938         30.817         67.926       0.687911       0.722078
            939         32.987          9.351       0.220854       0.668752
            940         39.813         68.064       0.630941       0.722078
            941         45.805         32.282       0.413410       0.722078
            942         55.519         80.380       0.591469       0.722078
            943          8.767        108.165       0.925025       0.722078
            944         44.234         39.463       0.471502       0.722078
            945         24.776         66.092       0.727342       0.722078
            946         33.866         92.683       0.732390       0.722078
            947          8.377        122.455       0.935974       0.722078
            948         12.241         66.729       0.844988       0.722078
            949          9.750         98.157       0.909642       0.722078
            950         17.907         33.981       0.654888       0.722078
            951          5.069         88.474       0.945812       0.722078
            952         16.574         45.320       0.732225       0.722078
            953         25.091         62.658       0.714057       0.722078
            954         25.474         64.787       0.717777       0.722078
            955         21.513         68.969       0.762237       0.722078
            956         20.801         64.495       0.756129       0.722078
            957         16.454        119.325       0.878819       0.722078
            958         41.357        114.147       0.734046       0.722078
            959         26.875         75.979       0.738704       0.722078
            960         13.055         60.761       0.823137       0.722078
            961          5.547         74.732       0.930906       0.722078
            962         28.284         66.699       0.702218       0.722078
            963          7.944         64.317       0.890060       0.722078
            964         11.869        118.440       0.908920       0.722078
            965         17.933         63.950       0.780992       0.722078
            966          0.130         87.591       0.998515       0.722078
            967         46.123         83.564       0.644352       0.722078
            968         -8.856         95.128       1.102658       0.668752
            969          0.581        106.373       0.994566       0.722078
            970         24.015         74.386       0.755945       0.722078
            971         23.121        110.388       0.826822       0.722078
            972          6.473         84.896       0.929156       0.722078
            973         13.943         34.010       0.709230       0.722078
            974         33.201        113.800       0.774142       0.722078
            975         16.057         43.000       0.728110       0.722078
            976         31.894         98.350       0.755123       0.722078
            977         17.933         76.957       0.811013       0.722078
            978         23.277        114.495       0.831048       0.722078
            979         20.393         61.667       0.751489       0.722078
            980          6.972        131.895       0.949794       0.722078
            981          9.643         71.889       0.881722       0.722078
            982          6.745         70.246       0.912396       0.722078
            983         14.224        118.313       0.892680       0.722078
            984          2.358         52.737       0.957201       0.722078
            985         -0.675         87.111       1.007813       0.722078
            986         -4.539         65.026       1.075042       0.722078
            987         13.410         25.481       0.655198       0.722078
            988         32.998        101.567       0.754781       0.722078
            989         16.113         94.535       0.854378       0.722078
            990         17.044         80.239       0.824798       0.722078
            991         -5.935         83.562       1.076449       0.722078
            992         34.064         64.288       0.653655       0.722078
            993         25.645         74.583       0.744135       0.722078
            994         18.059        107.537       0.856211       0.722078
            995         25.003         94.261       0.790358       0.722078
            996         21.288         37.731       0.639300       0.722078
            997         -0.196         81.547       1.002413       0.722078
            998         21.455        112.362       0.839669       0.722078
            999         34.626         97.368       0.737672       0.722078
           1000         15.618         99.519       0.864352       0.722078
