              1         35.735         50.249       0.584396       0.757823
              2         21.292        100.223       0.824781       0.757823
              3         26.611        116.617       0.814203       0.757823
              4         37.768         60.013       0.613751       0.757823
              5         24.642         51.546       0.676566       0.757823
              6         47.302         50.123       0.514481       0.757823
              7         29.270         69.636       0.704061       0.757823
              8         50.128         97.639       0.660763       0.757823
              9         29.485         17.367       0.370673       0.757823
             10         16.571         98.262       0.855696       0.757823
             11          8.474         59.840       0.875957       0.757823
             12         37.828        100.984       0.727487       0.757823
             13         36.470         79.673       0.685988       0.757823
             14         10.609         25.177       0.703554       0.757823
             15         42.643         84.839       0.665497       0.757823
             16         32.036         93.950       0.745719       0.757823
             17         33.837         65.570       0.659610       0.757823
             18         31.230         91.639       0.745828       0.757823
             19          9.454         55.938       0.855428       0.757823
             20         48.515         70.894       0.593710       0.757823
             21         22.493         77.961       0.776087       0.757823
             22         30.356         73.818       0.708602       0.757823
             23         53.068         37.724       0.415497       0.757823
             24         12.947         56.505       0.813583       0.757823
             25         21.887         85.167       0.795551       0.757823
             26         16.599         67.218       0.801964       0.757823
             27         42.056         49.539       0.540847       0.757823
             28         35.685         78.606       0.687770       0.757823
             29         43.585         71.664       0.621819       0.757823
             30         42.669         91.382       0.681694       0.757823
             31         27.134         50.521       0.650585       0.757823
             32         21.340         40.278       0.653674       0.757823
             33         40.521         93.590       0.697853       0.757823
             34         18.106         83.428       0.821674       0.757823
             35         74.451        119.903       0.616929       0.757823
             36         16.212         89.113       0.846081       0.757823
             37         21.017         48.431       0.697370       0.757823
             38         17.000         98.924       0.853350       0.757823
             39         17.869         59.864       0.770118       0.757823
             40         36.051         81.173       0.692464       0.757823
             41         48.244         72.144       0.599264       0.757823
             42         38.608        122.823       0.760838       0.757823
             43         35.955         59.191       0.622107       0.757823
             44          8.630         87.427       0.910153       0.757823
             45         45.380         63.085       0.581618       0.757823
             46         36.048         71.970       0.666280       0.757823
             47         26.126         49.703       0.655458       0.757823
             48          8.314         43.079       0.838221       0.757823
             49         22.329         50.628       0.693938       0.757823
             50         13.081         64.006       0.830310       0.757823
             51         10.214         64.132       0.862612       0.757823
             52         21.271         88.318       0.805903       0.757823
             53          5.168        130.194       0.961822       0.757823
             54         10.919         54.508       0.833109       0.757823
             55         32.070         74.858       0.700080       0.757823
             56          7.333        108.726       0.936813       0.757823
             57         -2.995         95.815       1.032268       0.757823
             58         28.711         57.961       0.668738       0.757823
             59         -9.657         71.440       1.156298       0.757823
             60         22.981        101.764       0.815776       0.757823
             61         17.390         93.023       0.842497       0.757823
             62         21.539         97.098       0.818447       0.757823
             63         -2.311         84.985       1.027952       0.757823
             64         42.756         99.180       0.698765       0.757823
             65          5.156        114.674       0.956976       0.757823
             66         11.160         80.555       0.878318       0.757823
             67          3.518         57.357       0.942207       0.757823
             68          9.033         74.846       0.892313       0.757823
             69         27.826         78.148       0.737426       0.757823
             70         22.807         55.828       0.709960       0.757823
             71         -8.183        114.938       1.076655       0.757823
             72         13.837         74.258       0.842927       0.757823
             73         32.231         86.569       0.728697       0.757823
             74         33.050        100.849       0.753172       0.757823
             75         21.205         54.237       0.718918       0.757823
             76         15.120         53.605       0.779992       0.757823
             77         31.849        113.574       0.780992       0.757823
             78         45.560         73.791       0.618267       0.757823
             79         15.160        147.790       0.906966       0.757823
             80          6.191         76.048       0.924715       0.757823
             81         22.119         61.162       0.734407       0.757823
             82         16.094         71.486       0.816235       0.757823
             83         32.371        105.077       0.764485       0.757823
             84         25.017         75.387       0.750838       0.757823
             85         -2.945         53.690       1.058028       0.757823
             86         -4.242         73.588       1.061169       0.757823
             87         31.447        103.409       0.766808       0.757823
             88          7.714         10.793       0.583188       0.757823
             89         13.436         61.290       0.820196       0.757823
             90        -13.113         99.841       1.151192       0.757823
             91         27.845         73.172       0.724354       0.757823
             92         13.452         81.514       0.858351       0.757823
             93         15.088        112.524       0.881767       0.757823
             94         48.339        106.709       0.688234       0.757823
             95          6.014        100.443       0.943503       0.757823
             96         35.128         73.751       0.677366       0.757823
             97          9.692         54.278       0.848485       0.757823
             98         13.389        104.616       0.886540       0.757823
             99         21.825         62.089       0.739911       0.757823
            100         32.842         33.708       0.506506       0.757823
            101         39.128         51.966       0.570465       0.757823
            102         29.605         92.905       0.758343       0.757823
            103         37.821         68.168       0.643160       0.757823
            104          8.597         26.447       0.754686       0.757823
            105         17.684        104.876       0.855713       0.757823
            106         21.581         85.869       0.799150       0.757823
            107         15.078         86.542       0.851628       0.757823
            108         25.777         58.821       0.695299       0.757823
            109         -3.365         48.947       1.073820       0.757823
            110          8.092         69.014       0.895052       0.757823
            111         -0.691         67.211       1.010392       0.757823
            112         32.669         52.513       0.616479       0.757823
            113         43.906         29.481       0.401726       0.757823
            114         59.695         78.076       0.566710       0.757823
            115         39.175         79.177       0.668993       0.757823
            116         33.440         95.317       0.740286       0.757823
            117         28.960         92.057       0.760693       0.757823
            118         49.387         37.329       0.430472       0.757823
            119         27.324         54.401       0.665655       0.757823
            120         -7.773        137.336       1.059995       0.757823
            121         53.448         74.573       0.582506       0.757823
            122         43.551        128.156       0.746365       0.757823
            123         37.005         58.253       0.611526       0.757823
            124         23.430        125.408       0.842580       0.757823
            125         27.101         76.628       0.738735       0.757823
            126         32.758         55.312       0.628046       0.757823
            127         30.822        115.678       0.789613       0.757823
            128         35.944         92.470       0.720091       0.757823
            129         32.463         43.211       0.571015       0.757823
            130         -1.018         51.522       1.020150       0.757823
            131         29.184         25.730       0.468549       0.757823
            132         35.770         54.304       0.602881       0.757823
            133          9.286        111.869       0.923354       0.757823
            134         39.749         78.262       0.663175       0.757823
            135         42.360         85.188       0.667891       0.757823
            136         18.480         71.919       0.795571       0.757823
            137         47.272         70.961       0.600178       0.757823
            138         -0.085         70.248       1.001218       0.757823
            139         16.047         29.894       0.650699       0.757823
            140         35.399         71.698       0.669471       0.757823
            141         13.470         53.610       0.799196       0.757823
            142          6.861        112.258       0.942406       0.757823
            143         29.849         79.803       0.727787       0.757823
            144         37.924         52.271       0.579530       0.757823
            145          9.838        133.823       0.931518       0.757823
            146          6.780         55.032       0.890310       0.757823
            147         19.943         69.828       0.777847       0.757823
            148         51.429        101.683       0.664106       0.757823
            149         28.589         62.300       0.685454       0.757823
            150         31.309         88.761       0.739245       0.757823
            151         17.656         72.970       0.805178       0.757823
            152         27.476         88.978       0.764065       0.757823
            153         12.466         71.640       0.851782       0.757823
            154         28.891         71.073       0.710984       0.757823
            155          8.318        116.733       0.933486       0.757823
            156         32.097        104.260       0.764608       0.757823
            157          9.415         57.058       0.858370       0.757823
            158         16.980        112.346       0.868703       0.757823
            159          9.156         40.710       0.816380       0.757823
            160         23.666         49.588       0.676929       0.757823
            161         38.027         71.493       0.652787       0.757823
            162         20.529         72.512       0.779357       0.757823
            163          0.485         75.429       0.993608       0.757823
            164         30.560         69.527       0.694665       0.757823
            165         12.377         87.641       0.876257       0.757823
            166         34.373         88.109       0.719365       0.757823
            167         18.853        148.511       0.887355       0.757823
            168         39.577        108.656       0.733006       0.757823
            169         16.920         63.436       0.789433       0.757823
            170         10.404         71.736       0.873342       0.757823
            171         17.482         95.104       0.844721       0.757823
            172         26.658        131.651       0.831608       0.757823
            173          9.671         78.162       0.889896       0.757823
            174         46.828         92.541       0.663999       0.757823
            175         19.253         65.527       0.772911       0.757823
            176         12.792        108.593       0.894619       0.757823
            177         21.906        105.439       0.827979       0.757823
            178         59.807        114.312       0.656518       0.757823
            179         27.842         81.687       0.745806       0.757823
            180         21.213        111.362       0.839993       0.757823
            181         14.761        102.173       0.873766       0.757823
            182         17.231         94.895       0.846322       0.757823
            183          4.441         90.250       0.953103       0.757823
            184         19.230         72.762       0.790961       0.757823
            185         25.762         79.349       0.754908       0.757823
            186         14.808         64.940       0.814317       0.757823
            187         27.399         98.959       0.783160       0.757823
            188          5.205        121.669       0.958976       0.757823
            189         10.503         58.199       0.847122       0.757823
            190         21.293         71.152       0.769668       0.757823
            191          0.325         45.704       0.992931       0.757823
            192         21.053         42.496       0.668707       0.757823
            193         13.811        110.659       0.889043       0.757823
            194         18.634        105.640       0.850057       0.757823
            195         13.090         33.464       0.718820       0.757823
            196         43.352        103.397       0.704583       0.757823
            197         52.004        110.122       0.679236       0.757823
            198          6.023         85.559       0.934237       0.757823
            199         49.130         41.082       0.455396       0.757823
            200         32.056         56.343       0.637367       0.757823
            201         25.040         54.727       0.686086       0.757823
            202         14.089        103.960       0.880652       0.757823
            203         14.124         58.925       0.806650       0.757823
            204         30.293         63.522       0.677099       0.757823
            205         13.807         63.159       0.820609       0.757823
            206          4.114         98.354       0.959851       0.757823
            207          5.590        109.242       0.951323       0.757823
            208         45.966         57.399       0.555306       0.757823
            209         13.018         64.364       0.831770       0.757823
            210         19.794         81.842       0.805246       0.757823
            211         37.981         66.502       0.636490       0.757823
            212         29.968         65.514       0.686144       0.757823
            213         39.452         88.623       0.691964       0.757823
            214         18.203        105.007       0.852258       0.757823
            215         11.153         82.191       0.880520       0.757823
            216         50.491         58.475       0.536633       0.757823
            217         60.519         95.879       0.613044       0.757823
            218         15.063         62.357       0.805437       0.757823
            219         55.011         27.525       0.333488       0.757823
            220         26.335         47.200       0.641873       0.757823
            221         22.967         75.117       0.765845       0.757823
            222         44.906        103.863       0.698150       0.757823
            223         27.817         66.262       0.704322       0.757823
            224         32.274         57.623       0.640988       0.757823
            225          3.372         71.417       0.954917       0.757823
            226         44.415         57.486       0.564135       0.757823
            227         23.915         58.040       0.708191       0.757823
            228         22.266         37.043       0.624580       0.757823
            229          8.362        111.747       0.930384       0.757823
            230         24.637         86.030       0.777374       0.757823
            231         29.554         83.962       0.739649       0.757823
            232         35.009         96.234       0.733248       0.757823
            233         15.349         31.737       0.674026       0.757823
            234         33.160        101.616       0.753962       0.757823
            235         33.949         63.935       0.653169       0.757823
            236         20.826         78.413       0.790144       0.757823
            237         19.021         39.769       0.676462       0.757823
            238          3.026         86.429       0.966171       0.757823
            239         33.150         48.870       0.595835       0.757823
            240         63.527         92.611       0.593134       0.757823
            241         47.030         72.862       0.607734       0.757823
            242         34.084         56.646       0.624333       0.757823
            243         57.301         65.690       0.534103       0.757823
            244         26.259         84.455       0.762823       0.757823
            245         43.142        112.916       0.723551       0.757823
            246         35.473        115.997       0.765807       0.757823
            247          9.804         49.237       0.833947       0.757823
            248         15.349         79.370       0.837951       0.757823
            249         12.967         89.051       0.872893       0.757823
            250         50.592        108.812       0.682619       0.757823
            251         11.668         55.588       0.826516       0.757823
            252         32.657         73.948       0.693664       0.757823
            253         -3.568         43.007       1.090473       0.757823
            254         41.162         56.078       0.576698       0.757823
            255         13.524         60.361       0.816963       0.757823
            256         31.320         45.306       0.591260       0.757823
            257         13.099         40.407       0.755186       0.757823
            258         45.864         49.528       0.519205       0.757823
            259         29.358         33.755       0.534834       0.757823
            260         57.383         36.892       0.391321       0.757823
            261         51.158        107.178       0.676900       0.757823
            262         38.321         38.400       0.500512       0.757823
            263         22.654        103.334       0.820192       0.757823
            264         51.141         50.041       0.494567       0.757823
            265         18.373         26.164       0.587470       0.757823
            266         51.572         42.407       0.451237       0.757823
            267         24.581         62.131       0.716518       0.757823
            268         31.787         79.309       0.713880       0.757823
            269         12.602        106.575       0.894256       0.757823
            270          8.434         46.051       0.845200       0.757823
            271          1.689         22.706       0.930777       0.757823
            272         15.725        104.301       0.868986       0.757823
            273         33.998         98.505       0.743414       0.757823
            274         37.901         50.577       0.571637       0.757823
            275         56.126         66.065       0.540670       0.757823
            276         36.785        106.408       0.743108       0.757823
            277         30.242         82.989       0.732916       0.757823
            278         49.171         44.923       0.477430       0.757823
            279         26.683         32.727       0.550866       0.757823
            280         24.649         47.010       0.656028       0.757823
            281         11.225         57.400       0.836434       0.757823
            282         33.364         42.291       0.558998       0.757823
            283         44.850         91.189       0.670314       0.757823
            284         19.308         80.891       0.807304       0.757823
            285         52.461         69.039       0.568219       0.757823
            286         18.661         91.527       0.830643       0.757823
            287         20.350         82.907       0.802920       0.757823
            288         21.922         83.073       0.791210       0.757823
            289         31.726         95.664       0.750956       0.757823
            290         28.245        152.236       0.843502       0.757823
            291         35.217         68.306       0.659815       0.757823
            292         11.553          9.995       0.463842       0.757823
            293         21.638         78.945       0.784874       0.757823
            294          9.598         67.049       0.874779       0.757823
            295         34.950        119.520       0.773742       0.757823
            296         50.209         34.994       0.410710       0.757823
            297         59.112        103.270       0.635968       0.757823
            298         30.642         61.231       0.666477       0.757823
            299         23.442        118.894       0.835306       0.757823
            300          6.076        114.184       0.949476       0.757823
            301         27.630         64.649       0.700582       0.757823
            302         22.698         37.483       0.622839       0.757823
            303          5.985         41.063       0.872786       0.757823
            304         23.154        100.968       0.813458       0.757823
            305         42.838         92.133       0.682611       0.757823
            306         25.753         41.426       0.616645       0.757823
            307         16.834         70.004       0.806144       0.757823
            308         23.648         52.208       0.688252       0.757823
            309         -1.785        100.937       1.017999       0.757823
            310         44.324         82.465       0.650411       0.757823
            311         23.831         98.286       0.804848       0.757823
            312         54.161         24.271       0.309458       0.757823
            313         -5.123         25.469       1.251795       0.757823
            314         55.340         94.547       0.630789       0.757823
            315         22.865         55.941       0.709854       0.757823
            316         27.774         80.091       0.742508       0.757823
            317         28.016         95.726       0.773590       0.757823
            318         37.248        112.902       0.751927       0.757823
            319         -4.344         94.183       1.048352       0.757823
            320         20.025         57.569       0.741930       0.757823
            321         39.908        104.716       0.724059       0.757823
            322         52.954         95.308       0.642834       0.757823
            323         26.921        101.048       0.789631       0.757823
            324         37.153         56.259       0.602268       0.757823
            325         28.648        125.747       0.814450       0.757823
            326         54.755         88.015       0.616483       0.757823
            327         43.186         52.972       0.550886       0.757823
            328         23.193         65.562       0.738683       0.757823
            329         20.504         50.416       0.710883       0.757823
            330         13.672         84.186       0.860290       0.757823
            331          1.465         85.162       0.983091       0.757823
            332         19.761         52.090       0.724970       0.757823
            333         -1.687         69.404       1.024912       0.757823
            334         15.146         52.445       0.775922       0.757823
            335         14.404         69.210       0.827735       0.757823
            336         21.404         84.142       0.797207       0.757823
            337         46.793         93.095       0.665499       0.757823
            338         49.985         36.040       0.418949       0.757823
            339         37.428         69.609       0.650327       0.757823
            340         20.981         66.187       0.759302       0.757823
            341         35.882         28.325       0.441151       0.757823
            342         36.785         82.241       0.690948       0.757823
            343         59.750        119.241       0.666184       0.757823
            344         39.662         97.024       0.709833       0.757823
            345         15.053         97.330       0.866058       0.757823
            346         22.694         74.260       0.765927       0.757823
            347         27.288         98.498       0.783063       0.757823
            348         50.138         59.630       0.543233       0.757823
            349          7.371         79.996       0.915627       0.757823
            350         -0.625         98.613       1.006376       0.757823
            351         50.111        104.296       0.675462       0.757823
            352         52.713        118.923       0.692879       0.757823
            353         13.496         49.803       0.786791       0.757823
            354         18.304         88.380       0.828431       0.757823
            355         27.427         48.332       0.637972       0.757823
            356         41.782         82.141       0.662836       0.757823
            357         20.366         96.630       0.825928       0.757823
            358         42.011         48.425       0.535465       0.757823
            359         36.708         66.519       0.644393       0.757823
            360         40.505         36.297       0.472604       0.757823
            361         31.669         37.329       0.541014       0.757823
            362         18.499         58.600       0.760062       0.757823
            363         18.157         57.107       0.758757       0.757823
            364         34.443         85.566       0.712999       0.757823
            365         39.490         59.976       0.602978       0.757823
            366         20.310         89.861       0.815651       0.757823
            367          6.814         94.289       0.932605       0.757823
            368         44.428         44.819       0.502192       0.757823
            369         41.093         65.073       0.612937       0.757823
            370         13.891         59.604       0.810996       0.757823
            371         -4.571        108.130       1.044143       0.757823
            372          2.197         26.489       0.923399       0.757823
            373         10.165        111.289       0.916306       0.757823
            374         28.323         47.809       0.627980       0.757823
            375          5.117         90.081       0.946247       0.757823
            376         23.058        103.992       0.818512       0.757823
            377         15.440        135.049       0.897403       0.757823
            378         22.003         78.889       0.781919       0.757823
            379         27.000         74.353       0.733605       0.757823
            380         24.466         90.821       0.787780       0.757823
            381         31.012         73.449       0.703119       0.757823
            382         25.153         63.259       0.715500       0.757823
            383         35.758         74.876       0.676792       0.757823
            384         15.327         78.499       0.836645       0.757823
            385         35.945         51.717       0.589956       0.757823
            386          4.400         89.341       0.953066       0.757823
            387         -2.424         86.059       1.028977       0.757823
            388         -1.930         81.884       1.024136       0.757823
            389         19.137         96.288       0.834205       0.757823
            390         16.391         60.090       0.785684       0.757823
            391         11.820        104.774       0.898624       0.757823
            392         62.636         12.333       0.164502       0.757823
            393         11.519         86.564       0.882561       0.757823
            394         12.262         63.955       0.839116       0.757823
            395         26.535        108.613       0.803661       0.757823
            396         39.630         85.720       0.683844       0.757823
            397         31.698         78.807       0.713152       0.757823
            398         45.746         25.390       0.356924       0.757823
            399         46.742         88.235       0.653702       0.757823
            400         39.246         83.352       0.679880       0.757823
            401         12.787        121.095       0.904489       0.757823
            402         35.435         67.357       0.655276       0.757823
            403         32.579         59.176       0.644936       0.757823
            404         39.686        111.514       0.737529       0.757823
            405         21.234        103.785       0.830157       0.757823
            406          8.900         77.697       0.897227       0.757823
            407          8.465         70.784       0.893183       0.757823
            408         17.327         78.692       0.819546       0.757823
            409         25.395         69.640       0.732778       0.757823
            410         19.331         35.183       0.645392       0.757823
            411         13.217         62.295       0.824971       0.757823
            412         26.313        129.176       0.830774       0.757823
            413         14.650        119.534       0.890823       0.757823
            414          7.582         73.992       0.907050       0.757823
            415         20.043         73.128       0.784879       0.757823
            416         17.511        129.080       0.880547       0.757823
            417          2.697        115.378       0.977158       0.757823
            418         12.756         59.039       0.822327       0.757823
            419         16.243         96.969       0.856525       0.757823
            420         13.390         80.309       0.857094       0.757823
            421         12.402         61.195       0.831484       0.757823
            422          8.980         94.800       0.913473       0.757823
            423         27.745         80.227       0.743033       0.757823
            424         18.988         85.913       0.818994       0.757823
            425         43.090         71.136       0.622762       0.757823
            426         38.253         84.123       0.687416       0.757823
            427         16.132         65.533       0.802459       0.757823
            428         27.810        133.075       0.827146       0.757823
            429         32.524         39.849       0.550610       0.757823
            430         11.712        131.670       0.918315       0.757823
            431         29.968         35.709       0.543708       0.757823
            432         28.597        119.968       0.807513       0.757823
            433         35.981         86.308       0.705772       0.757823
            434         32.310         78.553       0.708559       0.757823
            435         22.614         75.890       0.770426       0.757823
            436          5.634         29.742       0.840729       0.757823
            437         43.766         35.457       0.447559       0.757823
            438          4.274         46.624       0.916021       0.757823
            439         13.242         91.510       0.873586       0.757823
            440         18.185         45.813       0.715850       0.757823
            441         20.558        113.243       0.846351       0.757823
            442         12.030         23.385       0.660318       0.757823
            443         25.273         70.895       0.737199       0.757823
            444         22.876         91.945       0.800768       0.757823
            445         29.736         82.759       0.735666       0.757823
            446          9.951         39.540       0.798929       0.757823
            447         -2.700         77.453       1.036112       0.757823
            448         14.221         84.604       0.856098       0.757823
            449         18.507         83.602       0.818754       0.757823
            450         16.343         41.653       0.718205       0.757823
            451         23.524         78.156       0.768646       0.757823
            452          5.413        105.893       0.951367       0.757823
            453         35.533         73.894       0.675282       0.757823
            454         16.267         65.129       0.800155       0.757823
            455         31.950         90.699       0.739503       0.757823
            456         40.528         95.343       0.701720       0.757823
            457         31.967        107.762       0.771222       0.757823
            458         25.729         94.008       0.785118       0.757823
            459         -0.459         82.307       1.005613       0.757823
            460          3.641         30.728       0.894052       0.757823
            461         10.618        134.593       0.926880       0.757823
            462          4.398        129.748       0.967216       0.757823
            463         12.489         85.268       0.872244       0.757823
            464         20.708         60.914       0.746297       0.757823
            465         12.846        109.758       0.895225       0.757823
            466          7.827         88.957       0.919125       0.757823
            467         11.471        114.141       0.908676       0.757823
            468         16.753         98.860       0.855091       0.757823
            469         12.810         43.198       0.771281       0.757823
            470         25.857        101.903       0.797610       0.757823
            471          8.623         93.892       0.915881       0.757823
            472         24.330         64.402       0.725804       0.757823
            473         11.041         95.567       0.896436       0.757823
            474         31.682         73.454       0.698658       0.757823
            475         22.222        107.151       0.828235       0.757823
            476         15.978         87.775       0.845999       0.757823
            477         29.669         86.330       0.744229       0.757823
            478         29.866         53.838       0.643196       0.757823
            479         50.703         51.903       0.505845       0.757823
            480         34.161         65.563       0.657442       0.757823
            481         30.352         84.619       0.736004       0.757823
            482         38.838         99.196       0.718632       0.757823
            483         33.708         66.000       0.661930       0.757823
            484         17.762         47.898       0.729488       0.757823
            485         12.800         42.520       0.768620       0.757823
            486         23.750         56.789       0.705114       0.757823
            487         30.738         45.055       0.594447       0.757823
            488         64.987         80.546       0.553455       0.757823
            489         -8.825         43.405       1.255185       0.757823
            490         29.236         66.244       0.693798       0.757823
            491          0.686         60.751       0.988842       0.757823
            492         31.059         32.438       0.510855       0.757823
            493          7.517         67.657       0.900005       0.757823
            494         30.580        129.894       0.809437       0.757823
            495         10.831         79.481       0.880072       0.757823
            496         34.013         88.370       0.722074       0.757823
            497         17.806         74.806       0.807733       0.757823
            498          5.984         34.435       0.851952       0.757823
            499         46.641         81.619       0.636354       0.757823
            500         37.441         76.538       0.671513       0.757823
            501         30.325        104.359       0.774842       0.757823
            502         18.046         70.118       0.795311       0.757823
            503         39.159         93.698       0.705255       0.757823
            504         25.377         87.948       0.776066       0.757823
            505         35.378         46.515       0.567994       0.757823
            506          7.154         93.689       0.929060       0.757823
            507         23.949         53.937       0.692517       0.757823
            508         15.715         55.405       0.779041       0.757823
            509         38.495         81.073       0.678048       0.757823
            510         47.718         60.829       0.560392       0.757823
            511         32.324         67.204       0.675226       0.757823
            512         67.470         62.454       0.480696       0.757823
            513         40.943         80.241       0.662141       0.757823
            514         28.741        116.718       0.802413       0.757823
            515         27.625         63.439       0.696644       0.757823
            516         18.228         77.974       0.810523       0.757823
            517         47.662         59.302       0.554415       0.757823
            518         27.072        130.239       0.827909       0.757823
            519         16.962         47.155       0.735450       0.757823
            520         24.014        110.185       0.821058       0.757823
            521         16.333         71.221       0.813457       0.757823
            522         16.596         90.415       0.844913       0.757823
            523         18.565         61.017       0.766716       0.757823
            524         47.016         70.796       0.600925       0.757823
            525         68.892         87.419       0.559261       0.757823
            526         30.761         86.156       0.736902       0.757823
            527          2.477         79.812       0.969894       0.757823
            528         32.663        103.267       0.759710       0.757823
            529         47.627         79.753       0.626103       0.757823
            530         28.049         87.949       0.758196       0.757823
            531         45.631         54.889       0.546050       0.757823
            532         25.578         48.968       0.656884       0.757823
            533         49.612         54.886       0.525235       0.757823
            534         -1.938        103.299       1.019122       0.757823
            535         46.446        128.107       0.733915       0.757823
            536         29.240         54.682       0.651584       0.757823
            537         38.673         52.723       0.576866       0.757823
            538         32.613        108.688       0.769197       0.757823
            539         38.092         71.067       0.651043       0.757823
            540         -7.718         90.974       1.092696       0.757823
            541          9.748         97.761       0.909329       0.757823
            542         12.870         86.078       0.869930       0.757823
            543         46.635        101.382       0.684932       0.757823
            544         31.566         39.428       0.555368       0.757823
            545         40.746         73.354       0.642891       0.757823
            546         20.266         81.410       0.800685       0.757823
            547         26.260        107.953       0.804339       0.757823
            548         23.021         58.323       0.716992       0.757823
            549         37.416         81.857       0.686301       0.757823
            550          8.902         80.982       0.900965       0.757823
            551         16.946         28.800       0.629567       0.757823
            552         26.122        111.719       0.810493       0.757823
            553         44.531         97.847       0.687233       0.757823
            554         31.381         54.298       0.633735       0.757823
            555         27.298         77.602       0.739769       0.757823
            556         48.134         47.762       0.498061       0.757823
            557         37.527         67.689       0.643335       0.757823
            558         16.347         52.940       0.764068       0.757823
            559         23.616        102.858       0.813273       0.757823
            560          1.334         71.052       0.981565       0.757823
            561        -11.805         73.078       1.192670       0.757823
            562         37.758         37.228       0.496466       0.757823
            563         32.256         54.066       0.626329       0.757823
            564         47.543        102.618       0.683386       0.757823
            565         16.203         57.994       0.781619       0.757823
            566         11.447         58.699       0.836815       0.757823
            567         32.220         34.209       0.514969       0.757823
            568         16.854         73.199       0.812840       0.757823
            569         28.438         81.759       0.741934       0.757823
            570         19.212         11.512       0.374691       0.757823
            571         41.369         97.164       0.701378       0.757823
            572         17.346         60.240       0.776429       0.757823
            573         43.392        111.175       0.719267       0.757823
            574         34.374         99.582       0.743395       0.757823
            575         25.424         48.019       0.653831       0.757823
            576         47.387         68.872       0.592403       0.757823
            577         51.041         49.408       0.491872       0.757823
            578         18.210         60.441       0.768473       0.757823
            579         61.998         87.630       0.585650       0.757823
            580         27.415         92.574       0.771522       0.757823
            581         29.814        103.746       0.776773       0.757823
            582          2.524         32.139       0.927179       0.757823
            583         24.740         94.402       0.792351       0.757823
            584         63.639         71.437       0.528868       0.757823
            585          6.279         66.158       0.913323       0.757823
            586          9.054        131.899       0.935769       0.757823
            587         28.400        100.730       0.780068       0.757823
            588          9.820         74.658       0.883761       0.757823
            589         16.794         36.095       0.682469       0.757823
            590         25.500         71.544       0.737232       0.757823
            591         20.402         60.395       0.747490       0.757823
            592         13.399         97.072       0.878715       0.757823
            593         17.944        120.241       0.870146       0.757823
            594         25.157         85.685       0.773040       0.757823
            595          3.717         53.423       0.934945       0.757823
            596         -9.165        119.500       1.083063       0.757823
            597         27.111         79.462       0.745610       0.757823
            598          0.033         93.532       0.999647       0.757823
            599         42.154        150.139       0.780783       0.757823
            600         20.774         71.926       0.775903       0.757823
            601         41.142         44.762       0.521066       0.757823
            602          9.330         40.594       0.813111       0.757823
            603         28.641        114.550       0.799980       0.757823
            604         48.941         44.097       0.473967       0.757823
            605         18.888         93.701       0.832237       0.757823
            606         29.097         20.529       0.413674       0.757823
            607         30.587         36.478       0.543925       0.757823
            608         18.988        132.887       0.874976       0.757823
            609         43.433         72.756       0.626188       0.757823
            610         11.992         37.222       0.756327       0.757823
            611         34.840         89.813       0.720505       0.757823
            612         20.705         77.050       0.788191       0.757823
            613          9.925         97.663       0.907751       0.757823
            614         19.377         62.217       0.762522       0.757823
            615         50.742         88.886       0.636591       0.757823
            616         27.748         72.322       0.722715       0.757823
            617          9.382        159.430       0.944425       0.757823
            618         26.499         59.401       0.691512       0.757823
            619         30.788         84.626       0.733237       0.757823
            620          4.707         61.731       0.929152       0.757823
            621         15.854         86.583       0.845235       0.757823
            622         23.345         57.444       0.711038       0.757823
            623         16.782         62.040       0.787094       0.757823
            624         35.400         64.574       0.645910       0.757823
            625         39.448         49.180       0.554906       0.757823
            626         34.504         63.020       0.646199       0.757823
            627         28.831         69.270       0.706106       0.757823
            628         12.569         78.207       0.861538       0.757823
            629         32.983         75.323       0.695465       0.757823
            630         10.552         91.168       0.896261       0.757823
            631         20.279         75.275       0.787776       0.757823
            632          6.290         91.186       0.935471       0.757823
            633         33.940        136.252       0.800577       0.757823
            634         47.419         80.845       0.630303       0.757823
            635          6.392        129.576       0.952987       0.757823
            636         23.544        112.000       0.826302       0.757823
            637         16.470         78.555       0.826679       0.757823
            638         26.701         57.600       0.683263       0.757823
            639         19.763         79.477       0.800859       0.757823
            640         -3.555         49.838       1.076808       0.757823
            641         18.046        100.793       0.848148       0.757823
            642         20.517         90.076       0.814480       0.757823
            643         52.784         78.874       0.599083       0.757823
            644         28.577        119.651       0.807207       0.757823
            645         12.337         64.000       0.838388       0.757823
            646         25.929         64.598       0.713581       0.757823
            647         34.301         74.011       0.683313       0.757823
            648          4.971         84.146       0.944220       0.757823
            649         44.780         82.632       0.648541       0.757823
            650          6.660         79.102       0.922349       0.757823
            651         40.494         53.061       0.567161       0.757823
            652         32.611        100.636       0.755258       0.757823
            653         21.012         71.793       0.773588       0.757823
            654         -7.579         70.308       1.120815       0.757823
            655         50.956        107.445       0.678313       0.757823
            656         30.233         98.912       0.765897       0.757823
            657         43.154         70.569       0.620532       0.757823
            658         28.502         48.433       0.629530       0.757823
            659          8.891         34.524       0.795201       0.757823
            660         42.216         59.834       0.586320       0.757823
            661         19.625         87.251       0.816377       0.757823
            662         30.188         85.760       0.739643       0.757823
            663          8.076         79.811       0.908110       0.757823
            664         22.923         81.469       0.780416       0.757823
            665         55.684        111.783       0.667493       0.757823
            666         23.784         38.610       0.618810       0.757823
            667         28.530        111.114       0.795695       0.757823
            668          6.133         88.997       0.935535       0.757823
            669         33.556        115.462       0.774817       0.757823
            670         38.550         57.103       0.596978       0.757823
            671         -4.680        105.864       1.046248       0.757823
            672         26.381        100.805       0.792581       0.757823
            673         27.525         95.866       0.776926       0.757823
            674         -1.259        117.634       1.010814       0.757823
            675         13.435         99.978       0.881538       0.757823
            676         43.207         74.290       0.632275       0.757823
            677         28.391         76.259       0.728707       0.757823
            678         45.533         64.275       0.585342       0.757823
            679         12.206         58.330       0.826959       0.757823
            680         21.814         86.231       0.798099       0.757823
            681         16.147         66.042       0.803535       0.757823
            682         15.932         27.221       0.630800       0.757823
            683         20.171         67.272       0.769324       0.757823
            684         10.805         94.419       0.897312       0.757823
            685         -0.270         74.791       1.003621       0.757823
            686         24.159         72.947       0.751212       0.757823
            687         17.846         51.028       0.740888       0.757823
            688         19.377        105.326       0.844618       0.757823
            689         37.165         56.483       0.603140       0.757823
            690         27.970         31.024       0.525881       0.757823
            691         17.094        109.651       0.865133       0.757823
            692         13.267         79.307       0.856683       0.757823
            693         26.049         86.779       0.769128       0.757823
            694         27.644         59.416       0.682476       0.757823
            695         48.993         61.514       0.556650       0.757823
            696         12.044        127.922       0.913948       0.757823
            697         19.433         91.197       0.824343       0.757823
            698         -0.467        102.986       1.004560       0.757823
            699         19.510         60.418       0.755900       0.757823
            700         28.693         89.653       0.757549       0.757823
            701         17.093        119.663       0.875009       0.757823
            702         47.021        144.946       0.755057       0.757823
            703          5.923         68.711       0.920643       0.757823
            704          7.572        132.790       0.946053       0.757823
            705          6.952        110.236       0.940674       0.757823
            706         20.459         77.076       0.790239       0.757823
            707         14.594         67.258       0.821706       0.757823
            708         22.770         75.788       0.768967       0.757823
            709         26.283         52.222       0.665207       0.757823
            710         24.450         80.435       0.766888       0.757823
            711         41.555         81.576       0.662513       0.757823
            712         33.439        119.755       0.781722       0.757823
            713          5.382         51.110       0.904723       0.757823
            714         17.663         86.027       0.829656       0.757823
            715         -7.347         43.824       1.201416       0.757823
            716         13.602          8.682       0.389607       0.757823
            717         38.040        101.956       0.728278       0.757823
            718         19.517         30.916       0.613018       0.757823
            719          6.745        110.533       0.942485       0.757823
            720         19.317         49.551       0.719510       0.757823
            721         12.160         80.561       0.868855       0.757823
            722          3.139        139.509       0.977996       0.757823
            723         -2.112         58.831       1.037236       0.757823
            724          3.149        106.972       0.971401       0.757823
            725         29.172         77.498       0.726526       0.757823
            726         36.076        101.874       0.738485       0.757823
            727         26.994        103.797       0.793613       0.757823
            728         18.273          3.973       0.178601       0.757823
            729         51.529        113.699       0.688136       0.757823
            730         28.288         72.547       0.719461       0.757823
            731          1.813         66.321       0.973388       0.757823
            732         36.248        110.868       0.753611       0.757823
            733         23.619         47.835       0.669453       0.757823
            734         23.506         81.593       0.776341       0.757823
            735         17.319         19.048       0.523768       0.757823
            736         28.869         64.899       0.692120       0.757823
            737         23.690         81.956       0.775764       0.757823
            738         35.286        113.716       0.763185       0.757823
            739         18.303         31.014       0.628867       0.757823
            740         23.441         87.681       0.789055       0.757823
            741         51.775        109.254       0.678474       0.757823
            742          8.070        108.670       0.930873       0.757823
            743         22.930         79.418       0.775958       0.757823
            744         16.469        101.735       0.860675       0.757823
            745         24.993         63.070       0.716190       0.757823
            746         24.766         94.302       0.792002       0.757823
            747          7.831         89.900       0.919874       0.757823
            748         36.223         88.831       0.710342       0.757823
            749         53.160         83.581       0.611237       0.757823
            750          5.199          4.177       0.445475       0.757823
            751         22.593         88.417       0.796481       0.757823
            752          0.102         90.235       0.998870       0.757823
            753         21.049        105.593       0.833791       0.757823
            754         15.124        102.983       0.871947       0.757823
            755         13.186         78.539       0.856246       0.757823
            756         40.910         61.962       0.602325       0.757823
            757         19.269         63.223       0.766414       0.757823
            758         13.224        109.346       0.892111       0.757823
            759          6.210         75.420       0.923924       0.757823
            760         10.257         80.109       0.886495       0.757823
            761         31.966         69.394       0.684631       0.757823
            762          6.826         92.245       0.931101       0.757823
            763         35.790         63.033       0.637838       0.757823
            764         23.140         90.886       0.797065       0.757823
            765          4.152        102.817       0.961183       0.757823
            766          2.886         60.282       0.954307       0.757823
            767         29.080         93.904       0.763545       0.757823
            768         30.145        116.214       0.794032       0.757823
            769         16.600         96.137       0.852754       0.757823
            770          8.336         73.957       0.898705       0.757823
            771         34.774         72.348       0.675375       0.757823
            772         41.829         97.824       0.700479       0.757823
            773         21.244         66.530       0.757966       0.757823
            774         17.127        106.774       0.861767       0.757823
            775         33.023         70.902       0.682241       0.757823
            776         45.292         35.875       0.441991       0.757823
            777         -0.733        115.717       1.006373       0.757823
            778         20.222         58.004       0.741494       0.757823
            779         27.891         92.107       0.767573       0.757823
            780          9.988         86.418       0.896396       0.757823
            781         32.546         42.282       0.565053       0.757823
            782         19.313         93.691       0.829095       0.757823
            783         33.616         90.297       0.728710       0.757823
            784         27.570        102.566       0.788142       0.757823
            785          0.844         71.454       0.988321       0.757823
            786         21.497         92.708       0.811768       0.757823
            787         16.047         48.488       0.751343       0.757823
            788         -1.425         73.888       1.019662       0.757823
            789         28.555         96.411       0.771501       0.757823
            790         26.494         59.726       0.692716       0.757823
            791         33.140        109.124       0.767052       0.757823
            792         19.014         73.641       0.794787       0.757823
            793         10.827         89.161       0.891718       0.757823
            794         38.089         83.531       0.686819       0.757823
            795         30.202         99.154       0.766522       0.757823
            796         10.883        111.139       0.910812       0.757823
            797         -8.025         54.082       1.174242       0.757823
            798          7.978         63.189       0.887891       0.757823
            799         31.042         83.322       0.728567       0.757823
            800          6.622         85.835       0.928378       0.757823
            801         19.250         82.186       0.810223       0.757823
            802         28.902         95.371       0.767435       0.757823
            803         43.674         61.229       0.583675       0.757823
            804         19.143         84.547       0.815384       0.757823
            805         17.766        117.510       0.868672       0.757823
            806         43.068         93.869       0.685489       0.757823
            807         46.769         82.841       0.639157       0.757823
            808          9.637         92.287       0.905449       0.757823
            809         21.495         61.096       0.739736       0.757823
            810         25.335        106.549       0.807897       0.757823
            811         -4.351         69.048       1.067252       0.757823
            812         14.004         35.080       0.714700       0.757823
            813         21.397         52.665       0.711094       0.757823
            814         31.581         87.862       0.735598       0.757823
            815         20.578         82.860       0.801059       0.757823
            816         23.741         91.292       0.793615       0.757823
            817          5.787         54.952       0.904727       0.757823
            818         12.169         79.673       0.867503       0.757823
            819         16.422        104.445       0.864132       0.757823
            820         16.499         61.749       0.789141       0.757823
            821         20.774         83.516       0.800808       0.757823
            822         29.215         85.416       0.745140       0.757823
            823          4.031         83.454       0.953924       0.757823
            824         24.075        132.034       0.845783       0.757823
            825         24.751        115.958       0.824098       0.757823
            826          8.758         51.387       0.854389       0.757823
            827         17.372         89.808       0.837920       0.757823
            828         20.446        129.460       0.863606       0.757823
            829         18.449        139.424       0.883139       0.757823
            830         22.561         45.205       0.667074       0.757823
            831         30.583         51.669       0.628184       0.757823
            832         28.065         74.875       0.727369       0.757823
            833         48.296         97.808       0.669443       0.757823
            834         21.132        105.790       0.833507       0.757823
            835         -8.337        115.021       1.078152       0.757823
            836         21.834         79.059       0.783593       0.757823
            837         31.799         66.967       0.678033       0.757823
            838         10.716        134.520       0.926219       0.757823
            839         11.625         49.982       0.811302       0.757823
            840         19.536         88.342       0.818911       0.757823
            841         52.401        106.976       0.671212       0.757823
            842         27.927        116.270       0.806327       0.757823
            843         12.457         46.981       0.790417       0.757823
            844         29.153         75.859       0.722386       0.757823
            845          9.222         80.220       0.896899       0.757823
            846          8.946        112.871       0.926565       0.757823
            847         14.749        109.419       0.881220       0.757823
            848         26.245         54.447       0.674756       0.757823
            849         34.349         51.574       0.600231       0.757823
            850         58.888         85.358       0.591754       0.757823
            851         14.583         87.452       0.857077       0.757823
            852         25.239         10.243       0.288680       0.757823
            853         42.534         54.956       0.563706       0.757823
            854         18.142         97.158       0.842657       0.757823
            855         35.770         68.524       0.657026       0.757823
            856          8.517         88.803       0.912488       0.757823
            857         19.905         68.769       0.775528       0.757823
            858         14.107         82.305       0.853683       0.757823
            859         29.143         87.089       0.749270       0.757823
            860         11.376         34.599       0.752554       0.757823
            861          2.125        116.605       0.982099       0.757823
            862         10.628         12.786       0.546077       0.757823
            863         43.375         93.498       0.683102       0.757823
            864         20.858        116.757       0.848435       0.757823
            865         18.276         92.956       0.835693       0.757823
            866         37.866         99.762       0.724866       0.757823
            867         26.818         61.079       0.694890       0.757823
            868         28.221        149.600       0.841297       0.757823
            869         28.107         63.683       0.693795       0.757823
            870          9.784        120.403       0.924846       0.757823
            871         48.215         64.020       0.570413       0.757823
            872         38.289        107.914       0.738111       0.757823
            873          6.915         59.455       0.895816       0.757823
            874         31.645         86.409       0.731948       0.757823
            875         37.029         80.618       0.685252       0.757823
            876         16.850         79.716       0.825509       0.757823
            877         16.119         41.472       0.720113       0.757823
            878         40.559         78.494       0.659319       0.757823
            879         37.232         85.350       0.696266       0.757823
            880         32.041        115.235       0.782445       0.757823
            881         30.084         85.042       0.738688       0.757823
            882         41.994         63.567       0.602184       0.757823
            883          6.770          3.690       0.352764       0.757823
            884         40.586         38.488       0.486734       0.757823
            885         28.856         69.131       0.705515       0.757823
            886         47.427         72.004       0.602893       0.757823
            887         26.666         62.993       0.702583       0.757823
            888         17.457         50.227       0.742080       0.757823
            889         11.485         85.699       0.881821       0.757823
            890         32.110         93.722       0.744820       0.757823
            891         35.994         97.756       0.730884       0.757823
            892         29.217         68.730       0.701707       0.757823
            893          2.886         72.452       0.961690       0.757823
            894         34.625        110.481       0.761381       0.757823
            895         22.457         51.556       0.696584       0.757823
            896         19.411         91.236       0.824566       0.757823
            897         -2.533        101.844       1.025507       0.757823
            898         22.284         89.215       0.800142       0.757823
            899         16.204         35.057       0.683898       0.757823
            900          0.132         78.130       0.998309       0.757823
            901         31.372         78.394       0.714194       0.757823
            902         12.248         80.662       0.868172       0.757823
            903         20.818         79.629       0.792746       0.757823
            904         16.630        131.260       0.887552       0.757823
            905         25.159         95.966       0.792287       0.757823
            906          9.698         71.494       0.880555       0.757823
            907        -11.920         64.044       1.228689      -1.213780
            908         17.184        -15.140      -7.405835      -1.213780
            909         15.484         77.854       0.834111       0.757823
            910         21.539         93.626       0.812974       0.757823
            911         21.964         62.994       0.741477       0.757823
            912         25.177         11.083       0.305655       0.757823
            913         23.359         32.019       0.578188       0.757823
            914          5.679         76.417       0.930827       0.757823
            915         24.724         91.929       0.788053       0.757823
            916         11.422         75.267       0.868241       0.757823
            917          2.020        138.461       0.985622       0.757823
            918         32.305         99.477       0.754858       0.757823
            919         24.238         86.398       0.780924       0.757823
            920         28.347         50.963       0.642578       0.757823
            921         32.389         76.537       0.702650       0.757823
            922         23.313         84.757       0.784280       0.757823
            923         25.917         83.146       0.762366       0.757823
            924         18.710         47.329       0.716686       0.757823
            925          1.232         86.282       0.985918       0.757823
            926          8.167         58.565       0.877618       0.757823
            927         20.266        103.556       0.836329       0.757823
            928         43.652         64.815       0.597558       0.757823
            929         45.224         99.577       0.687681       0.757823
            930         29.827         95.074       0.761197       0.757823
            931          9.439         75.561       0.888956       0.757823
            932         33.527         78.835       0.701613       0.757823
            933         21.475         70.348       0.766126       0.757823
            934         18.799         73.633       0.796622       0.757823
            935         25.510        103.916       0.802900       0.757823
            936         37.132         28.274       0.432286       0.757823
            937         12.142         86.639       0.877082       0.757823
            938         29.028         98.298       0.772016       0.757823
            939         20.788         47.835       0.697070       0.757823
            940         42.675         57.324       0.573249       0.757823
            941         28.616        111.028       0.795079       0.757823
            942         -4.244         75.638       1.059445       0.757823
            943         43.997         45.247       0.507000       0.757823
            944         28.068         24.964       0.470742       0.757823
            945         42.893         20.952       0.328165       0.757823
            946         12.030         90.347       0.882494       0.757823
            947         47.546         40.045       0.457181       0.757823
            948         33.119        108.268       0.765756       0.757823
            949         23.269         52.209       0.691711       0.757823
            950        -18.752         60.813       1.445847      -1.213780
            951         33.829         69.025       0.671097       0.757823
            952         27.966         91.969       0.766823       0.757823
            953         43.080        125.373       0.744262       0.757823
            954         43.970         80.557       0.646906       0.757823
            955         36.556         61.027       0.625385       0.757823
            956         -0.366         75.715       1.004854       0.757823
            957         38.639         57.733       0.599064       0.757823
            958         23.829         48.435       0.670248       0.757823
            959          9.979        107.979       0.915404       0.757823
            960         20.097        111.712       0.847530       0.757823
            961         39.559         59.880       0.602176       0.757823
            962         17.174         51.007       0.748112       0.757823
            963         30.894         54.379       0.637702       0.757823
            964         16.708         74.222       0.816252       0.757823
            965         32.871        125.697       0.792700       0.757823
            966        -14.165         89.051       1.189146       0.757823
            967         43.669         65.858       0.601298       0.757823
            968         37.219         55.710       0.599487       0.757823
            969         19.955         57.021       0.740767       0.757823
            970         30.379         85.188       0.737130       0.757823
            971         43.281         52.511       0.548181       0.757823
            972          8.613          6.576       0.432946       0.757823
            973         48.779         42.843       0.467603       0.757823
            974         48.442         83.405       0.632589       0.757823
            975         39.511         42.039       0.515498       0.757823
            976         38.306         99.930       0.722892       0.757823
            977         11.971        106.099       0.898612       0.757823
            978         40.957         69.626       0.629628       0.757823
            979         17.424         82.836       0.826212       0.757823
            980         42.635         33.617       0.440864       0.757823
            981         40.729         78.309       0.657851       0.757823
            982         34.783         55.308       0.613914       0.757823
            983         22.853         73.729       0.763380       0.757823
            984         37.705         84.220       0.690755       0.757823
            985         44.824         63.828       0.587452       0.757823
            986         16.960         25.915       0.604431       0.757823
            987         36.405        125.013       0.774468       0.757823
            988         26.050         13.505       0.341434       0.757823
            989         64.362         82.312       0.561190       0.757823
            990         17.255         98.367       0.850761       0.757823
            991          9.666         58.866       0.858955       0.757823
            992         30.479         91.211       0.749536       0.757823
            993         23.636         68.377       0.743124       0.757823
            994         23.368         60.850       0.722531       0.757823
            995         44.281         67.649       0.604388       0.757823
            996         48.944         81.183       0.623876       0.757823
            997         30.768         85.761       0.735966       0.757823
            998         29.834        124.623       0.806845       0.757823
            999         39.641         88.054       0.689567       0.757823
           1000         28.600         76.233       0.727186       0.757823
