              1         15.891         12.120       0.432688       0.718433
              2         40.908        102.259       0.714264       0.709169
              3         58.353         43.277       0.425829       0.709169
              4         13.174         68.226       0.838157       0.709169
              5        -10.372         29.257       1.549244       0.718433
              6         54.613        104.181       0.656078       0.709169
              7          0.903         42.647       0.979269       0.709169
              8         34.500        106.031       0.754504       0.709169
              9         13.936         32.009       0.696674       0.709169
             10         27.593         12.447       0.310870       0.709169
             11         38.746         63.514       0.621104       0.709169
             12         -7.022         89.660       1.084972       0.709169
             13         57.264        145.642       0.717780       0.709169
             14         53.487         33.186       0.382890       0.709169
             15         38.276         97.306       0.717692       0.709169
             16         35.143         81.870       0.699665       0.709169
             17         31.318         68.428       0.686021       0.709169
             18         24.110         48.219       0.666664       0.709169
             19         25.876        105.017       0.802310       0.709169
             20         25.589         85.189       0.769004       0.709169
             21         26.983         94.188       0.777315       0.709169
             22         25.662         77.823       0.752023       0.709169
             23         38.661         14.731       0.275902       0.718433
             24         40.250         81.454       0.669279       0.709169
             25         12.444        112.931       0.900743       0.709169
             26         39.845         20.428       0.338924       0.709169
             27         17.072         98.135       0.851813       0.709169
             28         31.902         26.352       0.452362       0.709169
             29         35.682         45.396       0.559903       0.709169
             30         13.669         92.814       0.871630       0.709169
             31          7.835         78.258       0.908990       0.709169
             32         17.894         60.651       0.772178       0.709169
             33         26.796         46.688       0.635350       0.709169
             34         25.553         51.089       0.666593       0.709169
             35          2.020         58.972       0.966879       0.709169
             36          5.968         83.684       0.933436       0.709169
             37          2.305         52.244       0.957740       0.709169
             38         29.442        144.749       0.830981       0.709169
             39         28.525         62.370       0.686173       0.709169
             40         52.975         78.181       0.596093       0.709169
             41         50.456         58.470       0.536785       0.709169
             42         25.531        104.538       0.803714       0.709169
             43         37.593         65.121       0.634003       0.709169
             44         54.341         47.780       0.467876       0.709169
             45         37.845         89.519       0.702858       0.709169
             46        -12.503         83.310       1.176582       0.718433
             47         33.223         78.225       0.701898       0.709169
             48         26.519         52.419       0.664053       0.709169
             49         40.439         98.888       0.709754       0.709169
             50         20.108         28.245       0.584140       0.709169
             51         22.562         91.897       0.802882       0.709169
             52         46.938         53.127       0.530927       0.709169
             53         48.892         76.918       0.611382       0.709169
             54         41.159         55.811       0.575548       0.709169
             55         29.699        102.084       0.774636       0.709169
             56          6.149         59.592       0.906464       0.709169
             57         28.905         49.900       0.633208       0.709169
             58         18.707         82.356       0.814894       0.709169
             59         56.193         60.640       0.519033       0.709169
             60         36.936         81.939       0.689289       0.709169
             61         32.541        109.866       0.771492       0.709169
             62         28.443         54.924       0.658823       0.709169
             63         21.543         72.598       0.771162       0.709169
             64         46.807         27.233       0.367818       0.709169
             65         26.290         59.310       0.692876       0.709169
             66         49.117         45.861       0.482859       0.709169
             67         33.886         47.910       0.585722       0.709169
             68         33.145         81.778       0.711587       0.709169
             69         17.342         15.336       0.469316       0.709169
             70         36.375         48.862       0.573250       0.709169
             71         36.919         24.341       0.397339       0.709169
             72         29.253         51.480       0.637663       0.709169
             73         29.730         92.724       0.757213       0.709169
             74         25.388         73.834       0.744129       0.709169
             75         38.576         39.644       0.506828       0.709169
             76         41.216         89.936       0.685740       0.709169
             77         31.772         87.896       0.734501       0.709169
             78         28.564         59.630       0.676121       0.709169
             79         22.399        100.737       0.818096       0.709169
             80         20.536         93.582       0.820044       0.709169
             81         36.423         75.844       0.675567       0.709169
             82         50.898         -0.233      -0.004593       0.718433
             83         25.502         64.606       0.716982       0.709169
             84         29.190         47.867       0.621188       0.709169
             85         41.739         70.413       0.627835       0.709169
             86         51.076         91.716       0.642305       0.709169
             87         59.157         40.157       0.404344       0.709169
             88         44.626         66.646       0.598946       0.709169
             89         33.438         73.454       0.687179       0.709169
             90         29.475         62.440       0.679321       0.709169
             91         61.669        149.026       0.707308       0.709169
             92         -3.385         67.196       1.053051       0.718433
             93          8.738         59.216       0.871416       0.823249
             94         11.377         60.575       0.841878       0.823249
             95         12.513         84.156       0.870562       0.823249
             96         11.510         50.842       0.815397       0.823249
             97         19.793        115.375       0.853566       0.823249
             98         16.678         85.619       0.836962       0.823249
             99         17.672         61.636       0.777174       0.823249
            100         19.441         42.481       0.686035       0.823249
            101         21.030         99.471       0.825480       0.823249
            102         26.210         63.222       0.706930       0.823249
            103         14.306         91.140       0.864327       0.823249
            104         16.641        102.517       0.860343       0.823249
            105         28.695         48.165       0.626656       0.823249
            106         20.740         95.219       0.821142       0.823249
            107         33.656        106.097       0.759177       0.823249
            108         18.287         87.875       0.827746       0.823249
            109         40.202         61.745       0.605657       0.823249
            110         16.276         92.703       0.850650       0.823249
            111         26.688         75.642       0.739198       0.823249
            112         25.524         71.489       0.736902       0.823249
            113        -17.541         93.291       1.231569       0.718433
            114         21.148         59.845       0.738896       0.709169
            115         23.794        101.738       0.810454       0.709169
            116         36.229         45.711       0.557861       0.709169
            117         27.309         55.339       0.669571       0.709169
            118         15.943         53.551       0.770581       0.709169
            119         14.014        161.601       0.920203       0.709169
            120         18.304         58.997       0.763214       0.709169
            121         26.025         75.462       0.743560       0.709169
            122         -6.920         55.550       1.142289       0.718433
            123         16.499        112.468       0.872067       0.823249
            124         18.032         99.399       0.846448       0.823249
            125         19.885         99.651       0.833649       0.823249
            126         12.835         70.227       0.845477       0.823249
            127         17.181        112.001       0.867004       0.823249
            128         17.436         57.892       0.768538       0.823249
            129         26.404         52.906       0.667080       0.823249
            130         33.145         65.198       0.662967       0.823249
            131         15.456         53.473       0.775768       0.823249
            132         22.372        136.443       0.859131       0.823249
            133         12.887        111.910       0.896735       0.823249
            134         34.568         89.420       0.721199       0.823249
            135          9.383        100.265       0.914427       0.823249
            136         34.861         64.126       0.647826       0.823249
            137         22.738         87.022       0.792840       0.823249
            138         32.006         78.377       0.710046       0.823249
            139         27.005         91.592       0.772298       0.823249
            140          7.999         67.382       0.893889       0.823249
            141         27.206         89.108       0.766097       0.823249
            142          0.147         86.110       0.998300       0.823249
            143          8.114         58.332       0.877892       0.823249
            144         11.905        105.151       0.898300       0.823249
            145         -6.001         33.163       1.220932       0.718433
            146         23.412        108.103       0.821983       0.709169
            147        -18.542        107.472       1.208502       0.718433
            148         16.937        107.669       0.864073       0.823249
            149          1.920         63.321       0.970572       0.823249
            150         17.236         80.262       0.823220       0.823249
            151         32.294         51.169       0.613073       0.823249
            152         16.498         46.482       0.738043       0.823249
            153         19.361        155.041       0.888986       0.823249
            154          6.909        107.398       0.939561       0.823249
            155         32.578         79.560       0.709482       0.823249
            156         29.190         12.742       0.303877       0.718433
            157         31.618        109.505       0.775953       0.709169
            158         42.107         51.383       0.549609       0.709169
            159         39.156         48.222       0.551882       0.709169
            160         36.995        106.362       0.741940       0.709169
            161         35.904         75.661       0.678182       0.709169
            162         56.656        114.859       0.669676       0.709169
            163         27.947         25.971       0.481680       0.709169
            164         28.371         87.164       0.754438       0.709169
            165         22.967         51.952       0.693442       0.709169
            166         36.757         87.719       0.704705       0.709169
            167         25.136         96.072       0.792619       0.709169
            168         29.525         99.056       0.770378       0.709169
            169         45.331         64.422       0.586973       0.709169
            170        -10.041         60.667       1.198332       0.718433
            171         21.427         55.673       0.722082       0.709169
            172          9.740         96.646       0.908449       0.709169
            173         27.807        115.725       0.806266       0.709169
            174         29.101         61.503       0.678813       0.709169
            175         29.851        104.233       0.777371       0.709169
            176         37.520         95.074       0.717029       0.709169
            177         29.815         53.180       0.640759       0.709169
            178         28.489         63.093       0.688921       0.709169
            179         20.410         38.789       0.655228       0.709169
            180         22.525         96.359       0.810529       0.709169
            181          7.694        104.103       0.931179       0.709169
            182         27.445         71.432       0.722431       0.709169
            183         25.884         35.473       0.578143       0.709169
            184         14.308          7.090       0.331330       0.709169
            185         23.420        132.672       0.849961       0.709169
            186         18.285         41.123       0.692218       0.709169
            187          7.883         36.034       0.820509       0.709169
            188         22.157        111.359       0.834051       0.709169
            189         25.535        102.737       0.800928       0.709169
            190         42.699         57.048       0.571925       0.709169
            191         -1.548         56.139       1.028357       0.709169
            192         30.255         72.754       0.706289       0.709169
            193         20.469         58.558       0.740983       0.709169
            194         20.558         70.126       0.773303       0.709169
            195          7.794          9.112       0.538995       0.709169
            196         23.714        110.199       0.822913       0.709169
            197         34.671         47.204       0.576539       0.709169
            198         -1.626         58.794       1.028440       0.709169
            199         15.223        129.823       0.895048       0.709169
            200         44.988         73.757       0.621140       0.709169
            201         -4.755        155.947       1.031452       0.709169
            202         20.304          1.394       0.064247       0.718433
            203          7.218         92.894       0.927904       0.823249
            204         20.496         67.088       0.765981       0.823249
            205         31.775        106.940       0.770930       0.823249
            206         12.557         88.181       0.875348       0.823249
            207          6.640        103.481       0.939706       0.823249
            208          8.255         48.682       0.855009       0.823249
            209          1.388         91.081       0.984993       0.823249
            210         43.363         75.403       0.634885       0.823249
            211         26.363         59.289       0.692210       0.823249
            212         -5.729         65.323       1.096129       0.823249
            213         19.467         91.262       0.824193       0.823249
            214         15.116         68.384       0.818974       0.823249
            215         46.382        102.482       0.688427       0.823249
            216         24.393         76.961       0.759326       0.823249
            217         15.103         74.073       0.830638       0.823249
            218          5.250         50.361       0.905590       0.823249
            219         16.391        120.947       0.880649       0.823249
            220         31.619         94.901       0.750087       0.823249
            221         13.890         50.684       0.784902       0.823249
            222          2.420         31.226       0.928071       0.823249
            223         13.575         90.516       0.869587       0.823249
            224          4.322         54.578       0.926626       0.823249
            225         19.597         30.420       0.608202       0.823249
            226          7.235         27.240       0.790137       0.823249
            227          4.319         77.508       0.947216       0.823249
            228         20.026         52.614       0.724317       0.823249
            229         13.394         30.809       0.696981       0.823249
            230          9.297        134.304       0.935257       0.823249
            231          4.988         40.432       0.890189       0.823249
            232          7.505         61.018       0.890474       0.823249
            233         32.544         96.387       0.747584       0.823249
            234         40.014         66.879       0.625659       0.823249
            235          4.673         63.564       0.931515       0.823249
            236          9.966        107.476       0.915137       0.823249
            237         16.003         72.201       0.818566       0.823249
            238         26.552         68.644       0.721080       0.823249
            239         20.869         86.900       0.806353       0.823249
            240         17.005        105.713       0.861434       0.823249
            241          6.941        107.710       0.939456       0.823249
            242          8.569        105.624       0.924964       0.823249
            243         17.774        111.136       0.862121       0.823249
            244         -4.059        112.011       1.037605       0.823249
            245          5.445        110.364       0.952985       0.823249
            246         29.484         85.209       0.742934       0.823249
            247         26.572         92.390       0.776632       0.823249
            248         10.460         87.767       0.893516       0.823249
            249         53.786         63.748       0.542379       0.718433
            250         31.005         22.027       0.415354       0.709169
            251         35.197         95.577       0.730855       0.709169
            252         51.054         88.947       0.635330       0.709169
            253         50.280         79.265       0.611873       0.709169
            254         17.339         98.265       0.850017       0.709169
            255          1.471         65.259       0.977961       0.709169
            256         25.429         78.129       0.754450       0.709169
            257         19.587         66.875       0.773458       0.709169
            258         32.704         47.357       0.591513       0.709169
            259         25.572         37.959       0.597485       0.709169
            260         32.296         86.776       0.728769       0.709169
            261         37.621         64.806       0.632705       0.709169
            262         -7.280         45.740       1.189280       0.718433
            263         10.692         96.910       0.900634       0.709169
            264         61.316         49.074       0.444554       0.709169
            265         52.745         95.710       0.644705       0.709169
            266         43.706         99.877       0.695603       0.709169
            267          3.737         84.142       0.957474       0.709169
            268         46.480         94.588       0.670513       0.709169
            269         -1.715        100.655       1.017339       0.709169
            270         51.950         83.313       0.615933       0.709169
            271         21.345         38.046       0.640598       0.709169
            272         25.006         57.904       0.698395       0.709169
            273         28.375         64.713       0.695180       0.709169
            274         15.162         99.844       0.868165       0.709169
            275        -14.612         50.110       1.411628       0.718433
            276         48.699         63.415       0.565631       0.709169
            277         50.888         47.399       0.482248       0.709169
            278         21.260         84.227       0.798457       0.709169
            279         26.177         59.044       0.692837       0.709169
            280         35.920         87.943       0.710004       0.709169
            281         29.605         89.852       0.752167       0.709169
            282         12.185         79.802       0.867536       0.709169
            283         33.765        107.003       0.760139       0.709169
            284         25.193         54.125       0.682385       0.709169
            285         16.972         81.453       0.827566       0.709169
            286         25.568         68.405       0.727920       0.709169
            287         18.154         20.572       0.531221       0.709169
            288         22.485         64.426       0.741283       0.709169
            289         39.413         90.853       0.697441       0.709169
            290         47.333         99.490       0.677620       0.709169
            291         31.415         54.730       0.635325       0.709169
            292         14.116        137.141       0.906672       0.709169
            293         14.355         77.471       0.843674       0.709169
            294         14.027         52.185       0.788148       0.709169
            295         17.633         63.091       0.781566       0.709169
            296        -10.460         71.872       1.170323       0.718433
            297         27.887         62.633       0.691921       0.709169
            298         24.772         74.141       0.749559       0.709169
            299         28.045         57.270       0.671272       0.709169
            300         34.797         95.742       0.733435       0.709169
            301         41.576         51.178       0.551761       0.709169
            302         25.747         69.036       0.728358       0.709169
            303         41.072         84.939       0.674058       0.709169
            304         31.805         72.458       0.694953       0.709169
            305         28.104         61.985       0.688041       0.709169
            306         28.931         75.396       0.722689       0.709169
            307         21.516         55.311       0.719938       0.709169
            308         40.039        100.109       0.714311       0.709169
            309          3.178         84.885       0.963907       0.709169
            310         42.880         54.596       0.560097       0.709169
            311         31.538         81.791       0.721716       0.709169
            312          7.474         51.432       0.873117       0.709169
            313         34.615         45.043       0.565457       0.709169
            314         52.467         84.353       0.616527       0.709169
            315         40.000         67.063       0.626390       0.709169
            316         30.925         73.220       0.703058       0.709169
            317          7.239         99.464       0.932158       0.709169
            318         21.890         84.144       0.793558       0.709169
            319         56.315         68.552       0.549000       0.709169
            320         45.545         77.392       0.629527       0.709169
            321          5.167         79.936       0.939284       0.709169
            322         35.679         84.093       0.702111       0.709169
            323         36.757         71.932       0.661816       0.709169
            324         20.799         78.693       0.790948       0.709169
            325         18.939         76.176       0.800883       0.709169
            326         44.596         86.135       0.658875       0.709169
            327        -17.201        131.190       1.150903       0.718433
            328         26.843          0.310       0.011430       0.718433
            329         49.295         39.822       0.446848       0.709169
            330         21.259         73.338       0.775266       0.709169
            331         33.655         72.511       0.682998       0.709169
            332         27.406         72.336       0.725234       0.709169
            333         20.427         58.609       0.741551       0.709169
            334          8.572         74.767       0.897140       0.709169
            335         30.040         47.384       0.612005       0.709169
            336         37.592         73.781       0.662469       0.709169
            337         20.056         57.522       0.741468       0.709169
            338         34.899        102.275       0.745583       0.709169
            339         20.238         75.486       0.788577       0.709169
            340         25.515        105.761       0.805640       0.709169
            341         14.688         95.553       0.866763       0.709169
            342         36.837         45.629       0.553309       0.709169
            343         17.217         80.917       0.824552       0.709169
            344         42.112         58.607       0.581887       0.709169
            345         29.930         58.642       0.662085       0.709169
            346         -0.287        107.334       1.002683       0.709169
            347         24.640         69.177       0.737360       0.709169
            348         21.390         94.730       0.815794       0.709169
            349         37.440        100.728       0.729027       0.709169
            350          9.643        101.510       0.913244       0.709169
            351         34.588         41.122       0.543151       0.709169
            352         41.301         81.472       0.663596       0.709169
            353         23.200         67.742       0.744890       0.709169
            354         28.139         96.150       0.773600       0.709169
            355         31.949         54.111       0.628760       0.709169
            356         17.798         93.288       0.839783       0.709169
            357         37.888         86.768       0.696062       0.709169
            358         46.848         62.799       0.572740       0.709169
            359         45.735         64.179       0.583898       0.709169
            360         13.783         77.413       0.848864       0.709169
            361         -1.164         33.494       1.036010       0.709169
            362         51.766        110.339       0.680664       0.709169
            363         70.545         47.418       0.401972       0.709169
            364         34.766         33.514       0.490834       0.709169
            365         36.770         78.454       0.680881       0.709169
            366         18.381        148.591       0.889918       0.709169
            367         16.060         74.452       0.822566       0.709169
            368         30.941         92.261       0.748858       0.709169
            369         35.934         40.530       0.530055       0.718433
            370         11.278         77.545       0.873033       0.823249
            371         17.026         50.676       0.748519       0.823249
            372         34.518        104.218       0.751196       0.823249
            373         14.558         62.071       0.810023       0.823249
            374         31.195         79.470       0.718111       0.823249
            375         28.760        104.611       0.784362       0.823249
            376          2.654         79.531       0.967704       0.823249
            377          8.663         80.584       0.902934       0.823249
            378         13.937        122.869       0.898124       0.823249
            379         32.517         53.663       0.622688       0.823249
            380         15.672         94.245       0.857417       0.823249
            381          9.231         63.756       0.873527       0.823249
            382         18.904         71.750       0.791474       0.823249
            383         21.289         80.073       0.789967       0.823249
            384         33.870        110.804       0.765888       0.823249
            385         33.868        113.908       0.770816       0.823249
            386         22.961         67.127       0.745129       0.823249
            387         61.155         90.965       0.597984       0.823249
            388         37.994         99.514       0.723699       0.823249
            389         -5.688        126.851       1.046945       0.823249
            390         29.529         98.271       0.768943       0.823249
            391         21.545         51.563       0.705299       0.823249
            392         26.736        116.994       0.813987       0.823249
            393         24.328        118.804       0.830032       0.823249
            394         -0.250         87.453       1.002870       0.823249
            395         16.538         61.542       0.788192       0.823249
            396         26.414         71.952       0.731470       0.823249
            397          6.396        106.087       0.943139       0.823249
            398         25.444        134.148       0.840571       0.823249
            399         15.714         43.058       0.732628       0.823249
            400         19.851        103.963       0.839669       0.823249
            401         11.680         86.135       0.880590       0.823249
            402         13.801        105.644       0.884459       0.823249
            403         44.976        101.161       0.692234       0.823249
            404         -3.079        119.210       1.026518       0.823249
            405          9.835        101.953       0.912021       0.823249
            406          8.128         57.120       0.875433       0.823249
            407         32.078         11.645       0.266333       0.718433
            408         34.168        108.144       0.759904       0.823249
            409         18.561         93.766       0.834763       0.823249
            410          3.763         34.681       0.902124       0.823249
            411         23.745         85.272       0.782193       0.823249
            412         26.456         78.767       0.748574       0.823249
            413          7.653         61.861       0.889902       0.823249
            414         16.412         61.712       0.789928       0.823249
            415         33.134        100.973       0.752926       0.823249
            416         12.844         87.150       0.871556       0.823249
            417         18.603         41.066       0.688231       0.823249
            418         12.197         99.270       0.890575       0.823249
            419         32.078         68.855       0.682183       0.823249
            420         25.768         77.785       0.751160       0.823249
            421         13.156         98.200       0.881853       0.823249
            422          7.008         84.432       0.923361       0.823249
            423          7.275         39.126       0.843212       0.823249
            424         28.676         66.048       0.697266       0.823249
            425          6.474         74.600       0.920142       0.823249
            426          4.292         33.307       0.885840       0.823249
            427          2.712         97.256       0.972875       0.823249
            428          7.809         79.458       0.910520       0.823249
            429         20.754         46.665       0.692161       0.823249
            430          3.509         89.037       0.962081       0.823249
            431         18.780         90.884       0.828752       0.823249
            432         28.683        106.607       0.787987       0.823249
            433         19.306        113.459       0.854584       0.823249
            434         16.547         90.201       0.844987       0.823249
            435         21.542         78.149       0.783909       0.823249
            436         20.269         77.186       0.792018       0.823249
            437         38.915         86.053       0.688602       0.823249
            438         11.551         69.987       0.858341       0.823249
            439         15.845        115.002       0.878907       0.823249
            440         22.002         82.039       0.788527       0.823249
            441          9.658         20.499       0.679747       0.823249
            442          8.581         71.164       0.892390       0.823249
            443         21.426         69.082       0.763273       0.823249
            444         20.020         75.101       0.789535       0.823249
            445         14.744        105.947       0.877835       0.823249
            446         12.014        107.106       0.899144       0.823249
            447         37.363         65.932       0.638287       0.823249
            448         15.226        106.811       0.875232       0.823249
            449          6.796         83.519       0.924748       0.823249
            450         -1.656         48.519       1.035348       0.823249
            451         -2.949        103.377       1.029369       0.823249
            452         12.511         52.410       0.807294       0.823249
            453         26.380        107.075       0.802329       0.823249
            454         33.759        100.776       0.749068       0.823249
            455         23.719         98.096       0.805289       0.823249
            456          9.934         79.583       0.889025       0.823249
            457         19.139         29.862       0.609415       0.718433
            458         20.175         86.886       0.811554       0.709169
            459         28.653         56.726       0.664401       0.709169
            460         28.445         41.634       0.594105       0.709169
            461         38.506         91.961       0.704860       0.709169
            462         37.769         72.291       0.656834       0.709169
            463         26.704        121.978       0.820395       0.709169
            464         12.827         93.518       0.879387       0.709169
            465         13.361         91.043       0.872023       0.709169
            466         51.213         97.904       0.656557       0.709169
            467          6.513         11.182       0.631924       0.709169
            468         32.413         66.660       0.672839       0.709169
            469         31.056         64.163       0.673845       0.709169
            470         39.268         96.751       0.711306       0.709169
            471          2.643        103.088       0.975000       0.709169
            472         46.240         58.379       0.558011       0.709169
            473         30.517          7.616       0.199728       0.718433
            474         55.273         80.185       0.591956       0.709169
            475         23.169         88.815       0.793106       0.709169
            476         36.855        117.476       0.761194       0.709169
            477          3.403         60.647       0.946873       0.709169
            478         21.851        100.522       0.821436       0.709169
            479         54.269         24.898       0.314494       0.709169
            480         39.853        104.899       0.724683       0.709169
            481         56.897         26.170       0.315047       0.709169
            482         53.299         66.141       0.553763       0.709169
            483         25.226         61.783       0.710078       0.709169
            484          5.051         59.999       0.922346       0.709169
            485         63.595         52.775       0.453509       0.709169
            486        -15.035         79.092       1.234719       0.718433
            487         54.601         46.540       0.460150       0.709169
            488         24.991         95.383       0.792387       0.709169
            489         15.234         60.667       0.799287       0.709169
            490         55.317        113.896       0.673093       0.709169
            491         10.531         39.618       0.789999       0.709169
            492         47.642         28.284       0.372521       0.709169
            493         24.498         38.716       0.612457       0.709169
            494         42.495         70.066       0.622469       0.709169
            495          1.842         71.669       0.974938       0.709169
            496         13.400        106.957       0.888663       0.709169
            497         39.946         68.645       0.632143       0.709169
            498         44.618        128.371       0.742076       0.709169
            499          2.116         50.102       0.959478       0.709169
            500         40.286         43.581       0.519644       0.709169
            501         21.918         87.604       0.799879       0.709169
            502         44.606         53.504       0.545345       0.709169
            503         34.195         42.582       0.554619       0.709169
            504         50.463         48.932       0.492299       0.709169
            505         35.988         20.152       0.358963       0.709169
            506         18.526         64.136       0.775883       0.709169
            507         32.880         80.928       0.711091       0.709169
            508         36.537         71.945       0.663196       0.709169
            509         26.398        112.882       0.810471       0.709169
            510         24.970         53.816       0.683066       0.709169
            511         41.245         63.233       0.605227       0.709169
            512         53.830         72.900       0.575239       0.709169
            513         42.907         45.917       0.516946       0.709169
            514         20.501        100.630       0.830755       0.709169
            515          2.305         71.513       0.968776       0.709169
            516         37.730         40.795       0.519511       0.709169
            517         42.891         59.828       0.582445       0.709169
            518         37.687         59.063       0.610467       0.709169
            519         48.523         69.852       0.590090       0.709169
            520         33.072         72.871       0.687829       0.709169
            521         24.259         23.720       0.494389       0.709169
            522         28.914         78.049       0.729682       0.709169
            523         29.919         66.217       0.688783       0.709169
            524          8.876         82.113       0.902447       0.709169
            525         17.189         55.502       0.763534       0.709169
            526         34.121         47.439       0.581642       0.709169
            527         42.340         59.678       0.584974       0.709169
            528         39.539         76.806       0.660155       0.709169
            529         15.371         62.773       0.803297       0.709169
            530         41.943         22.899       0.353156       0.709169
            531         46.230         62.132       0.573375       0.709169
            532         35.690         85.785       0.706193       0.709169
            533         19.933        116.033       0.853397       0.709169
            534         38.568         98.667       0.718963       0.709169
            535         22.249         64.818       0.744459       0.709169
            536         46.190        109.012       0.702387       0.709169
            537         21.945        100.403       0.820633       0.709169
            538         27.608        125.872       0.820122       0.709169
            539         72.599         77.892       0.517587       0.709169
            540         25.981         30.430       0.539430       0.709169
            541         43.395         57.467       0.569758       0.709169
            542         10.222         60.420       0.855304       0.709169
            543         57.114        102.471       0.642111       0.709169
            544         43.373         81.175       0.651755       0.709169
            545         25.526         82.204       0.763052       0.709169
            546         22.423         74.106       0.767706       0.709169
            547         45.291         50.045       0.524932       0.709169
            548         23.006         84.581       0.786163       0.709169
            549         33.094         83.003       0.714947       0.709169
            550         49.769         62.325       0.556004       0.709169
            551         30.604         77.582       0.717119       0.709169
            552         30.397         61.885       0.670606       0.709169
            553         27.183         77.104       0.739344       0.709169
            554         61.237        104.511       0.630542       0.709169
            555         30.193         58.638       0.660108       0.709169
            556         19.724         20.402       0.508446       0.709169
            557         18.854         65.072       0.775347       0.709169
            558          4.472         80.245       0.947214       0.709169
            559         12.673         23.642       0.651025       0.709169
            560         32.286        100.458       0.756778       0.709169
            561         28.427         71.541       0.715636       0.709169
            562          4.130         81.516       0.951783       0.709169
            563         34.392         34.636       0.501767       0.709169
            564         42.366         50.664       0.544602       0.709169
            565         42.802         50.511       0.541303       0.709169
            566         20.713         59.924       0.743133       0.709169
            567         19.683         88.121       0.817418       0.709169
            568         36.648         98.582       0.728994       0.709169
            569         65.420         43.796       0.401000       0.709169
            570          9.038        114.846       0.927046       0.709169
            571         30.484        101.911       0.769752       0.709169
            572         16.275         41.557       0.718583       0.709169
            573         37.158         65.476       0.637957       0.709169
            574         52.331         82.135       0.610821       0.709169
            575         25.571         83.497       0.765546       0.709169
            576         28.545         -9.486      -0.497692       0.718433
            577         51.361        119.533       0.699457       0.709169
            578         66.346         73.234       0.524672       0.709169
            579          3.833         91.362       0.959734       0.709169
            580         46.335         89.699       0.659388       0.709169
            581         32.028         63.962       0.666340       0.709169
            582         19.485         47.758       0.710227       0.709169
            583         33.929         69.953       0.673388       0.709169
            584         34.486         35.924       0.510216       0.709169
            585         65.699         52.714       0.445170       0.709169
            586         33.533         37.384       0.527150       0.709169
            587         38.062        114.279       0.750154       0.709169
            588          0.804        100.211       0.992043       0.709169
            589         44.055        111.243       0.716319       0.709169
            590         30.462         90.823       0.748838       0.709169
            591         63.519         47.154       0.426068       0.709169
            592         12.300         90.139       0.879926       0.709169
            593         50.407         86.535       0.631909       0.709169
            594         15.931         79.665       0.833350       0.709169
            595         -5.773         65.639       1.096439       0.709169
            596         41.976         63.409       0.601690       0.709169
            597         38.244         95.255       0.713526       0.709169
            598         60.201         96.918       0.616847       0.709169
            599         25.075         94.384       0.790092       0.709169
            600         57.203         92.150       0.616995       0.709169
            601        -15.103         77.937       1.240369       0.718433
            602         52.719         49.448       0.483994       0.709169
            603         38.480         45.594       0.542304       0.709169
            604         22.991        109.374       0.826308       0.709169
            605         31.248         62.171       0.665509       0.709169
            606         54.423        110.988       0.670984       0.709169
            607         25.945        106.049       0.803436       0.709169
            608         31.858          0.716       0.021991       0.718433
            609         -0.265         91.908       1.002893       0.709169
            610         33.260         82.631       0.713006       0.709169
            611         44.481         64.443       0.591636       0.709169
            612         49.546         41.508       0.455861       0.709169
            613         38.372         56.131       0.593963       0.709169
            614         22.342         50.854       0.694767       0.709169
            615         20.601         83.838       0.802749       0.709169
            616         33.276         90.095       0.730275       0.709169
            617         31.691         42.520       0.572962       0.709169
            618         34.259         96.310       0.737617       0.709169
            619         27.826         26.931       0.491826       0.709169
            620         64.803         48.868       0.429910       0.709169
            621         33.953         34.693       0.505389       0.709169
            622         31.617         73.991       0.700620       0.709169
            623         43.928         96.079       0.686244       0.709169
            624         38.825         82.060       0.678824       0.709169
            625         23.428         40.994       0.636335       0.709169
            626         17.852         33.088       0.649542       0.709169
            627         25.805         72.869       0.738485       0.709169
            628         -0.530         45.444       1.011796       0.709169
            629         -0.361         55.833       1.006506       0.709169
            630         20.033         69.475       0.776185       0.709169
            631         32.399         38.776       0.544801       0.709169
            632         17.137         81.249       0.825820       0.709169
            633         38.951         65.249       0.626192       0.709169
            634         45.661        105.708       0.698346       0.709169
            635         32.435         81.501       0.715321       0.709169
            636         46.505         50.640       0.521280       0.709169
            637         24.575         70.861       0.742495       0.709169
            638         29.199         66.244       0.694066       0.709169
            639         39.121         32.853       0.456451       0.709169
            640         18.115         40.561       0.691276       0.709169
            641         45.946         54.829       0.544077       0.709169
            642         41.538         99.908       0.706334       0.709169
            643         15.019         84.652       0.849314       0.709169
            644         60.319         79.523       0.568665       0.709169
            645         15.776         51.233       0.764569       0.709169
            646         44.445         73.752       0.623974       0.709169
            647          2.479         69.731       0.965665       0.709169
            648         10.820         89.213       0.891840       0.709169
            649         43.841         47.413       0.519570       0.709169
            650         18.330         39.758       0.684445       0.709169
            651         32.954         86.628       0.724424       0.709169
            652        -12.915         92.897       1.161476       0.718433
            653         31.613        112.028       0.779917       0.709169
            654         24.704         40.287       0.619885       0.709169
            655         45.498         93.788       0.673349       0.709169
            656         12.677         56.303       0.816223       0.709169
            657         48.683         79.649       0.620646       0.709169
            658         59.137         48.314       0.449639       0.709169
            659         34.904         95.596       0.732538       0.709169
            660         29.162         58.812       0.668520       0.709169
            661         33.422        119.651       0.781662       0.709169
            662         47.812        113.294       0.703225       0.709169
            663         41.476        105.151       0.717131       0.709169
            664         36.913         91.942       0.713533       0.709169
            665         35.000         53.378       0.603978       0.709169
            666         28.405         90.796       0.761707       0.709169
            667         39.410         85.717       0.685041       0.709169
            668         47.612         87.969       0.648828       0.709169
            669         42.940         76.954       0.641852       0.709169
            670         12.626         86.060       0.872063       0.709169
            671          3.420         57.206       0.943585       0.709169
            672        -18.385         35.353       2.083498       0.718433
            673         18.364         29.998       0.620281       0.709169
            674         42.079        122.271       0.743969       0.709169
            675         30.636         79.127       0.720890       0.709169
            676         12.185         60.099       0.831425       0.709169
            677         47.476         87.493       0.648248       0.709169
            678         15.422         75.078       0.829593       0.709169
            679         39.851         54.068       0.575690       0.709169
            680         53.376         80.560       0.601480       0.709169
            681         40.182        106.762       0.726549       0.709169
            682         42.855         34.189       0.443759       0.709169
            683          1.449         85.105       0.983260       0.709169
            684         35.826         56.092       0.610237       0.709169
            685         36.985         88.043       0.704186       0.709169
            686         26.756        112.817       0.808301       0.709169
            687         42.590         69.878       0.621314       0.709169
            688         47.575         11.547       0.195311       0.718433
            689         27.722         61.281       0.688526       0.709169
            690         22.322         95.519       0.810574       0.709169
            691         32.289         36.144       0.528166       0.709169
            692         72.184         54.126       0.428519       0.709169
            693         21.590         36.117       0.625863       0.709169
            694         71.200         86.422       0.548288       0.709169
            695         47.976         63.120       0.568158       0.709169
            696          6.191        101.481       0.942498       0.709169
            697         21.211        113.460       0.842500       0.709169
            698         50.603         80.920       0.615254       0.709169
            699         41.684         45.427       0.521486       0.709169
            700         -1.010         49.434       1.020847       0.709169
            701         34.449         93.607       0.730987       0.709169
            702         20.685         50.213       0.708240       0.709169
            703         42.286         53.271       0.557475       0.709169
            704         22.145         72.108       0.765049       0.709169
            705          1.829         78.188       0.977146       0.709169
            706         24.587         97.580       0.798742       0.709169
            707         10.823         55.389       0.836547       0.709169
            708         37.488         48.558       0.564322       0.709169
            709          7.190         71.233       0.908320       0.709169
            710         12.678        122.157       0.905976       0.709169
            711         26.310         63.520       0.707118       0.709169
            712         10.350         48.112       0.822964       0.709169
            713         24.781         68.756       0.735068       0.709169
            714         43.577         60.454       0.581117       0.709169
            715         17.949         48.117       0.728322       0.709169
            716         13.931        121.535       0.897159       0.709169
            717         22.227         69.883       0.758692       0.709169
            718         31.435         59.706       0.655094       0.709169
            719         43.838         70.953       0.618105       0.709169
            720         19.750         77.985       0.797925       0.709169
            721         25.407         55.457       0.685809       0.709169
            722         28.605         38.987       0.576800       0.709169
            723         44.166        105.748       0.705390       0.709169
            724         43.681         88.031       0.668357       0.709169
            725         32.082         55.058       0.631831       0.709169
            726         32.358         72.805       0.692302       0.709169
            727         -3.871         81.358       1.049951       0.709169
            728         43.098         91.752       0.680400       0.709169
            729         25.045         60.679       0.707841       0.709169
            730         10.203         38.066       0.788615       0.709169
            731         30.909         48.892       0.612680       0.709169
            732         44.356         55.456       0.555606       0.709169
            733         43.803         78.826       0.642801       0.709169
            734         28.786         75.497       0.723961       0.709169
            735         34.593         84.592       0.709755       0.709169
            736         18.607         78.843       0.809061       0.709169
            737          7.125         80.350       0.918552       0.709169
            738          3.062         76.809       0.961660       0.709169
            739         44.774         44.717       0.499682       0.709169
            740         31.714        133.291       0.807802       0.709169
            741         38.340         65.240       0.629851       0.709169
            742         34.216         58.485       0.630898       0.709169
            743         47.060        101.450       0.683117       0.709169
            744         42.126         93.873       0.690251       0.709169
            745         27.303         68.717       0.715650       0.709169
            746         15.183         87.858       0.852649       0.709169
            747         20.400        130.967       0.865229       0.709169
            748        -12.211         73.581       1.198982       0.718433
            749         -1.116         79.617       1.014212       0.823249
            750         14.297         72.873       0.835992       0.823249
            751         16.551         56.681       0.773990       0.823249
            752         20.458         72.496       0.779908       0.823249
            753         17.186         75.898       0.815369       0.823249
            754         20.782         89.263       0.811150       0.823249
            755          1.544        151.970       0.989940       0.823249
            756          3.914         99.494       0.962147       0.823249
            757         19.685         82.183       0.806763       0.823249
            758         20.715        114.767       0.847099       0.823249
            759          1.049         77.543       0.986658       0.823249
            760         36.068         87.096       0.707153       0.823249
            761         15.738        109.960       0.874794       0.823249
            762         10.731         90.002       0.893470       0.823249
            763         11.001          7.497       0.405287       0.718433
            764         17.166         39.971       0.699562       0.709169
            765         38.459         78.212       0.670366       0.709169
            766         34.733         90.450       0.722544       0.709169
            767         18.343        105.930       0.852400       0.709169
            768         38.857         64.580       0.624341       0.709169
            769         30.335         26.725       0.468373       0.709169
            770         25.942         91.530       0.779163       0.709169
            771         20.508         58.885       0.741686       0.709169
            772          8.362         98.687       0.921882       0.709169
            773        -11.676         95.708       1.138943       0.718433
            774         39.192         86.490       0.688166       0.709169
            775         16.700         56.451       0.771706       0.709169
            776         24.624         66.597       0.730063       0.709169
            777         49.880         52.852       0.514468       0.709169
            778         16.502         56.072       0.772620       0.709169
            779          1.543         59.450       0.974697       0.709169
            780         40.657         76.739       0.653677       0.709169
            781         12.357         95.590       0.885528       0.709169
            782         53.827         42.503       0.441224       0.709169
            783         -4.034         78.163       1.054420       0.709169
            784         23.967         87.283       0.784564       0.709169
            785         26.993         90.949       0.771136       0.709169
            786         32.100         89.229       0.735434       0.709169
            787         63.228         30.937       0.328537       0.709169
            788         23.825         65.214       0.732417       0.709169
            789         26.043         65.265       0.714782       0.709169
            790         19.768         86.950       0.814768       0.709169
            791          9.153         70.660       0.885323       0.709169
            792         33.279        106.750       0.762339       0.709169
            793         19.269        113.638       0.855016       0.709169
            794         19.614         67.823       0.775675       0.709169
            795         14.650         68.139       0.823041       0.709169
            796         27.265         58.853       0.683402       0.709169
            797         18.542         35.230       0.655176       0.709169
            798         35.986         26.456       0.423690       0.709169
            799        -11.186         81.521       1.159035       0.718433
            800         23.981         60.385       0.715753       0.709169
            801         16.539        109.904       0.869199       0.709169
            802         36.001         33.266       0.480252       0.709169
            803         40.121         86.965       0.684298       0.709169
            804         25.762         42.328       0.621645       0.709169
            805         18.817         29.407       0.609798       0.709169
            806          7.397         60.486       0.891035       0.823249
            807         26.391         87.121       0.767504       0.823249
            808         -3.462        105.769       1.033837       0.823249
            809          9.566         84.672       0.898493       0.823249
            810          7.162         35.939       0.833822       0.823249
            811         35.327        115.642       0.765999       0.823249
            812         12.895        107.205       0.892629       0.823249
            813         33.108         38.411       0.537070       0.823249
            814         24.489         74.906       0.753617       0.823249
            815         20.199         87.058       0.811675       0.823249
            816         22.290         58.485       0.724044       0.823249
            817          4.659         43.191       0.902637       0.823249
            818          0.046         70.865       0.999351       0.823249
            819         26.109        123.580       0.825578       0.823249
            820         14.870         68.388       0.821396       0.823249
            821          3.933        100.269       0.962251       0.823249
            822         24.225         13.729       0.361723       0.718433
            823         40.846         68.301       0.625772       0.823249
            824         14.433         77.828       0.843563       0.823249
            825         19.912         91.561       0.821376       0.823249
            826         35.186         92.333       0.724074       0.823249
            827         10.872         61.161       0.849071       0.823249
            828         15.834         77.872       0.831022       0.823249
            829         18.581        114.146       0.860003       0.823249
            830          8.007        111.967       0.933258       0.823249
            831         11.115        113.245       0.910620       0.823249
            832         -3.902         99.749       1.040710       0.823249
            833          4.121         91.901       0.957081       0.823249
            834         15.512         74.259       0.827204       0.823249
            835         15.852         83.547       0.840525       0.823249
            836         19.793         69.844       0.779191       0.823249
            837          2.341         79.559       0.971411       0.823249
            838         42.293        111.532       0.725058       0.823249
            839         36.688        107.090       0.744829       0.823249
            840         -0.336         39.418       1.008596       0.823249
            841         -0.020         23.970       1.000831       0.823249
            842         30.221         68.026       0.692398       0.823249
            843         15.241        105.487       0.873760       0.823249
            844         18.968         66.472       0.777994       0.823249
            845         20.960        106.284       0.835278       0.823249
            846         27.992         83.916       0.749864       0.823249
            847         19.957         70.507       0.779393       0.823249
            848         16.502         52.662       0.761404       0.823249
            849         27.310         68.457       0.714827       0.823249
            850         22.823         95.987       0.807901       0.823249
            851          5.959         73.212       0.924736       0.823249
            852         46.664         25.341       0.351930       0.718433
            853          3.158         62.701       0.952053       0.709169
            854         26.820         86.471       0.763265       0.709169
            855        -14.265         91.582       1.184501       0.718433
            856         23.146        103.262       0.816892       0.709169
            857         39.925         93.260       0.700229       0.709169
            858         22.423         59.196       0.725268       0.709169
            859         21.900         59.451       0.730798       0.709169
            860         42.913         36.690       0.460916       0.709169
            861         28.427         66.696       0.701159       0.709169
            862          6.020         45.126       0.882301       0.709169
            863         18.206         71.996       0.798163       0.709169
            864         35.682        102.499       0.741772       0.709169
            865         13.530         41.382       0.753606       0.709169
            866         26.780        140.145       0.839569       0.709169
            867         31.992         90.510       0.738843       0.709169
            868         19.901         82.381       0.805429       0.709169
            869         18.030         -8.725      -0.937615       0.718433
            870         34.387         97.386       0.739042       0.823249
            871         15.088         85.979       0.850711       0.823249
            872          6.996         26.522       0.791273       0.823249
            873         18.856         67.207       0.780904       0.823249
            874         42.184         56.725       0.573507       0.823249
            875         35.137        121.477       0.775648       0.823249
            876         36.544         83.393       0.695303       0.823249
            877         36.777         80.691       0.686917       0.823249
            878         23.507         69.578       0.747465       0.823249
            879         17.690         67.371       0.792032       0.823249
            880         51.006         81.624       0.615429       0.823249
            881         24.223        134.347       0.847243       0.823249
            882         17.625         66.438       0.790332       0.823249
            883          1.253         57.163       0.978556       0.823249
            884         29.032         79.269       0.731930       0.823249
            885         25.536         81.142       0.760626       0.823249
            886         16.336         44.720       0.732442       0.823249
            887         13.752        111.228       0.889965       0.823249
            888         26.900        102.152       0.791555       0.823249
            889         32.185         99.160       0.754957       0.823249
            890         26.804        101.981       0.791869       0.823249
            891         31.095         60.651       0.661072       0.823249
            892         10.481        115.692       0.916934       0.823249
            893         -7.511         90.812       1.090165       0.823249
            894         19.643        101.177       0.837417       0.823249
            895         18.137         55.646       0.754190       0.823249
            896         31.396        112.866       0.782369       0.823249
            897         -2.316         82.710       1.028811       0.823249
            898         13.499         76.382       0.849811       0.823249
            899         24.836         45.462       0.646706       0.823249
            900         27.603         87.289       0.759746       0.823249
            901         28.486         83.891       0.746515       0.823249
            902         25.912         69.438       0.728242       0.823249
            903         35.976         84.635       0.701717       0.823249
            904         39.592         82.609       0.676011       0.823249
            905         29.260        132.095       0.818658       0.823249
            906         40.760         78.877       0.659305       0.823249
            907         30.632         57.518       0.652501       0.823249
            908         24.789         76.536       0.755350       0.823249
            909          0.213         94.721       0.997756       0.823249
            910         17.841         78.357       0.814536       0.823249
            911         11.753        142.596       0.923855       0.823249
            912         26.062        103.502       0.798850       0.823249
            913         38.481         26.195       0.405022       0.718433
            914         12.237        105.604       0.896157       0.709169
            915        -10.489         56.422       1.228351       0.718433
            916         27.938         42.105       0.601132       0.709169
            917         -0.707        100.720       1.007074       0.709169
            918         22.872         86.434       0.790755       0.709169
            919         23.050         79.958       0.776229       0.709169
            920         35.130        103.335       0.746289       0.709169
            921         21.969         64.736       0.746622       0.709169
            922         22.104         58.300       0.725091       0.709169
            923         26.347         49.796       0.653984       0.709169
            924         26.169         76.183       0.744321       0.709169
            925         37.201         57.316       0.606404       0.709169
            926         20.719        107.403       0.838288       0.709169
            927         27.834        132.913       0.826844       0.709169
            928         13.335         68.470       0.836987       0.709169
            929          7.605         39.199       0.837521       0.709169
            930         35.297         75.698       0.681998       0.709169
            931         18.516        115.278       0.861605       0.709169
            932         12.969         49.310       0.791758       0.709169
            933         42.381         46.614       0.523785       0.709169
            934         31.100        105.323       0.772035       0.709169
            935         -2.279         86.581       1.027030       0.709169
            936         10.654         40.737       0.792689       0.709169
            937         24.371         81.869       0.770606       0.709169
            938         11.900         58.931       0.831993       0.709169
            939         43.384         61.668       0.587024       0.709169
            940         24.189         47.895       0.664430       0.709169
            941         30.993         46.241       0.598716       0.709169
            942         -1.663         61.053       1.027995       0.709169
            943         33.604         60.294       0.642118       0.709169
            944         36.250         70.586       0.660698       0.709169
            945         44.880         85.034       0.654538       0.709169
            946         -2.542         59.015       1.045019       0.709169
            947         26.070         32.200       0.552595       0.709169
            948         42.475         62.794       0.596510       0.709169
            949         12.866         83.391       0.866339       0.709169
            950         36.418         61.761       0.629065       0.709169
            951         44.580         53.613       0.545993       0.709169
            952         54.672         82.968       0.602790       0.709169
            953         47.952         60.081       0.556135       0.709169
            954          1.377         53.080       0.974721       0.709169
            955         29.794         76.409       0.719459       0.709169
            956         12.121         92.066       0.883664       0.709169
            957         43.731         93.637       0.681649       0.709169
            958         53.790         76.259       0.586388       0.709169
            959         26.360         60.252       0.695650       0.709169
            960         19.890         85.438       0.811159       0.709169
            961         38.150         73.398       0.657992       0.709169
            962         50.458         39.982       0.442082       0.709169
            963         26.920         50.458       0.652097       0.709169
            964         18.681        114.254       0.859472       0.709169
            965         53.585         75.727       0.585615       0.709169
            966          9.419         54.686       0.853064       0.709169
            967          3.087         70.697       0.958159       0.709169
            968         51.125        109.070       0.680859       0.709169
            969         14.920         86.049       0.852234       0.709169
            970         48.479         87.734       0.644094       0.709169
            971         49.103         66.926       0.576802       0.709169
            972         50.977         64.886       0.560022       0.709169
            973         13.076         71.446       0.845298       0.709169
            974         21.418         54.636       0.718384       0.709169
            975         37.650         64.127       0.630075       0.709169
            976         46.434         99.862       0.682603       0.709169
            977         54.922         74.920       0.577009       0.709169
            978         49.154         73.813       0.600267       0.709169
            979         44.724        100.078       0.691135       0.709169
            980         18.801         69.924       0.788097       0.709169
            981         49.565        117.366       0.703079       0.709169
            982         52.283         70.878       0.575491       0.709169
            983         37.332         71.071       0.655621       0.709169
            984         13.887         40.488       0.744600       0.709169
            985         33.800         59.493       0.637700       0.709169
            986         33.434        111.219       0.768866       0.709169
            987         37.936         27.885       0.423648       0.709169
            988         23.244         48.939       0.677986       0.709169
            989         35.567         45.862       0.563215       0.709169
            990         42.564         60.617       0.587482       0.709169
            991         46.166         17.016       0.269313       0.718433
            992         51.371         71.663       0.582464       0.709169
            993          4.951         67.545       0.931711       0.709169
            994          4.270         34.909       0.891008       0.709169
            995         43.727         62.052       0.586617       0.709169
            996         12.306         87.798       0.877067       0.709169
            997         28.966         50.390       0.634984       0.709169
            998         20.931         44.217       0.678715       0.709169
            999         48.558         50.767       0.511119       0.709169
           1000         13.969         71.512       0.836585       0.709169
