              1         11.257         76.493       0.871712       0.695263
              2          5.781         84.852       0.936214       0.695263
              3          8.229         73.401       0.899190       0.695263
              4         26.813         56.671       0.678826       0.695263
              5         23.771         72.867       0.754021       0.695263
              6          8.430         69.979       0.892492       0.695263
              7         31.350        107.766       0.774651       0.695263
              8         29.298         84.897       0.743437       0.695263
              9         34.286         87.799       0.719162       0.695263
             10         57.417         78.807       0.578511       0.695263
             11         57.313        132.121       0.697450       0.695263
             12         27.395         34.823       0.559696       0.695263
             13         21.743         54.799       0.715935       0.695263
             14         50.801         73.019       0.589719       0.695263
             15         47.794         59.777       0.555699       0.695263
             16         31.829         80.004       0.715386       0.695263
             17         27.795         69.586       0.714578       0.695263
             18         22.643        105.221       0.822915       0.695263
             19         15.584         93.990       0.857777       0.695263
             20         76.098        112.085       0.595616       0.695263
             21         22.910         44.587       0.660577       0.695263
             22         42.331         52.453       0.553395       0.695263
             23         36.330          4.245       0.104616       0.758498
             24         21.876         71.540       0.765820       0.695263
             25         33.026         56.404       0.630705       0.695263
             26         42.889         61.830       0.590436       0.695263
             27         40.716         84.261       0.674213       0.695263
             28         38.358         63.792       0.624493       0.695263
             29         15.696         80.850       0.837427       0.695263
             30         20.877         58.509       0.737015       0.695263
             31         37.912         98.940       0.722973       0.695263
             32         31.868         79.574       0.714040       0.695263
             33         20.810         77.489       0.788295       0.695263
             34         24.115        107.366       0.816591       0.695263
             35        -20.731        104.422       1.247710       0.758498
             36         26.592         57.245       0.682812       0.695263
             37         28.868         88.028       0.753045       0.695263
             38         22.888         38.621       0.627892       0.695263
             39         15.890        101.337       0.864454       0.695263
             40         22.465         74.196       0.767586       0.695263
             41         32.958         87.470       0.726329       0.695263
             42         39.684         75.768       0.656272       0.695263
             43         27.538         86.831       0.759221       0.695263
             44         13.811         68.965       0.833150       0.695263
             45         45.236         75.718       0.626008       0.695263
             46         33.361         80.917       0.708070       0.695263
             47         40.664         53.404       0.567716       0.695263
             48         40.776         98.072       0.706326       0.695263
             49         27.330         87.516       0.762028       0.695263
             50         50.134         70.604       0.584772       0.695263
             51         24.627         63.882       0.721759       0.695263
             52         15.294        100.103       0.867463       0.695263
             53         47.267         79.642       0.627551       0.695263
             54         27.294         98.644       0.783276       0.695263
             55         37.410         35.782       0.488883       0.695263
             56         31.481         89.147       0.739022       0.695263
             57          9.707         69.032       0.876719       0.695263
             58         29.606        147.137       0.832493       0.695263
             59         21.983         80.820       0.786161       0.695263
             60         10.817         63.412       0.854277       0.695263
             61         20.809         76.795       0.786806       0.695263
             62         42.911         72.799       0.629151       0.695263
             63         52.286         98.256       0.652683       0.695263
             64         61.776         42.914       0.409917       0.695263
             65         34.672         77.679       0.691397       0.695263
             66         13.503         84.688       0.862482       0.695263
             67         53.222         64.935       0.549565       0.695263
             68         39.308         78.428       0.666133       0.695263
             69         18.245         88.066       0.828385       0.695263
             70         33.660         82.881       0.711175       0.695263
             71          9.409         56.651       0.857568       0.695263
             72         29.936         50.403       0.627375       0.695263
             73         40.674         95.136       0.700511       0.695263
             74         54.662         44.349       0.447921       0.695263
             75         32.236         67.773       0.677672       0.695263
             76         57.749         27.061       0.319077       0.695263
             77         32.911         73.331       0.690222       0.695263
             78         29.563         71.523       0.707546       0.695263
             79         34.012        104.661       0.754731       0.695263
             80         29.334         77.164       0.724556       0.695263
             81          9.546         33.482       0.778142       0.695263
             82         46.937        101.362       0.683499       0.695263
             83         19.311         31.162       0.617394       0.695263
             84         24.352         88.983       0.785132       0.695263
             85         13.034         48.848       0.789381       0.695263
             86         43.905         32.337       0.424134       0.695263
             87         38.213         55.195       0.590907       0.695263
             88         19.576         85.963       0.814512       0.695263
             89         11.131         91.816       0.891877       0.695263
             90         34.773         57.263       0.622178       0.695263
             91         38.015         55.847       0.594992       0.695263
             92         42.769         72.855       0.630100       0.695263
             93         46.912         50.723       0.519516       0.695263
             94         40.372         79.384       0.662880       0.695263
             95         43.721         94.783       0.684336       0.695263
             96         18.162        104.622       0.852082       0.695263
             97         38.366        108.562       0.738877       0.695263
             98         41.924        108.238       0.720808       0.695263
             99         35.126         83.653       0.704275       0.695263
            100         14.652         56.759       0.794819       0.695263
            101         33.293         65.324       0.662402       0.695263
            102         23.306         91.376       0.796780       0.695263
            103          0.506         37.165       0.986560       0.695263
            104         13.572         94.637       0.874579       0.695263
            105         46.010         31.756       0.408357       0.695263
            106         43.031         40.656       0.485811       0.695263
            107         25.778         77.369       0.750085       0.695263
            108         34.694         84.877       0.709848       0.695263
            109         36.850         67.510       0.646892       0.695263
            110         33.075         69.047       0.676124       0.695263
            111         32.794        105.534       0.762924       0.695263
            112         35.132        108.261       0.754994       0.695263
            113         23.742         37.295       0.611027       0.695263
            114         38.113         58.971       0.607421       0.695263
            115         28.606         68.826       0.706397       0.695263
            116         20.496         79.172       0.794356       0.695263
            117         27.660         41.459       0.599823       0.695263
            118         31.460        133.501       0.809290       0.695263
            119          1.742         72.107       0.976406       0.695263
            120         69.999         61.763       0.468748       0.695263
            121         21.041         32.571       0.607532       0.695263
            122         34.033         27.217       0.444361       0.695263
            123         17.513         26.573       0.602752       0.695263
            124         20.790         63.118       0.752230       0.695263
            125         21.084         63.875       0.751832       0.695263
            126         38.316         97.942       0.718799       0.695263
            127         37.898         54.478       0.589742       0.695263
            128         15.526         95.753       0.860477       0.695263
            129         39.623         67.015       0.628433       0.695263
            130         32.656         65.860       0.668521       0.695263
            131         25.845         61.629       0.704544       0.695263
            132         30.486         40.531       0.570723       0.695263
            133         22.858         67.095       0.745886       0.695263
            134         58.602        116.652       0.665618       0.695263
            135         19.697        104.714       0.841680       0.695263
            136         60.376         66.883       0.525567       0.695263
            137         39.748         52.684       0.569977       0.695263
            138         44.214         63.498       0.589515       0.695263
            139          6.099         53.954       0.898434       0.695263
            140         38.011         74.423       0.661927       0.695263
            141         10.790         87.724       0.890477       0.695263
            142         41.958        108.351       0.720856       0.695263
            143         35.467         78.619       0.689122       0.695263
            144         36.880         89.606       0.708426       0.695263
            145         33.680         42.082       0.555454       0.695263
            146         42.072         49.731       0.541714       0.695263
            147         69.394         61.453       0.469654       0.695263
            148         40.843         41.985       0.506895       0.695263
            149         26.755        110.635       0.805264       0.695263
            150         27.375         40.080       0.594170       0.695263
            151         52.077         89.549       0.632291       0.695263
            152         40.981         53.431       0.565938       0.695263
            153         73.678        100.222       0.576321       0.695263
            154         34.857         57.678       0.623311       0.695263
            155         21.873        101.648       0.822918       0.695263
            156          7.842         78.840       0.909536       0.695263
            157        -11.870         50.573       1.306707       0.758498
            158          0.680         77.789       0.991329       0.695263
            159         25.299         85.298       0.771252       0.695263
            160         40.287         38.025       0.485559       0.695263
            161         32.156         52.368       0.619561       0.695263
            162         52.117         75.504       0.591628       0.695263
            163         33.691         66.006       0.662069       0.695263
            164         36.653         77.780       0.679698       0.695263
            165         59.267         53.831       0.475967       0.695263
            166         57.001         78.172       0.578311       0.695263
            167         11.007        121.948       0.917213       0.695263
            168         14.459         84.877       0.854441       0.695263
            169         20.748         71.919       0.776103       0.695263
            170         38.313         46.745       0.549567       0.695263
            171         34.064         22.667       0.399561       0.695263
            172         38.353        102.083       0.726902       0.695263
            173         37.842         42.871       0.531156       0.695263
            174         45.296         51.949       0.534211       0.695263
            175         31.794         74.805       0.701740       0.695263
            176         33.016         67.996       0.673148       0.695263
            177         41.319         80.746       0.661499       0.695263
            178          3.470         78.081       0.957452       0.695263
            179         43.217         67.493       0.609641       0.695263
            180         23.673         82.514       0.777067       0.695263
            181         47.396         80.052       0.628117       0.695263
            182         43.550         55.462       0.560151       0.695263
            183         48.192         94.092       0.661300       0.695263
            184         37.778         61.454       0.619295       0.695263
            185         32.797        103.373       0.759148       0.695263
            186         10.111         60.208       0.856213       0.695263
            187         33.058         43.727       0.569474       0.695263
            188         29.062        100.067       0.774941       0.695263
            189         37.618         86.991       0.698112       0.695263
            190         15.481         55.493       0.781880       0.695263
            191         48.901         50.354       0.507323       0.695263
            192         45.556         92.386       0.669747       0.695263
            193         16.655         64.065       0.793671       0.695263
            194         40.290         49.361       0.550592       0.695263
            195         26.725         74.574       0.736174       0.695263
            196         39.483          9.994       0.201998       0.758498
            197         35.247        123.426       0.777862       0.792830
            198         28.391         76.263       0.728711       0.792830
            199         27.563        101.881       0.787064       0.792830
            200         45.810         82.427       0.642770       0.792830
            201         32.982         39.910       0.547518       0.792830
            202         38.543        127.648       0.768081       0.792830
            203          0.394         64.836       0.993963       0.792830
            204         33.161         78.162       0.702122       0.792830
            205         35.179         78.175       0.689651       0.792830
            206         22.507         59.178       0.724466       0.792830
            207         41.533         68.897       0.623898       0.792830
            208         25.045         81.766       0.765520       0.792830
            209         23.703         76.021       0.762316       0.792830
            210         17.759         84.563       0.826439       0.792830
            211         21.534         86.301       0.800304       0.792830
            212         -2.466         87.346       1.029053       0.792830
            213         15.395         96.905       0.862912       0.792830
            214          9.464         51.183       0.843949       0.792830
            215         21.459         97.390       0.819443       0.792830
            216         12.900         65.989       0.836480       0.792830
            217         -2.203        146.547       1.015261       0.792830
            218         33.929         49.014       0.590934       0.792830
            219         24.526        114.744       0.823895       0.792830
            220         43.775         66.170       0.601847       0.792830
            221         23.322         55.852       0.705438       0.792830
            222         22.200         78.313       0.779135       0.792830
            223         23.084        123.975       0.843028       0.792830
            224         14.709         36.224       0.711207       0.792830
            225         18.902         71.395       0.790668       0.792830
            226         12.981        138.595       0.914362       0.792830
            227         30.023         80.595       0.728589       0.792830
            228         25.460         80.708       0.760196       0.792830
            229          5.283        101.082       0.950332       0.792830
            230         23.230         75.319       0.764280       0.792830
            231         15.554         45.555       0.745468       0.792830
            232          6.852         73.499       0.914720       0.792830
            233         21.111         39.129       0.649554       0.792830
            234          4.942         92.658       0.949364       0.792830
            235          6.443          3.708       0.365301       0.792830
            236         31.162         48.447       0.608565       0.792830
            237         22.659        118.409       0.839375       0.792830
            238         30.530         59.332       0.660256       0.792830
            239         35.749         85.885       0.706097       0.792830
            240         17.909        105.728       0.855147       0.792830
            241         23.689         76.089       0.762582       0.792830
            242         44.099        113.077       0.719432       0.792830
            243         23.130         79.422       0.774452       0.792830
            244         11.413         46.235       0.802025       0.792830
            245         45.749        119.139       0.722544       0.792830
            246         23.985         84.026       0.777938       0.792830
            247         34.768         76.751       0.688230       0.792830
            248         17.298        105.505       0.859138       0.792830
            249         22.231         89.487       0.801008       0.792830
            250          6.208         40.525       0.867157       0.792830
            251         29.587         69.273       0.700719       0.792830
            252         33.357         71.577       0.682117       0.792830
            253         17.280         66.535       0.793828       0.792830
            254          5.876         59.606       0.910258       0.792830
            255         37.758         61.381       0.619139       0.792830
            256          6.668        118.171       0.946588       0.792830
            257         14.259        128.486       0.900111       0.792830
            258         14.524         93.944       0.866101       0.792830
            259         18.727         84.134       0.817941       0.792830
            260         16.246        113.136       0.874436       0.792830
            261         39.386         95.566       0.708148       0.792830
            262         31.473        103.293       0.766459       0.792830
            263         30.897        126.263       0.803404       0.792830
            264         24.488         79.223       0.763878       0.792830
            265         28.702         98.511       0.774379       0.792830
            266         23.978         60.323       0.715568       0.792830
            267         30.698         79.856       0.722324       0.792830
            268         18.228         62.505       0.774221       0.792830
            269         10.858         64.857       0.856594       0.792830
            270         45.585        105.191       0.697664       0.792830
            271         19.063         51.418       0.729531       0.792830
            272         10.681         97.640       0.901396       0.792830
            273         28.560         53.156       0.650494       0.792830
            274          1.993         69.319       0.972059       0.792830
            275          6.513         36.664       0.849151       0.792830
            276         14.889        107.405       0.878249       0.792830
            277         33.448         89.364       0.727649       0.792830
            278        -12.004         59.616       1.252113       0.792830
            279          4.300         62.066       0.935212       0.792830
            280         26.823         93.414       0.776917       0.792830
            281         41.267         46.333       0.528917       0.792830
            282         30.242         94.070       0.756722       0.792830
            283         22.295         70.711       0.760282       0.792830
            284         12.189         72.100       0.855390       0.792830
            285         20.912        128.327       0.859877       0.792830
            286         15.944         85.554       0.842915       0.792830
            287          9.224         72.821       0.887571       0.792830
            288         39.723        107.686       0.730527       0.792830
            289         11.583         39.402       0.772821       0.792830
            290         42.367         79.725       0.652992       0.792830
            291          7.532         84.039       0.917744       0.792830
            292          1.279         87.697       0.985622       0.792830
            293         12.138         65.995       0.844650       0.792830
            294         33.386         83.933       0.715427       0.792830
            295         26.280         41.575       0.612704       0.792830
            296         20.111         39.401       0.662065       0.792830
            297         12.225         37.083       0.752068       0.792830
            298        -10.613        114.587       1.102071       0.792830
            299         30.719         73.795       0.706076       0.792830
            300         24.916         58.942       0.702876       0.792830
            301         47.063         90.536       0.657968       0.792830
            302          2.186         69.667       0.969577       0.792830
            303         56.524        101.674       0.642700       0.792830
            304         42.393         62.235       0.594821       0.792830
            305         26.738        105.830       0.798309       0.792830
            306         29.157         50.589       0.634372       0.792830
            307         50.622         43.552       0.462464       0.792830
            308         -0.788         67.600       1.011791       0.792830
            309         11.068         80.296       0.878855       0.792830
            310        -11.145         52.382       1.270269       0.758498
            311         46.052         64.980       0.585240       0.695263
            312         46.774         47.500       0.503849       0.695263
            313         19.269         61.271       0.760748       0.695263
            314         22.111         13.948       0.386813       0.695263
            315         30.623         82.290       0.728790       0.695263
            316          6.623         60.407       0.901198       0.695263
            317         33.896        117.696       0.776400       0.695263
            318         11.971         71.526       0.856634       0.695263
            319         31.844         62.807       0.663566       0.695263
            320         20.174         68.902       0.773522       0.695263
            321         22.179          6.505       0.226778       0.758498
            322         48.518         62.313       0.562236       0.695263
            323         31.349         46.539       0.597511       0.695263
            324         19.638         53.851       0.732778       0.695263
            325          7.648         69.466       0.900822       0.695263
            326         31.783         85.306       0.728556       0.695263
            327         48.352         66.425       0.578731       0.695263
            328          2.287         93.061       0.976016       0.695263
            329         47.386         88.408       0.651047       0.695263
            330         36.410         46.722       0.562018       0.695263
            331         56.742         36.579       0.391974       0.695263
            332         32.853         79.887       0.708592       0.695263
            333         12.699         73.726       0.853063       0.695263
            334         27.413         71.267       0.722202       0.695263
            335         47.685         68.590       0.589893       0.695263
            336         30.050         88.764       0.747087       0.695263
            337         13.108         47.652       0.784265       0.695263
            338         33.972         55.581       0.620648       0.695263
            339         37.809         56.824       0.600467       0.695263
            340         50.837         92.063       0.644249       0.695263
            341          3.996         64.668       0.941801       0.695263
            342         22.737         47.391       0.675774       0.695263
            343         31.043         60.278       0.660063       0.695263
            344         14.718         64.216       0.813540       0.695263
            345         52.916         90.549       0.631159       0.695263
            346         17.941         22.351       0.554721       0.695263
            347         27.253         43.927       0.617122       0.695263
            348         24.868         93.016       0.789044       0.695263
            349         62.842         84.333       0.573013       0.695263
            350         29.987         39.781       0.570193       0.695263
            351         46.223         72.848       0.611802       0.695263
            352         53.919         49.673       0.479507       0.695263
            353         18.902         20.762       0.523448       0.695263
            354         37.627         33.357       0.469918       0.695263
            355          1.924         59.540       0.968703       0.695263
            356         24.695         23.602       0.488685       0.695263
            357         12.084         97.403       0.889628       0.695263
            358         55.397         71.569       0.563686       0.695263
            359         15.364         89.342       0.853262       0.695263
            360         41.885         49.458       0.541455       0.695263
            361         36.222         57.259       0.612519       0.695263
            362         48.434         67.682       0.582880       0.695263
            363         25.078         52.758       0.677808       0.695263
            364         -2.962         71.026       1.043520       0.695263
            365         45.425         72.247       0.613972       0.695263
            366         20.820        109.848       0.840663       0.695263
            367         26.955         29.997       0.526709       0.695263
            368         47.248         41.602       0.468229       0.695263
            369         29.975         54.770       0.646289       0.695263
            370         52.071         70.193       0.574112       0.695263
            371         -0.491         80.088       1.006167       0.695263
            372         17.346         61.083       0.778833       0.695263
            373         28.708         95.978       0.769760       0.695263
            374         24.940         49.194       0.663579       0.695263
            375          5.949         96.658       0.942025       0.695263
            376         25.738         58.928       0.696008       0.695263
            377         38.235         85.984       0.692197       0.695263
            378         19.610         94.455       0.828077       0.695263
            379         32.790         32.576       0.498364       0.695263
            380         26.405         64.507       0.709554       0.695263
            381         35.108         83.273       0.703435       0.695263
            382         36.761        102.174       0.735411       0.695263
            383         24.051         45.088       0.652133       0.695263
            384         11.596         52.691       0.819624       0.695263
            385          4.759        104.658       0.956505       0.695263
            386         25.187        125.180       0.832496       0.695263
            387         46.696         63.285       0.575417       0.695263
            388        -13.696         27.188       2.015124       0.758498
            389         35.712         84.361       0.702583       0.695263
            390         40.196         22.725       0.361168       0.695263
            391         70.521         52.631       0.427367       0.695263
            392         37.937         63.659       0.626585       0.695263
            393         30.721         64.443       0.677180       0.695263
            394         13.933         79.815       0.851382       0.695263
            395         24.227         79.014       0.765334       0.695263
            396         31.922         42.911       0.573423       0.695263
            397         27.804         60.445       0.684938       0.695263
            398         14.422         23.715       0.621839       0.695263
            399         30.073         91.492       0.752618       0.695263
            400         29.321         72.429       0.711835       0.695263
            401         33.549        106.501       0.760449       0.695263
            402         31.866         28.841       0.475084       0.695263
            403         12.974         74.262       0.851272       0.695263
            404         24.482         59.967       0.710093       0.695263
            405         21.668         93.308       0.811542       0.695263
            406         17.289         97.462       0.849339       0.695263
            407         17.866         41.734       0.700237       0.695263
            408         19.626         64.838       0.767644       0.695263
            409         33.551         83.836       0.714186       0.695263
            410         24.565         55.302       0.692429       0.695263
            411         29.329         87.962       0.749948       0.695263
            412         17.451         55.690       0.761409       0.695263
            413         16.612         28.481       0.631600       0.695263
            414         59.577         89.859       0.601323       0.695263
            415         35.776         97.874       0.732317       0.695263
            416         57.223         22.846       0.285331       0.695263
            417         28.872         26.206       0.475797       0.695263
            418         36.090         92.364       0.719042       0.695263
            419         25.904         53.540       0.673935       0.695263
            420          6.669         88.529       0.929944       0.695263
            421         17.905         60.954       0.772947       0.695263
            422         23.697         49.409       0.675859       0.695263
            423         10.368         64.553       0.861610       0.695263
            424         -2.232         51.517       1.045282       0.695263
            425         24.045         84.583       0.778651       0.695263
            426         52.253         52.521       0.501278       0.695263
            427         28.157         65.201       0.698400       0.695263
            428         20.954         86.998       0.805893       0.695263
            429         53.185         45.121       0.458987       0.695263
            430         50.016        108.079       0.683634       0.695263
            431         56.146         15.611       0.217554       0.758498
            432         32.347         40.714       0.557256       0.695263
            433         40.286         73.541       0.646075       0.695263
            434         33.860         88.126       0.722430       0.695263
            435         59.721         76.857       0.562732       0.695263
            436         42.824         87.384       0.671109       0.695263
            437         33.604         25.258       0.429105       0.695263
            438         67.235         65.445       0.493256       0.695263
            439         35.095         96.091       0.732482       0.695263
            440         31.294        100.579       0.762695       0.695263
            441         12.780         98.334       0.884986       0.695263
            442         26.253         46.728       0.640283       0.695263
            443         56.683        103.567       0.646286       0.695263
            444         18.960         66.414       0.777913       0.695263
            445         50.764         71.620       0.585206       0.695263
            446         30.123         60.169       0.666381       0.695263
            447         -9.800         80.769       1.138087       0.758498
            448         31.050         74.881       0.706887       0.695263
            449         44.106         76.826       0.635282       0.695263
            450         57.518         84.390       0.594681       0.695263
            451         21.804         75.003       0.774770       0.695263
            452         38.245         57.285       0.599652       0.695263
            453          9.255         41.782       0.818658       0.695263
            454          1.608         52.898       0.970502       0.695263
            455         20.037         94.958       0.825760       0.695263
            456         29.990        101.687       0.772245       0.695263
            457         35.912         95.590       0.726909       0.695263
            458         67.476         73.972       0.522961       0.695263
            459         65.765         87.786       0.571705       0.695263
            460         13.865        100.896       0.879181       0.695263
            461         44.743         55.361       0.553035       0.695263
            462          8.132         45.165       0.847425       0.695263
            463         46.876        119.542       0.718325       0.695263
            464         41.307         49.718       0.546202       0.695263
            465         40.957         85.798       0.676882       0.695263
            466         33.619         72.883       0.684331       0.695263
            467         55.205         92.515       0.626288       0.695263
            468         37.270         83.195       0.690617       0.695263
            469         39.597         56.541       0.588122       0.695263
            470         29.614        112.731       0.791957       0.695263
            471         35.583         40.769       0.533958       0.695263
            472         23.726         64.712       0.731722       0.695263
            473         32.625         76.161       0.700097       0.695263
            474         38.475         63.258       0.621803       0.695263
            475         55.995         83.786       0.599406       0.695263
            476         45.333         61.360       0.575110       0.695263
            477         -2.796         43.130       1.069323       0.695263
            478         29.547         86.257       0.744853       0.695263
            479         20.597        116.275       0.849518       0.695263
            480         38.766         83.572       0.683126       0.695263
            481         38.673         63.442       0.621280       0.695263
            482         44.959         75.771       0.627608       0.695263
            483         33.929         87.581       0.720770       0.695263
            484         -3.963         85.601       1.048541       0.695263
            485         38.175         72.949       0.656462       0.695263
            486         26.488         93.669       0.779558       0.695263
            487         51.328         48.948       0.488130       0.695263
            488         35.013         36.106       0.507679       0.695263
            489          9.659         46.146       0.826911       0.695263
            490         29.069         78.594       0.730003       0.695263
            491         35.611         78.628       0.688276       0.695263
            492         19.750         80.464       0.802923       0.695263
            493         14.540         33.674       0.698434       0.695263
            494         16.184        133.579       0.891934       0.695263
            495         50.173         88.406       0.637946       0.695263
            496         18.641         77.878       0.806863       0.695263
            497         45.677         91.863       0.667901       0.695263
            498         24.563         89.561       0.784772       0.695263
            499         38.292         62.868       0.621472       0.695263
            500         32.553         73.083       0.691837       0.695263
            501         33.970         45.287       0.571396       0.695263
            502         46.309         83.471       0.643174       0.695263
            503         11.192         35.156       0.758517       0.695263
            504         19.998          9.853       0.330081       0.695263
            505         16.624         22.645       0.576661       0.695263
            506         19.957         67.258       0.771173       0.695263
            507         17.729         59.878       0.771555       0.695263
            508         56.871         67.914       0.544247       0.695263
            509         53.891         59.099       0.523045       0.695263
            510         25.257        100.407       0.799012       0.695263
            511         46.379         78.191       0.627685       0.695263
            512         -9.328         62.160       1.176551       0.758498
            513         -4.868         98.461       1.052014       0.695263
            514         19.541         99.755       0.836200       0.695263
            515         13.386        117.720       0.897902       0.695263
            516         27.648         62.632       0.693749       0.695263
            517         64.033         43.323       0.403546       0.695263
            518          2.588         57.971       0.957272       0.695263
            519         17.582         66.064       0.789804       0.695263
            520          8.065         87.443       0.915554       0.695263
            521         55.019         78.112       0.586731       0.695263
            522         48.205         98.223       0.670792       0.695263
            523         33.410        114.978       0.774849       0.695263
            524         58.889        100.321       0.630116       0.695263
            525         14.877         51.876       0.777139       0.695263
            526          9.111         57.721       0.863669       0.695263
            527         30.853         50.006       0.618439       0.695263
            528         41.699        -17.004      -0.688566       0.758498
            529         26.513         80.831       0.753006       0.792830
            530         53.657         95.031       0.639128       0.792830
            531         38.893        105.018       0.729743       0.792830
            532         63.113         86.873       0.579207       0.792830
            533         12.281         97.582       0.888219       0.792830
            534         13.656         52.139       0.792443       0.792830
            535         35.363         41.207       0.538160       0.792830
            536         33.197         60.833       0.646953       0.792830
            537         25.310         50.672       0.666890       0.792830
            538         41.146         81.044       0.663262       0.792830
            539         -4.710         66.701       1.075979       0.792830
            540         28.708         75.429       0.724328       0.792830
            541         41.246         72.219       0.636487       0.792830
            542         -7.891         86.313       1.100619       0.792830
            543         14.160         91.868       0.866452       0.792830
            544         28.585        126.742       0.815968       0.792830
            545         11.202         57.942       0.837997       0.792830
            546         39.529         80.845       0.671612       0.792830
            547         36.335        110.858       0.753148       0.792830
            548         17.081         70.827       0.805692       0.792830
            549         16.567        118.059       0.876940       0.792830
            550         -9.132        101.902       1.098431       0.792830
            551         26.856        118.242       0.814909       0.792830
            552         27.576         97.138       0.778889       0.792830
            553         11.548         63.323       0.845757       0.792830
            554         -9.063         93.914       1.106817       0.792830
            555         37.156         76.059       0.671814       0.792830
            556         42.108         47.821       0.531764       0.792830
            557         24.312         86.100       0.779804       0.792830
            558         14.431         77.580       0.843161       0.792830
            559         20.922        104.115       0.832674       0.792830
            560         10.315         91.146       0.898339       0.792830
            561         15.321         69.365       0.819084       0.792830
            562         29.320         64.080       0.686078       0.792830
            563         30.589         26.680       0.465873       0.792830
            564         11.358         56.035       0.831465       0.792830
            565         23.717         52.528       0.688935       0.792830
            566         11.854         76.014       0.865095       0.792830
            567         25.760         95.485       0.787535       0.792830
            568         -7.266         73.775       1.109251       0.792830
            569         50.339         75.285       0.599289       0.792830
            570         36.780         67.707       0.647991       0.792830
            571         -3.281         93.882       1.036216       0.792830
            572         24.869         54.771       0.687735       0.792830
            573         35.041         93.997       0.728443       0.792830
            574         24.498        149.054       0.858845       0.792830
            575          9.840         92.151       0.903518       0.792830
            576         47.198         89.783       0.655440       0.792830
            577         32.537        120.779       0.787777       0.792830
            578        -14.242        105.190       1.156601       0.792830
            579         15.981         55.648       0.776895       0.792830
            580         -7.046         85.162       1.090200       0.792830
            581         16.681         83.156       0.832916       0.792830
            582          8.558         94.053       0.916597       0.792830
            583          8.178         70.266       0.895747       0.792830
            584         29.030         58.744       0.669266       0.792830
            585         32.883         97.323       0.747454       0.792830
            586         18.550        103.922       0.848539       0.792830
            587         -3.931         78.074       1.053026       0.792830
            588         22.063         68.977       0.757657       0.792830
            589         -0.078        113.038       1.000691       0.792830
            590         -4.453        112.091       1.041366       0.792830
            591         28.174        104.268       0.787269       0.792830
            592         11.606         78.035       0.870533       0.792830
            593         15.066         38.922       0.720929       0.792830
            594         20.799        106.686       0.836854       0.792830
            595         18.431         71.708       0.795525       0.792830
            596         13.966         10.843       0.437048       0.792830
            597          7.750         97.120       0.926099       0.792830
            598         20.737        112.625       0.844505       0.792830
            599          6.663        107.402       0.941586       0.792830
            600          1.451        102.727       0.986071       0.792830
            601         35.350        105.657       0.749302       0.792830
            602         29.122         56.256       0.658903       0.792830
            603          2.751         51.286       0.949098       0.792830
            604         13.390         81.114       0.858315       0.792830
            605         30.486         40.262       0.569092       0.792830
            606         14.164         72.609       0.836770       0.792830
            607         24.389         40.890       0.626394       0.792830
            608         12.586        105.815       0.893700       0.792830
            609          8.953         82.810       0.902431       0.792830
            610         37.738        114.613       0.752296       0.792830
            611         23.722         93.717       0.798003       0.792830
            612         33.602        106.319       0.759853       0.792830
            613         25.370         74.180       0.745152       0.792830
            614        -18.344         98.034       1.230200       0.792830
            615         23.647         71.518       0.751511       0.792830
            616         20.706         71.521       0.775488       0.792830
            617         44.048         63.942       0.592110       0.792830
            618         15.152         72.221       0.826581       0.792830
            619         27.942         42.009       0.600551       0.792830
            620         36.249         68.880       0.655197       0.792830
            621         -4.779         48.279       1.109862       0.792830
            622         15.784         91.303       0.852605       0.792830
            623         -0.346         66.941       1.005192       0.792830
            624         15.999         71.235       0.816601       0.792830
            625         30.046        119.008       0.798421       0.792830
            626         26.672         72.400       0.730780       0.792830
            627         29.319         53.929       0.647814       0.792830
            628         18.902         43.307       0.696154       0.792830
            629         36.979         78.226       0.679014       0.792830
            630         11.981         79.351       0.868817       0.792830
            631         18.438         97.210       0.840566       0.792830
            632         -1.403        112.846       1.012592       0.792830
            633         -4.563         55.278       1.089980       0.792830
            634         25.578         87.824       0.774446       0.792830
            635         19.763        129.378       0.867485       0.792830
            636         30.249         39.146       0.564101       0.792830
            637         17.472         55.777       0.761475       0.792830
            638         25.986         71.129       0.732422       0.792830
            639         43.432         49.545       0.532877       0.792830
            640         15.857         88.206       0.847619       0.792830
            641         38.269         76.373       0.666185       0.792830
            642         21.198         17.079       0.446189       0.792830
            643         31.117         77.556       0.713665       0.792830
            644         41.778         87.475       0.676775       0.792830
            645         15.215         47.945       0.759110       0.792830
            646         -4.673         90.492       1.054457       0.792830
            647         15.052         84.287       0.848482       0.792830
            648         10.757        101.171       0.903893       0.792830
            649         39.013         92.286       0.702867       0.792830
            650         34.860         90.724       0.722419       0.792830
            651         20.451        133.965       0.867557       0.792830
            652         10.637         79.692       0.882238       0.792830
            653         43.524        103.070       0.703098       0.792830
            654         16.819         96.362       0.851401       0.792830
            655         16.571         29.894       0.643365       0.792830
            656         13.033         47.815       0.785809       0.792830
            657         18.651         47.325       0.717313       0.792830
            658         25.720         90.212       0.778145       0.792830
            659         10.814         77.835       0.878014       0.792830
            660         10.954         94.530       0.896153       0.792830
            661         30.870         44.360       0.589659       0.792830
            662          5.179         52.546       0.910280       0.792830
            663          5.495        105.767       0.950610       0.792830
            664          8.006        136.648       0.944656       0.792830
            665         24.651         85.217       0.775634       0.792830
            666          7.029         34.872       0.832251       0.792830
            667         21.764        120.290       0.846791       0.792830
            668         26.846         73.198       0.731661       0.792830
            669         39.928         96.382       0.707080       0.792830
            670         29.689        103.428       0.776968       0.792830
            671         26.644         98.982       0.787911       0.792830
            672         21.170         88.531       0.807018       0.792830
            673         14.808         69.832       0.825050       0.792830
            674         20.687        111.210       0.843159       0.792830
            675         32.168         74.151       0.697436       0.792830
            676         33.247         58.564       0.637873       0.792830
            677         23.014         32.047       0.582019       0.792830
            678         38.034         84.347       0.689216       0.792830
            679          9.272         88.465       0.905136       0.792830
            680         22.154         80.321       0.783814       0.792830
            681         31.049         78.840       0.717456       0.792830
            682          5.835         98.003       0.943807       0.792830
            683         15.170        113.430       0.882036       0.792830
            684         24.249        130.758       0.843564       0.792830
            685         54.074         58.221       0.518467       0.792830
            686         50.157         78.890       0.611326       0.792830
            687         23.464         87.159       0.787893       0.792830
            688         39.591         70.669       0.640932       0.792830
            689         16.692         51.310       0.754531       0.792830
            690         36.496         99.781       0.732192       0.792830
            691         14.602        111.576       0.884276       0.792830
            692          2.692         71.940       0.963934       0.792830
            693          6.350         87.054       0.932019       0.792830
            694         42.615         26.409       0.382607       0.792830
            695         25.979         37.419       0.590224       0.792830
            696         51.456         97.166       0.653781       0.792830
            697         29.688         75.059       0.716571       0.792830
            698         27.795        103.755       0.788712       0.792830
            699         26.563         61.869       0.699624       0.792830
            700          7.992         62.762       0.887044       0.792830
            701         16.546         68.186       0.804727       0.792830
            702         10.381         54.300       0.839506       0.792830
            703         -4.712         42.865       1.123498       0.758498
            704         27.798         87.671       0.759260       0.695263
            705         43.269         34.175       0.441289       0.695263
            706         39.321         71.742       0.645959       0.695263
            707         28.878         25.971       0.473507       0.695263
            708         15.235         66.906       0.814528       0.695263
            709         38.219         61.779       0.617804       0.695263
            710         30.615         53.770       0.637200       0.695263
            711         15.777         96.821       0.859884       0.695263
            712         13.303         57.697       0.812634       0.695263
            713         22.871         81.003       0.779818       0.695263
            714         18.424         63.073       0.773925       0.695263
            715         24.629         50.688       0.673000       0.695263
            716         29.704        117.060       0.797607       0.695263
            717         28.035         39.609       0.585548       0.695263
            718          7.229         82.265       0.919220       0.695263
            719         37.076         27.674       0.427394       0.695263
            720         24.163         35.313       0.593738       0.695263
            721         10.023         97.494       0.906776       0.695263
            722         35.627         49.870       0.583296       0.695263
            723          0.661         70.222       0.990681       0.695263
            724         -4.568         56.805       1.087442       0.695263
            725         39.315         81.838       0.675491       0.695263
            726         56.516         83.783       0.597174       0.695263
            727         57.277         62.075       0.520100       0.695263
            728         38.621         74.337       0.658092       0.695263
            729         46.459         77.296       0.624590       0.695263
            730         24.416         80.344       0.766933       0.695263
            731         47.394         43.476       0.478440       0.695263
            732         52.513         63.630       0.547861       0.695263
            733         44.801         67.235       0.600123       0.695263
            734         17.176         40.446       0.701918       0.695263
            735         39.327        116.763       0.748050       0.695263
            736         25.348         60.274       0.703953       0.695263
            737         27.385         85.930       0.758330       0.695263
            738         22.756         30.348       0.571480       0.695263
            739         23.815         93.389       0.796810       0.695263
            740         36.834         86.007       0.700150       0.695263
            741         40.011         71.938       0.642597       0.695263
            742         41.414        104.393       0.715967       0.695263
            743         27.328         68.951       0.716155       0.695263
            744          6.402         97.035       0.938107       0.695263
            745         -4.697         77.396       1.064604       0.758498
            746         46.636         15.588       0.250520       0.758498
            747          8.167         32.353       0.798440       0.792830
            748         13.736         71.003       0.837904       0.792830
            749         58.377         42.988       0.424088       0.792830
            750          1.559         22.387       0.934902       0.792830
            751         -1.339         52.347       1.026253       0.792830
            752         53.758        110.878       0.673474       0.792830
            753         28.262         91.109       0.763241       0.792830
            754         12.843        124.633       0.906580       0.792830
            755         23.175         94.378       0.802858       0.792830
            756         25.048         98.087       0.796581       0.792830
            757         41.522         77.506       0.651159       0.792830
            758         15.994         50.512       0.759513       0.792830
            759         16.798         36.805       0.686621       0.792830
            760         19.722         76.592       0.795231       0.792830
            761          0.128         55.968       0.997709       0.792830
            762         33.904        129.973       0.793112       0.792830
            763          9.851         45.236       0.821174       0.792830
            764         16.625         66.305       0.799530       0.792830
            765         24.939         92.028       0.786789       0.792830
            766         28.077         32.406       0.535787       0.792830
            767         31.448         61.431       0.661406       0.792830
            768         36.139         72.478       0.667276       0.792830
            769         -4.362        108.907       1.041722       0.792830
            770         21.409        105.040       0.830689       0.792830
            771          9.666         65.112       0.870734       0.792830
            772          2.177         91.128       0.976665       0.792830
            773         21.544         43.234       0.667413       0.792830
            774          3.037         71.667       0.959352       0.792830
            775         10.188        108.641       0.914263       0.792830
            776          2.682         84.456       0.969220       0.792830
            777         34.814        111.010       0.761260       0.792830
            778         26.687         98.926       0.787544       0.792830
            779         21.606         63.723       0.746791       0.792830
            780         33.337        114.458       0.774437       0.792830
            781         13.992          7.479       0.348323       0.792830
            782         34.164        141.810       0.805858       0.792830
            783         21.547        126.538       0.854497       0.792830
            784         38.307         32.264       0.457191       0.792830
            785         27.137         69.127       0.718096       0.792830
            786         30.448         77.831       0.718800       0.792830
            787         33.592         90.486       0.729267       0.792830
            788         36.190         92.133       0.717978       0.792830
            789         11.718         76.771       0.867576       0.792830
            790          4.692         83.991       0.947090       0.792830
            791         27.118         99.219       0.785353       0.792830
            792          3.482        116.477       0.970972       0.792830
            793         25.081         58.772       0.700897       0.792830
            794         52.161         94.850       0.645188       0.792830
            795         11.718         99.379       0.894527       0.792830
            796         38.303         71.733       0.651902       0.792830
            797         12.880         65.691       0.836068       0.792830
            798         37.991         69.348       0.646064       0.792830
            799         10.543         75.858       0.877975       0.792830
            800         18.912         52.245       0.734223       0.792830
            801          7.995         61.655       0.885214       0.792830
            802         51.133        123.111       0.706546       0.792830
            803          8.080         85.580       0.913732       0.792830
            804         26.106         77.345       0.747650       0.792830
            805          0.569        114.596       0.995055       0.792830
            806         21.524         62.186       0.742876       0.792830
            807         60.984        114.585       0.652649       0.792830
            808         18.830         67.031       0.780689       0.792830
            809         13.621        106.046       0.886173       0.792830
            810         26.538         84.078       0.760087       0.792830
            811         14.735        144.292       0.907342       0.792830
            812         19.927         70.776       0.780306       0.792830
            813         21.463         75.913       0.779585       0.792830
            814          8.358        110.519       0.929693       0.792830
            815         12.989         63.201       0.829514       0.792830
            816         25.851         82.188       0.760724       0.792830
            817         35.612        123.960       0.776828       0.792830
            818          2.699         54.172       0.952543       0.792830
            819         21.987         58.426       0.726577       0.792830
            820         23.123        112.948       0.830067       0.792830
            821         24.845         79.158       0.761113       0.792830
            822         47.691        100.924       0.679096       0.792830
            823         25.820         40.558       0.611019       0.792830
            824         26.051         93.228       0.781595       0.792830
            825          5.390         81.979       0.938310       0.792830
            826         23.612         52.202       0.688559       0.792830
            827         24.720         95.544       0.794451       0.792830
            828         41.864         94.173       0.692258       0.792830
            829         -3.786        102.022       1.038541       0.792830
            830          5.047         76.640       0.938212       0.792830
            831         30.242         54.500       0.643126       0.792830
            832         19.521         91.527       0.824213       0.792830
            833         18.785         32.633       0.634659       0.792830
            834         14.641         40.152       0.732792       0.792830
            835         30.380         81.271       0.727899       0.792830
            836          8.207        109.131       0.930053       0.792830
            837         25.237         50.121       0.665100       0.792830
            838         19.555         95.026       0.829333       0.792830
            839          1.321         68.191       0.980997       0.792830
            840          3.352         69.347       0.953892       0.792830
            841         35.226         89.954       0.718600       0.792830
            842          9.524         69.315       0.879202       0.792830
            843         23.468         64.551       0.733373       0.792830
            844         22.426         52.036       0.698829       0.792830
            845         32.432         76.992       0.703612       0.792830
            846         22.404        158.181       0.875937       0.792830
            847          2.154        113.972       0.981448       0.792830
            848         20.772         73.005       0.778498       0.792830
            849         10.391        112.976       0.915772       0.792830
            850         21.647         55.739       0.720273       0.792830
            851        -10.258         49.998       1.258117       0.792830
            852          5.365        129.194       0.960131       0.792830
            853         46.057        135.541       0.746378       0.792830
            854          9.351         40.722       0.813259       0.792830
            855         27.623         41.073       0.597894       0.792830
            856         28.638         78.236       0.732039       0.792830
            857          8.591         97.280       0.918856       0.792830
            858         42.804         74.456       0.634966       0.792830
            859         55.313         84.908       0.605531       0.792830
            860         15.262        107.043       0.875216       0.792830
            861         28.958         70.844       0.709846       0.792830
            862         22.409        126.802       0.849819       0.792830
            863         43.430         40.242       0.480952       0.792830
            864         26.098         41.625       0.614641       0.792830
            865         37.556         94.051       0.714634       0.792830
            866         22.387        103.438       0.822080       0.792830
            867          4.560        108.695       0.959739       0.792830
            868         18.435         70.231       0.792086       0.792830
            869         22.799         63.511       0.735850       0.792830
            870         30.532         96.620       0.759877       0.792830
            871         22.369         80.160       0.781827       0.792830
            872         34.983         92.395       0.725362       0.792830
            873         57.446         71.835       0.555650       0.792830
            874         30.585         95.929       0.758249       0.792830
            875          4.122         76.851       0.949096       0.792830
            876         18.813         61.693       0.766316       0.792830
            877         12.062         61.327       0.835640       0.792830
            878          7.053         65.423       0.902686       0.792830
            879          9.848         63.936       0.866534       0.792830
            880         16.207         14.396       0.470416       0.792830
            881         -5.130        121.016       1.044263       0.792830
            882         39.843         39.764       0.499506       0.792830
            883          8.816        116.785       0.929808       0.792830
            884          9.654         75.896       0.887157       0.792830
            885         31.258         27.909       0.471700       0.792830
            886         26.834        107.178       0.799762       0.792830
            887         37.823         96.374       0.718153       0.792830
            888         38.927         85.401       0.686902       0.792830
            889         11.984         90.296       0.882835       0.792830
            890         27.674         75.516       0.731817       0.792830
            891         30.666        107.626       0.778250       0.792830
            892         27.165        125.202       0.821711       0.792830
            893         23.671         54.666       0.697834       0.792830
            894         12.621         97.889       0.885792       0.792830
            895         10.995         54.198       0.831346       0.792830
            896          6.386        108.064       0.944200       0.792830
            897         22.021         52.639       0.705048       0.792830
            898         19.895         29.105       0.593979       0.792830
            899         15.238         93.146       0.859404       0.792830
            900          7.051         83.637       0.922253       0.792830
            901         -4.168         97.893       1.044470       0.792830
            902         17.801         57.066       0.762234       0.792830
            903         45.673         83.785       0.647197       0.792830
            904         22.715         57.331       0.716220       0.792830
            905         12.667        110.688       0.897313       0.792830
            906         25.754         48.799       0.654559       0.792830
            907          9.371         92.539       0.908049       0.792830
            908         18.632        111.501       0.856821       0.792830
            909         32.500         75.252       0.698379       0.792830
            910         32.600        103.658       0.760748       0.792830
            911         14.221        109.473       0.885029       0.792830
            912         35.205         72.362       0.672718       0.792830
            913         18.841         67.694       0.782273       0.792830
            914         18.387         58.348       0.760378       0.792830
            915         12.231        105.366       0.895996       0.792830
            916          6.814        126.709       0.948964       0.792830
            917         16.670         39.965       0.705661       0.792830
            918         29.582         48.603       0.621644       0.792830
            919         27.072         41.505       0.605236       0.792830
            920         29.132         73.586       0.716390       0.792830
            921         30.270         35.800       0.541847       0.792830
            922          6.540        122.299       0.949238       0.792830
            923          9.099         42.657       0.824199       0.792830
            924          4.110         97.544       0.959565       0.792830
            925         10.400         70.285       0.871103       0.792830
            926         19.267        114.669       0.856146       0.792830
            927          8.789         33.495       0.792151       0.792830
            928         31.783         68.651       0.683547       0.792830
            929         29.104        127.038       0.813604       0.792830
            930         32.980         70.594       0.681580       0.792830
            931         18.167         37.250       0.672177       0.792830
            932         15.643         56.641       0.783592       0.792830
            933         -8.188         80.878       1.112645       0.792830
            934         38.030         78.787       0.674445       0.792830
            935         20.141         45.834       0.694725       0.792830
            936         17.419        103.910       0.856430       0.792830
            937         15.507        118.010       0.883861       0.792830
            938         34.038        111.584       0.766260       0.792830
            939         16.556         54.358       0.766533       0.792830
            940         18.350         49.782       0.730666       0.792830
            941         34.269        118.512       0.775698       0.792830
            942         15.819        119.074       0.882729       0.792830
            943         29.265         65.782       0.692099       0.792830
            944          3.578         61.434       0.944970       0.792830
            945         20.535         66.371       0.763710       0.792830
            946         47.120        104.244       0.688696       0.792830
            947         25.892        117.524       0.819461       0.792830
            948         10.365         47.492       0.820848       0.792830
            949         40.821         80.555       0.663679       0.792830
            950         28.524         75.304       0.725279       0.792830
            951         13.469         78.815       0.854048       0.792830
            952         42.359        111.850       0.725314       0.792830
            953         20.556         62.137       0.751417       0.792830
            954         24.644         60.280       0.709814       0.792830
            955         13.517         63.523       0.824541       0.792830
            956         28.456        165.096       0.852980       0.792830
            957         23.740        131.187       0.846768       0.792830
            958         10.300         58.363       0.849996       0.792830
            959         39.630         47.683       0.546114       0.792830
            960         23.849        108.547       0.819867       0.792830
            961         29.389         88.001       0.749644       0.792830
            962         16.737         60.832       0.784230       0.792830
            963          8.815         53.901       0.859452       0.792830
            964         20.452         63.575       0.756599       0.792830
            965          1.636         98.590       0.983676       0.792830
            966         22.650        112.728       0.832689       0.792830
            967         37.409         77.268       0.673789       0.792830
            968         23.010         93.584       0.802646       0.792830
            969         -9.485         71.936       1.151874       0.792830
            970          5.389         98.846       0.948300       0.792830
            971          1.030         50.160       0.979871       0.792830
            972         69.413        106.948       0.606416       0.792830
            973         20.767         80.756       0.795446       0.792830
            974          1.167         40.356       0.971904       0.792830
            975         31.894         56.809       0.640438       0.792830
            976         -5.860        136.821       1.044746       0.792830
            977         11.658         99.138       0.894779       0.792830
            978         18.494         63.039       0.773170       0.792830
            979         29.617        113.798       0.793489       0.792830
            980         22.285        102.330       0.821167       0.792830
            981         16.725         47.038       0.737704       0.792830
            982         11.862        102.640       0.896406       0.792830
            983         20.691         92.093       0.816543       0.792830
            984         16.849         35.506       0.678174       0.792830
            985         26.061         41.068       0.611779       0.792830
            986         20.719         93.312       0.818303       0.792830
            987         18.177         34.990       0.658121       0.792830
            988         -2.425         55.756       1.045474       0.792830
            989         31.581         34.434       0.521607       0.792830
            990          1.167        113.918       0.989860       0.792830
            991         20.010         92.477       0.822114       0.792830
            992         26.129         80.681       0.755367       0.792830
            993         39.948         98.036       0.710487       0.792830
            994         12.320         92.208       0.882136       0.792830
            995         15.694         60.648       0.794422       0.792830
            996         16.179         83.304       0.837370       0.792830
            997         18.696        106.124       0.850214       0.792830
            998         25.154        101.684       0.801686       0.792830
            999         13.976         48.269       0.775469       0.792830
           1000          5.187         90.177       0.945612       0.792830
