              1         13.716         56.788       0.805460       0.800952
              2          6.940         98.510       0.934188       0.800952
              3         66.116        148.821       0.692394       0.800952
              4         22.769         64.964       0.740478       0.800952
              5         26.084         70.805       0.730783       0.800952
              6         50.918        131.511       0.720890       0.800952
              7         20.016         90.851       0.819463       0.800952
              8         21.275         99.451       0.823777       0.800952
              9         25.595         65.780       0.719891       0.800952
             10          6.579         64.446       0.907367       0.800952
             11          1.165         65.845       0.982620       0.800952
             12         40.316         23.018       0.363433       0.759807
             13         19.964         76.766       0.793614       0.670662
             14         22.815         38.466       0.627694       0.670662
             15         47.043         46.406       0.496596       0.670662
             16         37.190         78.105       0.677435       0.670662
             17         28.116         52.003       0.649070       0.670662
             18         37.370         78.412       0.677236       0.670662
             19         -6.739         38.647       1.211184       0.759807
             20         13.726         83.811       0.859278       0.670662
             21         32.117         62.349       0.660019       0.670662
             22         13.718         29.171       0.680158       0.670662
             23         17.523         41.319       0.702206       0.670662
             24         49.559         32.119       0.393244       0.670662
             25        -23.046         72.318       1.467734       0.759807
             26         49.605         35.227       0.415260       0.670662
             27         60.771        109.723       0.643559       0.670662
             28         86.948         68.209       0.439613       0.670662
             29         33.220        102.369       0.754996       0.670662
             30         17.419         45.641       0.723770       0.670662
             31         22.997        109.461       0.826380       0.670662
             32          4.395         75.984       0.945317       0.670662
             33         42.550         82.928       0.660897       0.670662
             34         47.247        100.096       0.679341       0.670662
             35         38.825         83.157       0.681718       0.670662
             36         22.240         25.536       0.534495       0.670662
             37         48.218         11.210       0.188627       0.670662
             38         24.408         71.577       0.745710       0.670662
             39          3.358        125.671       0.973975       0.670662
             40         31.187         61.446       0.663326       0.670662
             41         63.278        104.762       0.623436       0.670662
             42         41.531        114.648       0.734081       0.670662
             43         45.481         57.401       0.557934       0.670662
             44         58.657         76.341       0.565498       0.670662
             45         50.727         11.707       0.187507       0.759807
             46          4.796         63.163       0.929433       0.800952
             47         -7.823         61.020       1.147053       0.800952
             48         -8.625         52.775       1.195354       0.800952
             49         15.968         73.737       0.821992       0.800952
             50         34.350         79.039       0.697058       0.800952
             51         50.204         95.059       0.654390       0.800952
             52          7.505         78.002       0.912234       0.800952
             53         35.446         61.706       0.635151       0.800952
             54        -12.905         79.692       1.193231       0.759807
             55         38.607         47.815       0.553272       0.670662
             56         69.077         84.805       0.551106       0.670662
             57         30.910         87.531       0.739030       0.670662
             58         32.024         74.313       0.698845       0.670662
             59         59.199         73.359       0.553412       0.670662
             60         39.956         65.193       0.620007       0.670662
             61         32.066         55.438       0.633544       0.670662
             62         66.721         79.973       0.545169       0.670662
             63         10.858        113.153       0.912444       0.670662
             64         29.893         61.643       0.673432       0.670662
             65         41.403         31.571       0.432633       0.670662
             66         37.156         76.254       0.672373       0.670662
             67         31.121         47.014       0.601707       0.670662
             68         34.191         48.635       0.587197       0.670662
             69         32.482         65.302       0.667820       0.670662
             70         51.411         41.945       0.449304       0.670662
             71         28.928         70.546       0.709190       0.670662
             72         28.306         78.079       0.733931       0.670662
             73         22.651        109.441       0.828521       0.670662
             74         57.329        -19.566      -0.518149       0.759807
             75         33.657         66.046       0.662431       0.670662
             76         33.213         81.199       0.709710       0.670662
             77         27.836        103.872       0.788655       0.670662
             78         60.182         63.245       0.512409       0.670662
             79         46.749         72.375       0.607562       0.670662
             80         28.412         45.728       0.616784       0.670662
             81         33.433        105.199       0.758838       0.670662
             82         39.384         84.343       0.681684       0.670662
             83         39.414         52.552       0.571426       0.670662
             84         40.920         24.363       0.373189       0.670662
             85         42.452         92.438       0.685283       0.670662
             86         52.503        108.229       0.673351       0.670662
             87         65.425         51.831       0.442029       0.670662
             88         44.458         50.299       0.530822       0.670662
             89         49.073         42.688       0.465209       0.670662
             90         33.514         86.343       0.720385       0.670662
             91         -3.507        105.893       1.034254       0.670662
             92         24.367         51.697       0.679656       0.670662
             93         29.163         55.010       0.653534       0.670662
             94         20.806         81.909       0.797437       0.670662
             95         46.508         68.803       0.596675       0.670662
             96         56.058         44.029       0.439906       0.670662
             97         50.856         40.209       0.441541       0.670662
             98          0.613         41.729       0.985520       0.670662
             99         46.370         61.518       0.570204       0.670662
            100         78.106         63.176       0.447164       0.670662
            101         41.170         61.987       0.600897       0.670662
            102         40.236         88.560       0.687599       0.670662
            103         25.915         76.371       0.746639       0.670662
            104         51.957         69.925       0.573707       0.670662
            105         56.819         24.947       0.305104       0.670662
            106         44.122         62.850       0.587537       0.670662
            107          5.706         68.416       0.923013       0.670662
            108         45.185         66.841       0.596654       0.670662
            109         43.361         39.659       0.477705       0.670662
            110          7.683         76.808       0.909072       0.670662
            111         26.589         46.950       0.638439       0.670662
            112         11.488        101.250       0.898097       0.670662
            113         52.094         20.836       0.285703       0.670662
            114         46.478         52.484       0.530342       0.670662
            115          9.482         61.174       0.865797       0.670662
            116         46.660         49.079       0.512631       0.670662
            117         51.832         68.525       0.569347       0.670662
            118         40.398         96.257       0.704382       0.670662
            119         39.622         51.022       0.562887       0.670662
            120         36.345         77.031       0.679430       0.670662
            121         26.803         72.858       0.731060       0.670662
            122         13.212        115.230       0.897138       0.670662
            123         -6.602         88.674       1.080439       0.759807
            124         14.384         91.212       0.863784       0.800952
            125         21.434         39.282       0.646986       0.800952
            126         -7.682        106.169       1.077998       0.800952
            127         31.855         84.922       0.727216       0.800952
            128          3.994        106.684       0.963912       0.800952
            129         23.124         97.528       0.808338       0.800952
            130         36.466        100.728       0.734203       0.800952
            131         22.971         55.448       0.707073       0.800952
            132         31.100         97.186       0.757572       0.800952
            133         22.909         78.806       0.774774       0.800952
            134         39.171         59.765       0.604073       0.800952
            135          2.919        100.767       0.971849       0.800952
            136         27.777        106.793       0.793585       0.800952
            137         59.900        120.898       0.668693       0.800952
            138          6.547         57.630       0.897985       0.800952
            139         14.200         96.044       0.871194       0.800952
            140         21.030         36.491       0.634396       0.800952
            141         20.899         78.173       0.789053       0.800952
            142         17.684         63.048       0.780959       0.800952
            143         11.100         97.963       0.898224       0.800952
            144          5.136         74.251       0.935301       0.800952
            145          3.038         12.205       0.800699       0.800952
            146          6.867         60.050       0.897381       0.800952
            147          9.408         51.039       0.844355       0.800952
            148         23.557         86.401       0.785764       0.800952
            149         21.997         68.122       0.755911       0.800952
            150          4.479         80.940       0.947567       0.800952
            151         46.413         46.870       0.502454       0.800952
            152         25.007         85.884       0.774491       0.800952
            153          7.911         64.556       0.890834       0.800952
            154          9.522         75.247       0.887674       0.800952
            155         15.621         92.983       0.856163       0.800952
            156          6.699         99.462       0.936897       0.800952
            157         24.579         87.992       0.781660       0.800952
            158         21.034         66.579       0.759919       0.800952
            159         15.662         88.119       0.849089       0.800952
            160         25.359         -6.814      -0.367447       0.759807
            161          4.098         51.018       0.925651       0.800952
            162         30.593         63.899       0.676240       0.800952
            163         14.056         67.548       0.827758       0.800952
            164         12.770         90.623       0.876486       0.800952
            165         49.728        115.004       0.698127       0.800952
            166         27.944         70.727       0.716797       0.800952
            167         -7.465        139.422       1.056575       0.800952
            168         12.069         71.552       0.855669       0.800952
            169         -7.600         90.779       1.091374       0.800952
            170         17.278        105.161       0.858885       0.800952
            171         25.675         38.261       0.598426       0.800952
            172         10.310        110.833       0.914898       0.800952
            173         40.773         98.525       0.707294       0.800952
            174         38.495         86.072       0.690971       0.800952
            175         43.604         76.657       0.637421       0.800952
            176         31.971         30.792       0.490605       0.800952
            177         12.772         80.121       0.862505       0.800952
            178        -25.047         76.551       1.486298       0.759807
            179          7.094        109.297       0.939054       0.800952
            180         21.098         67.507       0.761890       0.800952
            181         -5.667         75.870       1.080719       0.800952
            182         19.779        103.667       0.839774       0.800952
            183         17.762        121.690       0.872632       0.800952
            184          3.427        142.508       0.976516       0.800952
            185         50.299        144.616       0.741943       0.800952
            186         18.072         65.460       0.783652       0.800952
            187         18.157         67.988       0.789229       0.800952
            188         25.291        102.918       0.802738       0.800952
            189         33.250        119.625       0.782504       0.800952
            190        -12.851         95.551       1.155400       0.800952
            191         11.420         94.074       0.891747       0.800952
            192          7.066        119.495       0.944168       0.800952
            193         38.561         54.298       0.584732       0.800952
            194         17.936         55.455       0.755609       0.800952
            195         14.253         59.247       0.806077       0.800952
            196         22.992         92.153       0.800323       0.800952
            197          2.232        129.599       0.983071       0.800952
            198         18.334         79.118       0.811867       0.800952
            199         20.799         52.119       0.714766       0.800952
            200         31.431        129.670       0.804900       0.800952
            201         29.868        107.058       0.781866       0.800952
            202         54.559         75.134       0.579322       0.670662
            203         27.036         72.148       0.727415       0.670662
            204         41.787         27.809       0.399582       0.670662
            205         52.778         47.933       0.475946       0.670662
            206         12.806        103.808       0.890182       0.670662
            207         -8.085         30.964       1.353392       0.759807
            208          7.527         68.075       0.900439       0.800952
            209         20.954         96.494       0.821590       0.800952
            210         10.311         67.081       0.866765       0.800952
            211         25.432         73.357       0.742558       0.800952
            212         37.271         78.909       0.679193       0.800952
            213         -5.585         58.901       1.104745       0.800952
            214         11.954         98.599       0.891872       0.800952
            215         13.695         54.299       0.798582       0.800952
            216         30.820         78.323       0.717615       0.800952
            217         17.028        105.828       0.861395       0.800952
            218         20.082        104.683       0.839042       0.800952
            219         -3.160         99.147       1.032921       0.800952
            220         51.330         57.016       0.526239       0.800952
            221         41.167         74.021       0.642610       0.800952
            222         16.156         88.284       0.845311       0.800952
            223         42.224         90.043       0.680766       0.800952
            224          3.680         65.893       0.947100       0.800952
            225          5.324        147.567       0.965181       0.800952
            226         46.435        104.642       0.692640       0.800952
            227         23.491        158.550       0.870957       0.800952
            228          3.704         74.981       0.952922       0.800952
            229         14.101         94.542       0.870204       0.800952
            230         45.361        111.927       0.711605       0.800952
            231          7.550         35.925       0.826338       0.800952
            232          3.614         95.431       0.963510       0.800952
            233         51.490        107.839       0.676833       0.800952
            234         11.978         84.684       0.876088       0.800952
            235         24.185         30.628       0.558773       0.800952
            236         37.865         88.730       0.700899       0.800952
            237         16.382         66.065       0.801300       0.800952
            238         55.824         73.297       0.567665       0.800952
            239         18.654         62.491       0.770115       0.800952
            240          0.719         96.503       0.992606       0.800952
            241         25.293         62.784       0.712827       0.800952
            242         -8.676         96.052       1.099296       0.800952
            243         33.267         52.896       0.613910       0.800952
            244         -3.715        125.349       1.030546       0.800952
            245         17.301        110.153       0.864256       0.800952
            246         11.625        139.417       0.923035       0.800952
            247         46.071        103.298       0.691563       0.800952
            248         26.334         60.322       0.696108       0.800952
            249         34.761         73.803       0.679813       0.800952
            250         22.027         99.658       0.818983       0.800952
            251         10.352         63.725       0.860255       0.800952
            252         15.147         88.379       0.853692       0.800952
            253         31.383         91.390       0.744380       0.800952
            254         12.197         94.578       0.885768       0.800952
            255         17.412        119.006       0.872360       0.800952
            256         15.653        103.641       0.868787       0.800952
            257          6.365         65.177       0.911028       0.800952
            258         25.630         47.239       0.648274       0.800952
            259         26.088         60.543       0.698865       0.800952
            260         31.071         66.301       0.680903       0.800952
            261         29.712         73.498       0.712124       0.800952
            262         27.465         61.561       0.691491       0.800952
            263          9.075        108.964       0.923119       0.800952
            264         -0.971         82.720       1.011880       0.800952
            265         49.979         91.166       0.645901       0.800952
            266         33.642         86.603       0.720220       0.800952
            267          5.059        123.404       0.960620       0.800952
            268         12.027         45.559       0.791150       0.800952
            269         26.219         87.282       0.768995       0.800952
            270         19.600         45.628       0.699519       0.800952
            271         -1.496         96.970       1.015668       0.800952
            272         24.251         75.687       0.757336       0.800952
            273         21.935         91.570       0.806751       0.800952
            274         17.419        118.656       0.871990       0.800952
            275          4.950         50.825       0.911258       0.800952
            276         53.645         98.174       0.646653       0.800952
            277         24.160         69.526       0.742115       0.800952
            278          8.716         50.868       0.853723       0.800952
            279         32.064         48.539       0.602200       0.800952
            280         14.149         45.211       0.761646       0.800952
            281         12.538         38.406       0.753886       0.800952
            282          6.884         44.185       0.865205       0.800952
            283         44.335        109.856       0.712465       0.800952
            284         21.204         59.017       0.735681       0.800952
            285          7.039        122.163       0.945522       0.800952
            286         19.055         55.480       0.744348       0.800952
            287         44.358         54.128       0.549598       0.800952
            288         18.658         -2.322      -0.142149       0.759807
            289         20.402         98.172       0.827937       0.800952
            290         21.299         84.485       0.798653       0.800952
            291         -7.910         77.356       1.113904       0.800952
            292         33.207         92.845       0.736560       0.800952
            293         21.792         88.242       0.801951       0.800952
            294         25.341         86.561       0.773544       0.800952
            295         34.615        106.460       0.754636       0.800952
            296         21.793         69.656       0.761687       0.800952
            297         11.413         73.870       0.866177       0.800952
            298         40.444        108.950       0.729279       0.800952
            299         29.945         70.025       0.700459       0.800952
            300         10.721         90.013       0.893573       0.800952
            301          3.100        104.001       0.971052       0.800952
            302         13.529        122.110       0.900260       0.800952
            303         14.211        145.720       0.911143       0.800952
            304         35.983        103.807       0.742591       0.800952
            305         11.641        117.008       0.909517       0.800952
            306         61.127         43.003       0.412974       0.800952
            307         26.983        103.379       0.793014       0.800952
            308          4.830        119.735       0.961225       0.800952
            309         30.516        108.589       0.780627       0.800952
            310         35.623         64.651       0.644742       0.800952
            311         33.061        100.622       0.752694       0.800952
            312         22.531         86.322       0.793012       0.800952
            313          6.560         23.088       0.778744       0.800952
            314         49.728         66.013       0.570353       0.800952
            315          8.440         62.505       0.881036       0.800952
            316         20.315         33.419       0.621936       0.800952
            317         43.254         31.999       0.425223       0.800952
            318          1.284        112.978       0.988760       0.800952
            319         28.825         93.713       0.764768       0.800952
            320          0.121         98.712       0.998774       0.800952
            321         14.122         58.499       0.805539       0.800952
            322          9.471         75.494       0.888532       0.800952
            323         24.912         51.075       0.672158       0.800952
            324         37.484        104.836       0.736621       0.800952
            325         21.035         65.793       0.757742       0.800952
            326         12.871         77.815       0.858069       0.800952
            327         13.543         44.267       0.765739       0.800952
            328         42.165        127.591       0.751615       0.800952
            329         37.573        129.145       0.774633       0.800952
            330         47.266        108.971       0.697471       0.800952
            331         38.846        114.492       0.746665       0.800952
            332         -5.105         33.690       1.178596       0.800952
            333         14.808         40.084       0.730236       0.800952
            334         29.391        111.605       0.791547       0.800952
            335        -14.840         84.734       1.212326       0.759807
            336         35.435        108.636       0.754046       0.800952
            337         19.283         81.400       0.808477       0.800952
            338          5.980         55.950       0.903446       0.800952
            339         30.280        105.667       0.777266       0.800952
            340         16.609         51.577       0.756412       0.800952
            341         15.951        104.391       0.867457       0.800952
            342          0.362         90.760       0.996027       0.800952
            343         10.708        106.498       0.908636       0.800952
            344         31.489        132.820       0.808355       0.800952
            345          9.861        124.688       0.926713       0.800952
            346         34.684        132.904       0.793038       0.800952
            347         30.006         32.774       0.522049       0.800952
            348          1.311         47.944       0.973391       0.800952
            349         27.224         65.302       0.705769       0.800952
            350          7.415         90.100       0.923956       0.800952
            351          8.812         33.033       0.789416       0.800952
            352         27.000         37.028       0.578309       0.800952
            353         -9.731         50.416       1.239186       0.759807
            354         30.581         72.528       0.703410       0.800952
            355          3.610         41.866       0.920618       0.800952
            356          1.999         81.433       0.976035       0.800952
            357         13.589         93.232       0.872784       0.800952
            358        -21.032        125.400       1.201517       0.800952
            359          5.799        122.948       0.954959       0.800952
            360          9.632         77.073       0.888913       0.800952
            361          6.781         52.662       0.885921       0.800952
            362         18.214         84.894       0.823347       0.800952
            363         29.038        139.601       0.827809       0.800952
            364         15.383        120.194       0.886537       0.800952
            365         54.245         91.993       0.629065       0.800952
            366          5.520         76.678       0.932850       0.800952
            367         19.450        106.085       0.845061       0.800952
            368         18.519         97.581       0.840489       0.800952
            369         24.455        132.058       0.843753       0.800952
            370         16.439         86.217       0.839867       0.800952
            371         20.477         54.911       0.728382       0.800952
            372          9.138         29.871       0.765745       0.800952
            373         44.369        140.036       0.759393       0.800952
            374         -1.398         98.058       1.014468       0.800952
            375         18.787         31.221       0.624319       0.800952
            376         35.799        120.535       0.771012       0.800952
            377         23.357         79.013       0.771838       0.800952
            378         35.177         56.496       0.616276       0.800952
            379         32.594         88.959       0.731856       0.800952
            380         23.711         59.147       0.713833       0.800952
            381          3.746         68.791       0.948358       0.800952
            382         27.117         76.609       0.738568       0.800952
            383         -5.617        108.779       1.054449       0.800952
            384          1.928         83.827       0.977521       0.800952
            385          9.379         49.722       0.841300       0.800952
            386         21.819        117.920       0.843861       0.800952
            387         11.306         52.190       0.821942       0.800952
            388         29.116        104.768       0.782527       0.800952
            389         50.174         78.999       0.611578       0.800952
            390         14.711         73.554       0.833333       0.800952
            391         49.325         61.306       0.554149       0.800952
            392         23.755         76.756       0.763654       0.800952
            393         53.738         38.594       0.417992       0.800952
            394          5.016         69.970       0.933102       0.800952
            395         11.710         61.178       0.839341       0.800952
            396         30.835        113.097       0.785766       0.800952
            397         16.483         73.747       0.817319       0.800952
            398        -11.033         70.077       1.186867       0.800952
            399        -10.906         72.299       1.177638       0.800952
            400         10.832         89.570       0.892114       0.800952
            401         10.733         84.533       0.887338       0.800952
            402         15.115        100.694       0.869483       0.800952
            403         30.204         51.365       0.629711       0.800952
            404          8.109        100.815       0.925557       0.800952
            405         14.257         91.295       0.864927       0.800952
            406         33.089         63.330       0.656822       0.800952
            407         28.613         45.221       0.612469       0.800952
            408         -1.684        119.492       1.014297       0.800952
            409         14.658        105.388       0.877895       0.800952
            410         31.263         81.389       0.722479       0.800952
            411         -8.877        141.126       1.067127       0.800952
            412         11.697         81.363       0.874303       0.800952
            413         28.900        100.172       0.776092       0.800952
            414         10.609        113.385       0.914436       0.800952
            415          3.852         57.684       0.937404       0.800952
            416         13.060         97.330       0.881690       0.800952
            417         29.706         51.196       0.632811       0.800952
            418         15.135         51.862       0.774100       0.800952
            419         15.290        127.602       0.892997       0.800952
            420         37.284         92.268       0.712209       0.800952
            421         32.157         43.535       0.575160       0.800952
            422         27.210         97.295       0.781454       0.800952
            423          6.734         76.739       0.919324       0.800952
            424          0.997        101.218       0.990244       0.800952
            425         42.284        159.018       0.789948       0.800952
            426         25.509         42.402       0.624376       0.800952
            427         29.688        114.541       0.794159       0.800952
            428         28.091         82.353       0.745653       0.800952
            429         22.175         84.991       0.793079       0.800952
            430          3.376         66.017       0.951349       0.800952
            431         23.432        105.011       0.817566       0.800952
            432         10.845         78.970       0.879250       0.800952
            433         21.159        100.552       0.826156       0.800952
            434         39.493         89.976       0.694960       0.800952
            435         22.813         69.682       0.753362       0.800952
            436         16.402         74.809       0.820176       0.800952
            437         47.283         84.428       0.641008       0.800952
            438         43.695        112.217       0.719748       0.800952
            439         12.921        100.032       0.885604       0.800952
            440         36.991         46.045       0.554515       0.800952
            441         25.715         64.199       0.714003       0.800952
            442         18.383        107.124       0.853528       0.800952
            443         36.787         79.919       0.684791       0.800952
            444         26.854         33.953       0.558369       0.800952
            445         26.433         93.715       0.779999       0.800952
            446         21.607         89.822       0.806094       0.800952
            447         21.249        136.437       0.865247       0.800952
            448         12.006         61.868       0.837477       0.800952
            449         30.232         98.031       0.764300       0.800952
            450         49.384         87.750       0.639885       0.670662
            451         41.583         80.736       0.660044       0.670662
            452         33.463         71.984       0.682655       0.670662
            453         23.012         81.987       0.780837       0.670662
            454         25.293         65.138       0.720308       0.670662
            455         29.942         67.023       0.691210       0.670662
            456         21.680         57.525       0.726281       0.670662
            457         36.389         84.342       0.698596       0.670662
            458         38.243         45.200       0.541685       0.670662
            459         44.401        110.470       0.713306       0.670662
            460         35.821         71.530       0.666316       0.670662
            461         41.996         76.408       0.645315       0.670662
            462         40.430         76.856       0.655287       0.670662
            463         20.813         67.575       0.764527       0.670662
            464         57.285         66.807       0.538366       0.670662
            465         37.518         74.474       0.664995       0.670662
            466         -7.639         13.394       2.327394       0.759807
            467         34.131         26.077       0.433118       0.670662
            468         28.430         80.271       0.738456       0.670662
            469          8.490         61.284       0.878323       0.670662
            470         53.640          8.802       0.140965       0.759807
            471         -5.539         68.555       1.087904       0.800952
            472         13.048         73.591       0.849402       0.800952
            473          3.456         54.423       0.940283       0.800952
            474         30.288         45.418       0.599925       0.800952
            475         27.040         72.173       0.727451       0.800952
            476         47.400        108.955       0.696842       0.800952
            477        -10.469         91.529       1.129148       0.800952
            478         36.514         92.467       0.716902       0.800952
            479         32.990         39.223       0.543156       0.800952
            480         47.553         60.355       0.559319       0.800952
            481         28.295         79.674       0.737935       0.800952
            482         56.302        141.352       0.715149       0.800952
            483          5.717         52.247       0.901371       0.800952
            484         -1.800         92.203       1.019909       0.800952
            485         38.575        100.435       0.722502       0.800952
            486         43.284         41.564       0.489861       0.800952
            487          3.489         73.845       0.954884       0.800952
            488         20.396         66.030       0.764003       0.800952
            489         19.264         63.300       0.766680       0.800952
            490         31.390        110.009       0.778003       0.800952
            491         23.557         60.955       0.721257       0.800952
            492          5.768        107.223       0.948948       0.800952
            493         34.385        105.620       0.754399       0.800952
            494         48.916        106.500       0.685260       0.800952
            495         25.050         95.117       0.791538       0.800952
            496         22.605        114.611       0.835261       0.800952
            497         20.536         67.563       0.766895       0.800952
            498         25.979        117.839       0.819360       0.800952
            499         40.822         69.017       0.628347       0.800952
            500         17.306         46.991       0.730848       0.800952
            501         -0.319         73.918       1.004341       0.800952
            502         23.427        119.315       0.835877       0.800952
            503         24.090        100.793       0.807101       0.800952
            504         19.551        109.559       0.848569       0.800952
            505         11.198         87.293       0.886308       0.800952
            506         28.950         68.627       0.703314       0.800952
            507         22.504         69.354       0.755010       0.800952
            508         37.024        101.265       0.732272       0.800952
            509         21.086        108.101       0.836781       0.800952
            510         26.631         86.518       0.764635       0.800952
            511         18.212         88.031       0.828583       0.800952
            512         16.191         41.329       0.718515       0.800952
            513         42.461        -21.068      -0.984753       0.759807
            514         32.060        137.004       0.810368       0.800952
            515         21.507         57.250       0.726919       0.800952
            516          3.688         89.002       0.960216       0.800952
            517          1.058        117.146       0.991046       0.800952
            518         34.441         67.812       0.663176       0.800952
            519          6.542         98.712       0.937846       0.800952
            520         29.101         70.634       0.708215       0.800952
            521         23.373        113.066       0.828695       0.800952
            522         51.691        125.530       0.708327       0.800952
            523         20.925        110.350       0.840602       0.800952
            524         26.312        116.721       0.816044       0.800952
            525         -2.389         69.534       1.035576       0.800952
            526         10.230         52.955       0.838090       0.800952
            527         21.391        112.371       0.840081       0.800952
            528         13.783         83.865       0.858846       0.800952
            529         36.884         11.966       0.244957       0.759807
            530         29.173         97.591       0.769866       0.800952
            531         21.650        117.960       0.844924       0.800952
            532         20.051         88.808       0.815805       0.800952
            533          1.882         35.775       0.950025       0.800952
            534         27.453         92.958       0.772007       0.800952
            535         28.935        103.658       0.781779       0.800952
            536         37.487         61.845       0.622605       0.800952
            537          9.063         51.784       0.851054       0.800952
            538          2.511         49.505       0.951733       0.800952
            539         20.331         66.342       0.765429       0.800952
            540         26.502         56.706       0.681498       0.800952
            541         35.220         71.368       0.669569       0.800952
            542         28.888        111.144       0.793706       0.800952
            543         23.155         65.211       0.737967       0.800952
            544         22.347         41.475       0.649854       0.800952
            545         39.456         89.277       0.693506       0.800952
            546        -18.351        107.382       1.206112       0.800952
            547         19.031         85.900       0.818633       0.800952
            548         13.108        120.184       0.901659       0.800952
            549         23.994         71.672       0.749188       0.800952
            550         23.721         82.175       0.775994       0.800952
            551         29.958        136.957       0.820520       0.800952
            552         33.292        104.490       0.758374       0.800952
            553         18.997        120.170       0.863497       0.800952
            554         12.546        114.150       0.900975       0.800952
            555         48.572         87.895       0.644077       0.800952
            556         44.854        105.595       0.701868       0.800952
            557         43.040         88.448       0.672672       0.800952
            558         36.956         70.858       0.657224       0.800952
            559         18.796        124.787       0.869092       0.800952
            560         20.850         55.056       0.725313       0.800952
            561          7.837         65.847       0.893638       0.800952
            562         10.480         89.917       0.895612       0.800952
            563         27.706         73.999       0.727587       0.800952
            564         39.753         29.271       0.424074       0.800952
            565         10.798         90.514       0.893416       0.800952
            566          6.728        140.370       0.954259       0.800952
            567         18.647         78.461       0.807974       0.800952
            568         15.379        101.776       0.868730       0.800952
            569         12.047         93.220       0.885560       0.800952
            570         41.136         49.156       0.544412       0.670662
            571         31.079         71.221       0.696201       0.670662
            572         46.688         55.353       0.542462       0.670662
            573         39.701        110.584       0.735829       0.670662
            574         28.731         89.473       0.756938       0.670662
            575         18.647         66.091       0.779943       0.670662
            576         64.574         62.932       0.493561       0.670662
            577         31.149         70.033       0.692148       0.670662
            578         21.543         74.127       0.774820       0.670662
            579         19.788         37.637       0.655406       0.670662
            580         67.283         52.668       0.439076       0.670662
            581         53.894         61.147       0.531523       0.670662
            582         17.664         41.054       0.699174       0.670662
            583         17.966         55.232       0.754559       0.670662
            584          2.446         47.106       0.950640       0.670662
            585         24.177          2.692       0.100187       0.759807
            586         29.471         96.292       0.765664       0.670662
            587         46.740         49.215       0.512900       0.670662
            588         62.459         14.568       0.189132       0.670662
            589         46.119         37.770       0.450233       0.670662
            590         36.125         46.384       0.562169       0.670662
            591         63.670         51.652       0.447895       0.670662
            592         47.375         94.957       0.667151       0.670662
            593         14.196        105.035       0.880937       0.670662
            594         43.921         96.960       0.688240       0.670662
            595         58.868         86.176       0.594140       0.670662
            596         38.494         65.904       0.631279       0.670662
            597         20.885         40.774       0.661276       0.670662
            598         33.770         21.186       0.385510       0.759807
            599          6.212         90.926       0.936053       0.800952
            600         74.662        100.612       0.574025       0.800952
            601         15.777        131.797       0.893091       0.800952
            602          1.924         88.637       0.978757       0.800952
            603         36.704         96.115       0.723651       0.800952
            604         29.525         81.817       0.734824       0.800952
            605         -4.648         77.729       1.063598       0.800952
            606         15.000        115.261       0.884843       0.800952
            607         25.389         51.668       0.670517       0.800952
            608         31.313        115.774       0.787111       0.800952
            609          6.059         74.467       0.924760       0.800952
            610         16.227        105.305       0.866476       0.800952
            611         19.475         73.686       0.790949       0.800952
            612         15.331         93.603       0.859263       0.800952
            613         -3.582         65.212       1.058114       0.800952
            614          8.933        101.095       0.918811       0.800952
            615         31.204         79.396       0.717868       0.800952
            616         22.038         89.094       0.801694       0.800952
            617         61.345         88.065       0.589417       0.800952
            618        -13.610        116.690       1.132034       0.800952
            619         -7.811         96.744       1.087828       0.800952
            620         12.727          1.832       0.125857       0.759807
            621         21.392         41.314       0.658852       0.800952
            622         11.184        108.038       0.906193       0.800952
            623         21.871         36.340       0.624276       0.800952
            624         24.590         62.039       0.716148       0.800952
            625        -12.780         50.874       1.335492       0.759807
            626         22.829         93.678       0.804054       0.800952
            627         41.866        101.207       0.707382       0.800952
            628          2.357        106.431       0.978334       0.800952
            629          2.638         90.984       0.971827       0.800952
            630         14.031         97.419       0.874107       0.800952
            631         31.772         90.429       0.740006       0.800952
            632         24.660         85.400       0.775944       0.800952
            633        -33.142        100.459       1.492328       0.759807
            634         16.878         99.320       0.854747       0.800952
            635         19.649         55.904       0.739926       0.800952
            636        -13.896        146.967       1.104428       0.800952
            637         24.990         54.693       0.686379       0.800952
            638         32.525         32.170       0.497255       0.800952
            639         28.680         92.851       0.764008       0.800952
            640         35.002         69.005       0.663462       0.800952
            641          6.818         58.452       0.895542       0.800952
            642          3.779         -7.545       2.003752       0.759807
            643         33.842        148.649       0.814555       0.800952
            644         40.254         60.961       0.602295       0.800952
            645         35.882         57.188       0.614462       0.800952
            646          8.184        108.219       0.929695       0.800952
            647          4.820         75.495       0.939988       0.800952
            648         28.871         99.424       0.774965       0.800952
            649          5.498         57.019       0.912061       0.800952
            650         15.876         67.582       0.809773       0.800952
            651         32.604        111.583       0.773876       0.800952
            652         44.191         25.053       0.361803       0.759807
            653          9.289         76.071       0.891183       0.800952
            654         29.084         93.229       0.762218       0.800952
            655          9.369         75.387       0.889460       0.800952
            656         18.756        103.631       0.846748       0.800952
            657          8.977         64.996       0.878643       0.800952
            658         22.913         95.684       0.806800       0.800952
            659         30.384         29.819       0.495303       0.800952
            660         30.943        106.439       0.774768       0.800952
            661         22.492         62.857       0.736468       0.800952
            662         32.944         43.161       0.567126       0.800952
            663         22.208         48.312       0.685076       0.800952
            664         18.979        128.743       0.871521       0.800952
            665         22.381         82.968       0.787558       0.800952
            666         19.475         50.294       0.720860       0.800952
            667         32.540         67.750       0.675541       0.800952
            668         15.993        103.438       0.866088       0.800952
            669         32.811         98.744       0.750589       0.800952
            670         47.519         71.081       0.599336       0.800952
            671         26.114         25.771       0.496696       0.800952
            672          7.600         78.465       0.911692       0.800952
            673         36.436        134.350       0.786656       0.800952
            674         35.079        109.061       0.756632       0.800952
            675         11.910        130.196       0.916187       0.800952
            676        -14.151         43.943       1.474982       0.759807
            677         -4.149         62.331       1.071317       0.800952
            678         12.988         67.274       0.838178       0.800952
            679         23.032        117.247       0.835815       0.800952
            680         -7.258         52.840       1.159236       0.800952
            681          7.946         82.552       0.912195       0.800952
            682         32.385         75.761       0.700547       0.800952
            683         28.006         48.366       0.633293       0.800952
            684         27.221         84.775       0.756950       0.800952
            685          2.296         67.425       0.967074       0.800952
            686         56.893         80.592       0.586188       0.670662
            687         46.259         94.271       0.670824       0.670662
            688         51.322        104.308       0.670231       0.670662
            689         25.455         75.776       0.748546       0.670662
            690         51.872        112.476       0.684377       0.670662
            691         43.247         42.689       0.496752       0.670662
            692         26.224         31.881       0.548678       0.670662
            693         65.254         68.728       0.512966       0.670662
            694         42.849         43.340       0.502850       0.670662
            695         42.851         46.523       0.520538       0.670662
            696         18.681         43.140       0.697815       0.670662
            697         52.105         95.890       0.647926       0.670662
            698         28.688         17.510       0.379021       0.670662
            699         22.996         10.896       0.321501       0.670662
            700         31.873         29.017       0.476547       0.670662
            701         -1.915         49.677       1.040085       0.670662
            702         20.622         16.648       0.446694       0.670662
            703         66.259        100.320       0.602236       0.670662
            704         56.480         46.082       0.449311       0.670662
            705         48.339         62.577       0.564182       0.670662
            706         39.160         10.083       0.204756       0.670662
            707          6.183         43.263       0.874953       0.670662
            708         39.809         78.750       0.664226       0.670662
            709         41.107         67.242       0.620603       0.670662
            710         18.082         50.611       0.736776       0.670662
            711         23.558         56.067       0.704136       0.670662
            712         13.158         33.226       0.716322       0.670662
            713         54.950         65.404       0.543428       0.670662
            714         23.396         69.904       0.749238       0.670662
            715         24.698         74.866       0.751937       0.670662
            716         30.040         42.310       0.584796       0.670662
            717         65.704         80.909       0.551853       0.670662
            718         28.724        -18.275      -1.748833       0.759807
            719         35.736        104.218       0.744658       0.670662
            720         56.754         92.196       0.618971       0.670662
            721         39.999         73.792       0.648488       0.670662
            722         11.995         53.585       0.817094       0.670662
            723         59.831         82.656       0.580093       0.670662
            724         46.039         77.039       0.625940       0.670662
            725         20.765         33.250       0.615569       0.670662
            726         32.301        105.710       0.765951       0.670662
            727         16.152         72.219       0.817220       0.670662
            728         26.447         49.586       0.652161       0.670662
            729        -26.685         76.864       1.531809       0.759807
            730         22.377        128.478       0.851664       0.670662
            731         26.248         93.951       0.781631       0.670662
            732         43.622        106.668       0.709750       0.670662
            733         71.672         75.830       0.514093       0.670662
            734         26.708         69.088       0.721198       0.670662
            735         18.599         39.534       0.680065       0.670662
            736          3.485        123.210       0.972495       0.670662
            737         27.913         61.737       0.688645       0.670662
            738         71.103        112.248       0.612203       0.670662
            739         17.057        104.083       0.859196       0.670662
            740         12.516         62.583       0.833336       0.670662
            741         14.719         84.960       0.852332       0.670662
            742         29.494         27.281       0.480512       0.670662
            743         19.856         52.701       0.726339       0.670662
            744         52.251         80.310       0.605835       0.670662
            745         43.740         83.647       0.656637       0.670662
            746          9.858         44.705       0.819323       0.670662
            747         57.441         74.848       0.565791       0.670662
            748         30.447         65.982       0.684257       0.670662
            749         28.745         48.239       0.626614       0.670662
            750          8.511        116.493       0.931917       0.670662
            751         13.066        123.310       0.904191       0.670662
            752         58.593         36.209       0.381947       0.670662
            753         40.621         52.458       0.563585       0.670662
            754         16.042         82.510       0.837221       0.670662
            755         23.819         80.969       0.772692       0.670662
            756         16.683         48.524       0.744150       0.670662
            757         16.829         83.370       0.832045       0.670662
            758         22.608        113.208       0.833537       0.670662
            759        -18.615         91.596       1.255063       0.759807
            760         27.824        115.568       0.805957       0.800952
            761         50.882          8.705       0.146089       0.759807
            762         55.879         68.952       0.552362       0.670662
            763         29.951         73.804       0.711333       0.670662
            764         38.895         84.990       0.686041       0.670662
            765         20.454         60.791       0.748240       0.670662
            766         28.008         40.075       0.588616       0.670662
            767         17.345         46.507       0.728362       0.670662
            768         13.615         93.271       0.872624       0.670662
            769         15.880         57.074       0.782328       0.670662
            770         51.078         66.194       0.564448       0.670662
            771         11.096        107.588       0.906512       0.670662
            772         37.771         98.171       0.722153       0.670662
            773         37.430         45.441       0.548332       0.670662
            774          4.289         64.386       0.937548       0.670662
            775        -14.097        127.663       1.124127       0.670662
            776         41.221         81.144       0.663128       0.670662
            777         33.586         86.320       0.719899       0.670662
            778         -7.642        130.539       1.062184       0.670662
            779         16.180         70.926       0.814252       0.670662
            780         44.651         50.281       0.529653       0.670662
            781         39.539         59.038       0.598901       0.670662
            782         23.959         56.146       0.700908       0.670662
            783         20.243         71.322       0.778925       0.670662
            784         37.241         43.447       0.538457       0.670662
            785         65.383        101.745       0.608784       0.670662
            786         32.164         64.045       0.665687       0.670662
            787          6.917         75.963       0.916537       0.670662
            788         35.775         51.451       0.589859       0.670662
            789         16.884         86.320       0.836401       0.670662
            790         13.188         81.787       0.861144       0.670662
            791         26.552         75.725       0.740395       0.670662
            792         23.194         13.742       0.372044       0.670662
            793         22.969        130.087       0.849929       0.670662
            794         41.806        117.088       0.736892       0.670662
            795         20.512        136.004       0.868946       0.670662
            796         -9.249         56.128       1.197296       0.759807
            797         49.238         93.688       0.655501       0.800952
            798         55.168        102.301       0.649659       0.800952
            799         22.880         91.488       0.799946       0.800952
            800         29.713         38.294       0.563093       0.800952
            801          9.219         76.755       0.892768       0.800952
            802         24.715         66.992       0.730504       0.800952
            803          0.539         58.894       0.990934       0.800952
            804         13.530         73.686       0.844872       0.800952
            805          3.796         64.976       0.944798       0.800952
            806         18.177         75.929       0.806848       0.800952
            807         34.624         23.655       0.405894       0.800952
            808         13.056        110.991       0.894746       0.800952
            809         25.311         80.027       0.759714       0.800952
            810        -18.342         58.301       1.459000       0.759807
            811         13.976         63.052       0.818564       0.800952
            812         15.103         57.425       0.791758       0.800952
            813         20.288         88.688       0.813832       0.800952
            814         16.434         98.615       0.857154       0.800952
            815         56.512         34.524       0.379235       0.759807
            816         46.568         84.756       0.645398       0.800952
            817         13.502         45.575       0.771455       0.800952
            818         15.196         84.592       0.847715       0.800952
            819         27.076         10.127       0.272202       0.759807
            820         41.821         94.615       0.693473       0.800952
            821         24.954         38.072       0.604070       0.800952
            822         15.017         60.522       0.801197       0.800952
            823          8.937        110.930       0.925446       0.800952
            824         15.880         85.000       0.842588       0.800952
            825         29.816        101.823       0.773504       0.800952
            826         24.376         78.543       0.763155       0.800952
            827         26.684         84.349       0.759673       0.800952
            828          2.538        152.937       0.983679       0.800952
            829         21.052        106.418       0.834850       0.800952
            830         29.381         60.592       0.673442       0.800952
            831          2.675        104.564       0.975056       0.800952
            832         10.456         42.226       0.801522       0.800952
            833         28.242         64.048       0.693983       0.800952
            834         23.225        127.407       0.845818       0.800952
            835         24.442         61.318       0.714997       0.800952
            836         36.818        118.164       0.762437       0.800952
            837         16.265         89.787       0.846636       0.800952
            838         11.824         60.144       0.835705       0.800952
            839        -19.764         93.165       1.269263       0.759807
            840         31.192         66.006       0.679087       0.800952
            841         17.936         77.045       0.811163       0.800952
            842         23.899         78.587       0.766811       0.800952
            843         18.022        168.777       0.903524       0.800952
            844         42.175        133.896       0.760466       0.800952
            845         11.580         88.315       0.884078       0.800952
            846          7.634         65.391       0.895456       0.800952
            847         13.019         88.586       0.871867       0.800952
            848         21.779         95.395       0.814133       0.800952
            849         29.563         55.124       0.650917       0.800952
            850         41.888        115.625       0.734067       0.800952
            851         10.104         82.364       0.890731       0.800952
            852         -5.765         25.461       1.292719       0.759807
            853         41.610         91.633       0.687716       0.800952
            854         22.295        132.746       0.856198       0.800952
            855         14.628         82.759       0.849792       0.800952
            856         14.089         68.235       0.828862       0.800952
            857         36.423         77.185       0.679398       0.800952
            858         35.436         97.371       0.733176       0.800952
            859         13.954         92.264       0.868628       0.800952
            860         18.268         18.710       0.505980       0.800952
            861          4.328        110.267       0.962231       0.800952
            862         -0.302          0.715       1.730095       0.759807
            863         -4.097        102.226       1.041755       0.800952
            864         29.057         51.783       0.640562       0.800952
            865         17.316        134.629       0.886039       0.800952
            866         27.618         54.822       0.664996       0.800952
            867          5.814         48.770       0.893490       0.800952
            868         12.129         49.962       0.804660       0.800952
            869         26.215         47.095       0.642405       0.800952
            870          8.368         66.638       0.888430       0.800952
            871         30.632         95.755       0.757630       0.800952
            872         18.811         62.739       0.769331       0.800952
            873         44.122        101.640       0.697302       0.800952
            874         16.514        109.048       0.868483       0.800952
            875         46.424        107.210       0.697828       0.800952
            876         31.975        101.433       0.760321       0.800952
            877         48.682         75.265       0.607237       0.800952
            878          7.743         90.844       0.921464       0.800952
            879         18.698         76.797       0.804196       0.800952
            880         -1.990        146.112       1.013810       0.800952
            881         14.188         36.977       0.722696       0.800952
            882         -7.685         38.283       1.251151       0.759807
            883         24.138         47.242       0.661836       0.800952
            884         14.725         55.337       0.789825       0.800952
            885         20.293         96.254       0.825880       0.800952
            886         22.774         49.089       0.683086       0.800952
            887         21.920         50.739       0.698319       0.800952
            888         18.689         48.103       0.720187       0.800952
            889         21.974         74.605       0.772478       0.800952
            890          6.198         26.531       0.810633       0.800952
            891          3.080         88.422       0.966345       0.800952
            892          2.514        137.879       0.982096       0.800952
            893         29.347         74.146       0.716434       0.800952
            894         17.471         93.579       0.842671       0.800952
            895         23.577         52.990       0.692076       0.800952
            896          7.084         47.413       0.870014       0.800952
            897         22.712         86.280       0.791617       0.800952
            898         30.723         88.574       0.742463       0.800952
            899         49.247        111.866       0.694332       0.800952
            900         -7.882         74.113       1.119012       0.800952
            901         10.846         88.505       0.890831       0.800952
            902         30.896        112.828       0.785031       0.800952
            903         41.520         44.724       0.518575       0.800952
            904         16.211        154.776       0.905191       0.800952
            905         25.862         73.636       0.740076       0.800952
            906         25.295         30.562       0.547147       0.800952
            907         33.360         71.916       0.683115       0.800952
            908         10.644         56.508       0.841489       0.800952
            909         -1.145        116.917       1.009888       0.800952
            910          4.606         65.648       0.934432       0.800952
            911          9.451         86.902       0.901909       0.800952
            912         15.636         19.970       0.560852       0.670662
            913         19.404         47.130       0.708354       0.670662
            914         12.602          7.104       0.360487       0.670662
            915         17.399         30.520       0.636912       0.670662
            916         83.684         12.726       0.132004       0.759807
            917         30.814         90.926       0.746888       0.800952
            918         -6.139         69.841       1.096362       0.800952
            919         19.032         72.842       0.792848       0.800952
            920         21.515         83.855       0.795813       0.800952
            921         35.664         56.454       0.612845       0.800952
            922         52.534         69.451       0.569340       0.800952
            923         19.728         47.504       0.706568       0.800952
            924         62.296         95.034       0.604044       0.800952
            925         46.043         68.273       0.597229       0.800952
            926         34.621        158.433       0.820668       0.800952
            927         29.605         74.930       0.716794       0.800952
            928         50.188         24.766       0.330419       0.759807
            929         24.987         49.647       0.665207       0.800952
            930         56.882        138.726       0.709203       0.800952
            931          0.708         71.421       0.990178       0.800952
            932         28.774         78.474       0.731702       0.800952
            933         40.377        104.212       0.720745       0.800952
            934          5.721         85.090       0.937002       0.800952
            935         24.757        100.954       0.803065       0.800952
            936         43.114         88.349       0.672045       0.800952
            937          5.032         18.410       0.785340       0.800952
            938         59.987          9.848       0.141021       0.759807
            939         29.553         93.252       0.759351       0.670662
            940         28.020         65.910       0.701695       0.670662
            941         24.629         54.164       0.687416       0.670662
            942         45.268         90.200       0.665842       0.670662
            943         48.090         80.300       0.625439       0.670662
            944         38.156         62.678       0.621599       0.670662
            945         20.223         63.927       0.759677       0.670662
            946         53.650        123.896       0.697826       0.670662
            947         48.653         80.198       0.622411       0.670662
            948         29.470         61.052       0.674443       0.670662
            949         33.032         55.730       0.627855       0.670662
            950         12.077         82.784       0.872687       0.670662
            951          6.936        103.426       0.937155       0.670662
            952         39.851         86.197       0.683840       0.670662
            953         23.822         76.557       0.762675       0.670662
            954         20.840         49.513       0.703780       0.670662
            955         44.781         54.908       0.550790       0.670662
            956         25.208         57.143       0.693893       0.670662
            957         47.113         79.347       0.627450       0.670662
            958          5.854         67.328       0.920004       0.670662
            959         29.336         67.875       0.698228       0.670662
            960         32.102        120.740       0.789963       0.670662
            961          3.140         99.253       0.969335       0.670662
            962         23.428         95.797       0.803497       0.670662
            963         68.408         55.139       0.446303       0.670662
            964         10.515         62.381       0.855754       0.670662
            965         43.690         95.106       0.685221       0.670662
            966         65.592         39.043       0.373136       0.670662
            967         16.119         51.803       0.762682       0.670662
            968         31.752        125.861       0.798546       0.670662
            969         24.676         56.910       0.697543       0.670662
            970         28.381         69.974       0.711446       0.670662
            971         51.110         42.439       0.453652       0.670662
            972         16.237         66.966       0.804856       0.670662
            973         10.344        100.283       0.906493       0.670662
            974         26.311         51.494       0.661835       0.670662
            975          8.788         45.978       0.839530       0.670662
            976         29.831         74.928       0.715241       0.670662
            977        -11.439         99.564       1.129810       0.670662
            978         34.153         91.118       0.727368       0.670662
            979         29.313         49.649       0.628767       0.670662
            980         39.839         50.979       0.561332       0.670662
            981         16.703         82.435       0.831517       0.670662
            982         17.308         97.821       0.849664       0.670662
            983         23.342         64.619       0.734635       0.670662
            984         28.438         77.390       0.731281       0.670662
            985          2.618         50.370       0.950597       0.670662
            986         25.065        114.954       0.820989       0.670662
            987         44.661         45.365       0.503911       0.670662
            988         27.008        123.876       0.821000       0.670662
            989         69.751         72.166       0.508510       0.670662
            990         41.877         35.027       0.455464       0.670662
            991         20.770         53.570       0.720608       0.670662
            992          3.661         70.960       0.950933       0.670662
            993          9.490         12.834       0.574899       0.670662
            994         33.239         61.789       0.650218       0.670662
            995         73.832         43.774       0.372207       0.670662
            996         42.089        125.589       0.748989       0.670662
            997         29.415         60.078       0.671311       0.670662
            998         27.357        118.361       0.812259       0.670662
            999         29.925         72.698       0.708401       0.670662
           1000         56.010         45.918       0.450495       0.670662
