              1         15.967         48.821       0.753553       0.765548
              2         34.123        110.702       0.764388       0.765548
              3         20.567         95.085       0.822164       0.765548
              4         10.143         78.641       0.885761       0.765548
              5         32.872         97.537       0.747931       0.765548
              6         31.592         93.426       0.747301       0.765548
              7         -1.297         99.812       1.013166       0.765548
              8         19.246         66.953       0.776729       0.765548
              9         14.490         86.720       0.856835       0.765548
             10         32.913         62.326       0.654419       0.765548
             11         36.106         55.269       0.604856       0.765548
             12         47.795         66.253       0.580921       0.765548
             13         17.137         66.393       0.794841       0.765548
             14         34.842         61.149       0.637027       0.765548
             15         36.214         87.151       0.706452       0.765548
             16         20.497        105.312       0.837077       0.765548
             17         27.506         87.202       0.760208       0.765548
             18         29.520         71.519       0.707833       0.765548
             19         23.455         88.960       0.791351       0.765548
             20         37.641         97.408       0.721278       0.765548
             21         30.655        108.453       0.779629       0.765548
             22         22.800         93.545       0.804032       0.765548
             23         22.062         92.308       0.807104       0.765548
             24         24.637         72.246       0.745704       0.765548
             25         15.985         58.204       0.784535       0.765548
             26         46.408         86.460       0.650722       0.765548
             27         46.553         75.996       0.620128       0.765548
             28         32.135         74.935       0.699872       0.765548
             29         25.694         92.124       0.781920       0.765548
             30         40.684         92.045       0.693479       0.765548
             31         51.871        104.955       0.669247       0.765548
             32         19.553         97.135       0.832433       0.765548
             33         22.186         89.794       0.801875       0.765548
             34         13.241         76.445       0.852361       0.765548
             35         28.287         92.724       0.766242       0.765548
             36         25.150         51.791       0.673123       0.765548
             37         30.634         98.584       0.762924       0.765548
             38         15.120         99.674       0.868287       0.765548
             39         16.872         79.422       0.824789       0.765548
             40         20.659        100.181       0.829036       0.765548
             41         29.604         71.431       0.706995       0.765548
             42         21.310         52.199       0.710106       0.765548
             43         22.683         65.796       0.743630       0.765548
             44         32.152         62.358       0.659799       0.765548
             45         29.585         95.531       0.763537       0.765548
             46         30.452         82.513       0.730431       0.765548
             47         24.665         96.413       0.796292       0.765548
             48         -0.731         86.942       1.008479       0.765548
             49         29.073         72.911       0.714922       0.765548
             50         12.606         77.725       0.860443       0.765548
             51         19.133         68.533       0.781749       0.765548
             52         39.128         65.507       0.626051       0.765548
             53         -3.471         45.347       1.082889       0.765548
             54         20.339         97.720       0.827719       0.765548
             55         24.127         60.116       0.713603       0.765548
             56         15.319         89.312       0.853590       0.765548
             57         20.540         82.294       0.800259       0.765548
             58         10.118         80.822       0.888740       0.765548
             59         29.856         81.310       0.731429       0.765548
             60         37.969         84.971       0.691158       0.765548
             61         38.502         90.678       0.701950       0.765548
             62         16.914         64.657       0.792647       0.765548
             63         32.058         80.898       0.716192       0.765548
             64         26.452         96.968       0.785676       0.765548
             65         37.239         84.673       0.694539       0.765548
             66         17.680         90.855       0.837100       0.765548
             67         21.448         47.235       0.687727       0.765548
             68         27.411        105.092       0.793132       0.765548
             69         15.186         50.331       0.768206       0.765548
             70         20.722         85.661       0.805210       0.765548
             71         26.770         92.398       0.775356       0.765548
             72         31.705         88.758       0.736810       0.765548
             73          7.361         65.716       0.899274       0.765548
             74         10.782         70.547       0.867427       0.765548
             75         -7.934        125.399       1.067545       0.765548
             76         18.404         86.467       0.824506       0.765548
             77         30.307         87.288       0.742274       0.765548
             78         23.281         74.216       0.761216       0.765548
             79         23.473         98.048       0.806841       0.765548
             80         24.984         97.818       0.796550       0.765548
             81         30.140         73.842       0.710141       0.765548
             82         30.918         53.335       0.633032       0.765548
             83         33.258         61.130       0.647648       0.765548
             84         22.353         96.140       0.811358       0.765548
             85         18.796         93.537       0.832677       0.765548
             86         14.419         85.660       0.855922       0.765548
             87         14.277         73.080       0.836567       0.765548
             88         13.714         75.896       0.846960       0.765548
             89         16.887         88.111       0.839166       0.765548
             90         23.524         83.585       0.780370       0.765548
             91         29.872         92.885       0.756656       0.765548
             92         19.396         79.038       0.802951       0.765548
             93         26.117         57.684       0.688346       0.765548
             94         23.631         75.613       0.761887       0.765548
             95         20.772         67.314       0.764186       0.765548
             96         23.024        116.385       0.834843       0.765548
             97         15.442         81.082       0.840015       0.765548
             98         10.637         82.387       0.885651       0.765548
             99         12.009         54.396       0.819157       0.765548
            100         16.661         66.988       0.800818       0.765548
            101         27.064        106.420       0.797251       0.765548
            102         18.686         82.802       0.815881       0.765548
            103         19.955         72.878       0.785049       0.765548
            104         35.299         75.933       0.682654       0.765548
            105         18.761         61.599       0.766541       0.765548
            106         23.298         53.302       0.695854       0.765548
            107         15.354         95.618       0.861639       0.765548
            108         17.505         71.874       0.804146       0.765548
            109         14.128         89.886       0.864169       0.765548
            110         25.683         80.408       0.757913       0.765548
            111         27.433         77.580       0.738769       0.765548
            112         20.698         61.537       0.748306       0.765548
            113         21.946         56.818       0.721368       0.765548
            114         20.570         68.967       0.770260       0.765548
            115         11.982         78.255       0.867220       0.765548
            116         25.942        106.881       0.804688       0.765548
            117         15.995         82.545       0.837677       0.765548
            118         20.830         85.784       0.804624       0.765548
            119         21.908         56.981       0.722294       0.765548
            120         17.569         77.260       0.814727       0.765548
            121         23.663         61.800       0.723116       0.765548
            122         27.723         77.533       0.736615       0.765548
            123          6.963         83.067       0.922662       0.765548
            124         13.654         73.998       0.844221       0.765548
            125         12.792        117.417       0.901757       0.765548
            126         27.429         93.461       0.773109       0.765548
            127         11.893         59.675       0.833819       0.765548
            128         14.953         96.665       0.866032       0.765548
            129         19.413         61.640       0.760492       0.765548
            130         23.574         74.956       0.760744       0.765548
            131         21.442         86.188       0.800780       0.765548
            132          8.316         51.986       0.862090       0.765548
            133         11.040         91.017       0.891827       0.765548
            134         17.450        101.090       0.852795       0.765548
            135         18.727         68.725       0.785861       0.765548
            136          7.310         86.262       0.921882       0.765548
            137         18.866         65.195       0.775570       0.765548
            138         26.143         78.548       0.750282       0.765548
            139         44.626         86.552       0.659806       0.765548
            140         14.297         63.244       0.815616       0.765548
            141         27.398         62.929       0.696677       0.765548
            142         24.618         73.915       0.750156       0.765548
            143          7.087         96.560       0.931624       0.765548
            144         26.730         81.144       0.752207       0.765548
            145         23.304        115.306       0.831874       0.765548
            146         26.378         74.230       0.737811       0.765548
            147         22.754         69.756       0.754038       0.765548
            148         33.910         80.860       0.704543       0.765548
            149         28.877        102.664       0.780469       0.765548
            150         42.693         61.188       0.589020       0.765548
            151         35.072         60.577       0.633325       0.765548
            152         21.866         68.366       0.757671       0.765548
            153         36.583         54.210       0.597071       0.765548
            154         10.242        104.928       0.911069       0.765548
            155         14.673         92.324       0.862862       0.765548
            156         19.511         75.474       0.794588       0.765548
            157         10.217         45.884       0.817883       0.765548
            158         34.837         98.298       0.738333       0.765548
            159         45.836         84.148       0.647375       0.765548
            160         36.232         82.928       0.695935       0.765548
            161         31.407         38.208       0.548850       0.765548
            162         32.172         87.561       0.731301       0.765548
            163         16.565         97.309       0.854530       0.765548
            164         31.739        109.011       0.774500       0.765548
            165         21.993         60.716       0.734094       0.765548
            166         29.211         67.592       0.698246       0.765548
            167         22.557         82.688       0.785668       0.765548
            168         17.480         65.690       0.789827       0.765548
            169         29.062         74.485       0.719337       0.765548
            170         22.063         93.793       0.809562       0.765548
            171         31.414        108.428       0.775363       0.765548
            172         33.439         54.638       0.620345       0.765548
            173         15.532         72.288       0.823139       0.765548
            174         25.646         56.133       0.686400       0.765548
            175         16.059         52.494       0.765742       0.765548
            176         26.333         80.264       0.752964       0.765548
            177         28.569         41.198       0.590509       0.765548
            178         15.194         92.904       0.859439       0.765548
            179         22.313         80.454       0.782873       0.765548
            180         32.160        115.895       0.782781       0.765548
            181         26.295         69.133       0.724448       0.765548
            182         13.272         36.876       0.735350       0.765548
            183         18.532         75.480       0.802874       0.765548
            184         25.377         66.848       0.724838       0.765548
            185         22.369         56.977       0.718077       0.765548
            186         -1.169         93.511       1.012654       0.765548
            187         28.826         57.977       0.667915       0.765548
            188         34.436         84.917       0.711477       0.765548
            189         11.874         84.374       0.876628       0.765548
            190         19.684         93.201       0.825630       0.765548
            191         28.243         81.046       0.741578       0.765548
            192         38.635         72.728       0.653072       0.765548
            193         10.067         54.941       0.845147       0.765548
            194         32.693         73.071       0.690888       0.765548
            195         20.304         85.368       0.807860       0.765548
            196         20.220         82.180       0.802542       0.765548
            197         24.576         84.490       0.774669       0.765548
            198          8.914         67.513       0.883371       0.765548
            199         37.188         61.572       0.623453       0.765548
            200         26.133         90.361       0.775669       0.765548
            201         18.127        110.729       0.859322       0.765548
            202         22.843         84.806       0.787798       0.765548
            203         12.451        105.679       0.894600       0.765548
            204         28.234         70.544       0.714164       0.765548
            205         24.598        104.030       0.808769       0.765548
            206         24.079         65.184       0.730251       0.765548
            207         14.023         63.849       0.819924       0.765548
            208         29.908        109.544       0.785531       0.765548
            209         37.728         85.575       0.694020       0.765548
            210         30.828         86.347       0.736909       0.765548
            211         32.531         62.280       0.656887       0.765548
            212         25.456         70.945       0.735936       0.765548
            213         31.665        102.182       0.763423       0.765548
            214         41.692         80.412       0.658553       0.765548
            215         33.519         92.999       0.735063       0.765548
            216         23.110         50.350       0.685406       0.765548
            217          9.244         89.721       0.906593       0.765548
            218         15.148         97.026       0.864958       0.765548
            219         27.641         77.534       0.737192       0.765548
            220         12.374         73.018       0.855091       0.765548
            221         14.062         84.066       0.856697       0.765548
            222          4.714         50.264       0.914252       0.765548
            223         14.441         87.268       0.858021       0.765548
            224         29.119         68.596       0.701999       0.765548
            225         18.098         85.234       0.824860       0.765548
            226         25.404         39.485       0.608504       0.765548
            227         21.098         72.431       0.774421       0.765548
            228         14.390         75.119       0.839231       0.765548
            229         37.191         68.771       0.649015       0.765548
            230         35.783         59.225       0.623367       0.765548
            231         16.141         91.578       0.850159       0.765548
            232         33.838         75.912       0.691683       0.765548
            233          8.501         44.834       0.840609       0.765548
            234         24.633         93.499       0.791480       0.765548
            235         15.064         86.531       0.851721       0.765548
            236         27.369         75.432       0.733770       0.765548
            237         12.460         67.796       0.844751       0.765548
            238         40.638         66.771       0.621648       0.765548
            239         35.452         95.798       0.729888       0.765548
            240         24.467         81.619       0.769370       0.765548
            241         16.151        103.776       0.865328       0.765548
            242         21.561         55.479       0.720127       0.765548
            243         20.701         77.042       0.788213       0.765548
            244         33.134         72.592       0.686603       0.765548
            245         34.925        121.034       0.776066       0.765548
            246         26.837         85.900       0.761948       0.765548
            247         11.497         89.604       0.886278       0.765548
            248         30.614         72.636       0.703497       0.765548
            249         43.807         65.964       0.600926       0.765548
            250         34.386         83.215       0.707602       0.765548
            251         24.134         86.464       0.781784       0.765548
            252         16.532         94.511       0.851122       0.765548
            253         24.467         79.276       0.764160       0.765548
            254         14.314         86.409       0.857886       0.765548
            255          6.060         61.637       0.910487       0.765548
            256         25.246         79.333       0.758596       0.765548
            257         20.298         89.000       0.814287       0.765548
            258         25.940         33.781       0.565650       0.765548
            259         12.248         62.508       0.836163       0.765548
            260         28.245         87.512       0.755996       0.765548
            261         14.028         79.932       0.850704       0.765548
            262         20.623         75.360       0.785137       0.765548
            263         11.536         73.380       0.864151       0.765548
            264         28.787         83.628       0.743921       0.765548
            265          3.831         92.802       0.960353       0.765548
            266         -5.678         71.894       1.085748       0.765548
            267         22.667         99.473       0.814415       0.765548
            268         19.069         96.723       0.835313       0.765548
            269         32.049         86.745       0.730212       0.765548
            270         14.813         88.729       0.856940       0.765548
            271         22.501         75.943       0.771436       0.765548
            272          8.377         81.502       0.906795       0.765548
            273         25.300         64.782       0.719144       0.765548
            274         24.610         59.694       0.708078       0.765548
            275         25.674         84.609       0.767195       0.765548
            276         27.890         90.141       0.763704       0.765548
            277         14.089         89.376       0.863826       0.765548
            278         23.677         81.395       0.774662       0.765548
            279         22.921         42.461       0.649433       0.765548
            280         12.212         54.354       0.816541       0.765548
            281         26.149         78.234       0.749492       0.765548
            282         12.690         86.248       0.871737       0.765548
            283         27.121         41.933       0.607252       0.765548
            284         38.642         45.579       0.541178       0.765548
            285         17.609         75.128       0.810120       0.765548
            286         13.323         74.431       0.848175       0.765548
            287         32.599         72.989       0.691263       0.765548
            288         29.077         71.848       0.711897       0.765548
            289         27.609         51.019       0.648868       0.765548
            290         20.592         63.122       0.754016       0.765548
            291         21.121         98.996       0.824160       0.765548
            292         29.623        124.125       0.807329       0.765548
            293         30.989         84.185       0.730935       0.765548
            294         28.881         53.886       0.651059       0.765548
            295         32.675         68.220       0.676152       0.765548
            296         26.883         65.012       0.707456       0.765548
            297         46.723         89.668       0.657435       0.765548
            298         28.196         72.720       0.720601       0.765548
            299         35.850         78.571       0.686683       0.765548
            300         32.403         58.657       0.644161       0.765548
            301         23.529         74.739       0.760558       0.765548
            302         48.782         52.251       0.517164       0.765548
            303         19.348         83.308       0.811526       0.765548
            304         20.207        118.312       0.854123       0.765548
            305         33.275         66.458       0.666361       0.765548
            306         30.508         60.335       0.664170       0.765548
            307         26.986         75.395       0.736416       0.765548
            308         27.615        106.197       0.793630       0.765548
            309         38.408         75.304       0.662236       0.765548
            310         16.199         89.448       0.846666       0.765548
            311         27.596         96.880       0.778303       0.765548
            312         33.078         60.784       0.647588       0.765548
            313         32.564         79.021       0.708171       0.765548
            314         37.450         98.250       0.724023       0.765548
            315         36.737         64.703       0.637849       0.765548
            316          6.940         57.192       0.891792       0.765548
            317         32.770         57.852       0.638389       0.765548
            318         39.905         89.518       0.691668       0.765548
            319         37.504         76.989       0.672432       0.765548
            320         24.217         74.062       0.753588       0.765548
            321         33.920         36.303       0.516968       0.765548
            322         23.312         76.092       0.765485       0.765548
            323         21.138         87.629       0.805660       0.765548
            324         33.752         31.918       0.486040       0.765548
            325         32.735         87.028       0.726670       0.765548
            326         48.168         87.065       0.643813       0.765548
            327         24.819         51.983       0.676848       0.765548
            328         -0.041         72.000       1.000573       0.765548
            329         15.698         72.158       0.821324       0.765548
            330         22.883         69.576       0.752506       0.765548
            331          7.161         66.023       0.902146       0.765548
            332         30.661         67.180       0.686625       0.765548
            333         29.600         80.663       0.731553       0.765548
            334         29.841         74.157       0.713061       0.765548
            335         14.060         99.381       0.876057       0.765548
            336         18.950         87.635       0.822212       0.765548
            337         28.179         67.525       0.705562       0.765548
            338         36.382         91.783       0.716131       0.765548
            339         27.378         91.919       0.770506       0.765548
            340          4.275         78.911       0.948614       0.765548
            341         23.276         63.225       0.730917       0.765548
            342          7.003         83.534       0.922653       0.765548
            343          5.802         77.594       0.930423       0.765548
            344         22.462         56.924       0.717052       0.765548
            345         24.704         89.154       0.783027       0.765548
            346         49.888         71.920       0.590437       0.765548
            347         12.427         89.594       0.878192       0.765548
            348         13.704         69.259       0.834823       0.765548
            349         46.120         67.674       0.594704       0.765548
            350         26.327         66.703       0.717002       0.765548
            351         32.967         91.814       0.735802       0.765548
            352         13.433         58.697       0.813766       0.765548
            353         21.290         55.933       0.724305       0.765548
            354         44.228         52.845       0.544380       0.765548
            355         16.688         41.837       0.714851       0.765548
            356         22.944         78.155       0.773049       0.765548
            357         18.111         79.838       0.815096       0.765548
            358         36.171         78.195       0.683722       0.765548
            359         26.938         74.146       0.733507       0.765548
            360         12.834         75.449       0.854623       0.765548
            361         39.085         89.677       0.696455       0.765548
            362         34.018        114.777       0.771379       0.765548
            363         34.537         71.266       0.673575       0.765548
            364         19.527         39.156       0.667244       0.765548
            365         28.522         33.755       0.542010       0.765548
            366         26.040         65.573       0.715760       0.765548
            367         39.133         62.901       0.616469       0.765548
            368         23.022         79.923       0.776368       0.765548
            369         42.449         70.664       0.624718       0.765548
            370         23.998         75.026       0.757655       0.765548
            371         35.868         95.770       0.727525       0.765548
            372         29.546         55.663       0.653252       0.765548
            373         24.973         73.207       0.745639       0.765548
            374         27.495         45.959       0.625687       0.765548
            375         22.787         80.364       0.779093       0.765548
            376         21.292         89.412       0.807665       0.765548
            377         26.913         74.953       0.735798       0.765548
            378         17.232         93.869       0.844895       0.765548
            379         35.425         85.922       0.708066       0.765548
            380         16.275         57.257       0.778673       0.765548
            381         19.890         66.752       0.770432       0.765548
            382         31.727         67.547       0.680412       0.765548
            383         25.385         80.576       0.760430       0.765548
            384         32.959         96.188       0.744793       0.765548
            385         33.907         68.186       0.667883       0.765548
            386         19.574         83.656       0.810383       0.765548
            387         44.089        102.602       0.699441       0.765548
            388         31.203         33.913       0.520808       0.765548
            389         23.810         81.397       0.773680       0.765548
            390         27.250         87.600       0.762734       0.765548
            391         34.144         83.198       0.709018       0.765548
            392         28.832         87.594       0.752361       0.765548
            393         30.033         53.596       0.640875       0.765548
            394         25.575         80.954       0.759923       0.765548
            395         26.191         55.827       0.680663       0.765548
            396          7.416         56.140       0.883319       0.765548
            397         43.506        103.528       0.704111       0.765548
            398         14.598         72.649       0.832684       0.765548
            399         22.256        104.937       0.825021       0.765548
            400         31.002         68.878       0.689608       0.765548
            401         24.816         75.764       0.753268       0.765548
            402         40.414         55.040       0.576613       0.765548
            403         23.686         58.873       0.713100       0.765548
            404         28.035         39.519       0.584995       0.765548
            405         26.754         90.881       0.772569       0.765548
            406         17.932         68.391       0.792267       0.765548
            407         23.559        109.292       0.822668       0.765548
            408         35.672         85.156       0.704772       0.765548
            409         35.204         86.801       0.711454       0.765548
            410         22.804         57.002       0.714257       0.765548
            411         28.308         75.660       0.727728       0.765548
            412         21.355         60.719       0.739807       0.765548
            413         15.257         66.906       0.814311       0.765548
            414         29.354         73.021       0.713272       0.765548
            415         45.411        104.532       0.697148       0.765548
            416         43.553         77.479       0.640151       0.765548
            417         19.076         71.152       0.788575       0.765548
            418         29.003         67.801       0.700398       0.765548
            419         27.004         63.301       0.700970       0.765548
            420         23.712         68.669       0.743327       0.765548
            421         21.653         82.967       0.793035       0.765548
            422         24.896         78.176       0.758464       0.765548
            423         29.992        105.253       0.778239       0.765548
            424         28.003         71.185       0.717677       0.765548
            425         23.991         72.910       0.752422       0.765548
            426         19.079         71.954       0.790419       0.765548
            427         29.312         48.283       0.622245       0.765548
            428         22.378         82.479       0.786582       0.765548
            429         38.021         76.009       0.666569       0.765548
            430         22.843         73.272       0.762339       0.765548
            431         53.617         71.624       0.571890       0.765548
            432          9.600         97.316       0.910212       0.765548
            433         26.323         84.865       0.763254       0.765548
            434         35.810         84.850       0.703214       0.765548
            435         19.904         56.335       0.738929       0.765548
            436         38.168         90.004       0.702214       0.765548
            437         29.006         82.231       0.739241       0.765548
            438         30.597         93.496       0.753436       0.765548
            439         18.337        118.737       0.866226       0.765548
            440         27.606         75.685       0.732738       0.765548
            441          9.583         84.907       0.898580       0.765548
            442         10.146         86.343       0.894844       0.765548
            443         18.255         73.641       0.801353       0.765548
            444         26.472         65.537       0.712292       0.765548
            445         20.480         72.332       0.779341       0.765548
            446         25.643         81.336       0.760298       0.765548
            447         32.049        103.186       0.763011       0.765548
            448         20.423         73.867       0.783399       0.765548
            449         17.475         43.690       0.714290       0.765548
            450         35.018         87.319       0.713761       0.765548
            451         32.510         56.677       0.635486       0.765548
            452         28.128         73.959       0.724471       0.765548
            453          9.091         56.938       0.862322       0.765548
            454         21.696         76.342       0.778696       0.765548
            455         12.807         67.194       0.839911       0.765548
            456         38.262         64.830       0.628855       0.765548
            457          1.340         89.825       0.985305       0.765548
            458         38.372         58.683       0.604636       0.765548
            459         26.768         71.075       0.726421       0.765548
            460         30.728         83.611       0.731253       0.765548
            461         33.803         74.327       0.687382       0.765548
            462         31.920         70.082       0.687065       0.765548
            463         21.052         70.190       0.769270       0.765548
            464         17.935         65.709       0.785581       0.765548
            465         22.843         38.234       0.626002       0.765548
            466         19.990         22.424       0.528689       0.765548
            467         11.438         68.737       0.857332       0.765548
            468         30.506         68.737       0.692614       0.765548
            469         13.079         68.065       0.838817       0.765548
            470         42.298         72.230       0.630677       0.765548
            471         12.089         87.931       0.879130       0.765548
            472         32.111         61.962       0.658662       0.765548
            473         32.234         82.697       0.719540       0.765548
            474         31.974         76.045       0.703996       0.765548
            475         18.976         57.196       0.750880       0.765548
            476         31.024         70.249       0.693657       0.765548
            477         31.165         53.387       0.631412       0.765548
            478         32.300        104.031       0.763074       0.765548
            479         20.798         62.706       0.750936       0.765548
            480         20.415         92.558       0.819292       0.765548
            481         31.352         60.035       0.656931       0.765548
            482         36.908         95.032       0.720264       0.765548
            483          8.342         85.020       0.910647       0.765548
            484         30.779         50.596       0.621764       0.765548
            485         29.779         72.765       0.709599       0.765548
            486         16.799        103.596       0.860467       0.765548
            487         31.366         83.610       0.727194       0.765548
            488         14.737         84.733       0.851845       0.765548
            489         13.410        127.022       0.904512       0.765548
            490         17.400         66.560       0.792756       0.765548
            491          8.861         96.489       0.915887       0.765548
            492         19.487         99.281       0.835927       0.765548
            493         21.438         85.894       0.800265       0.765548
            494         28.776         52.049       0.643972       0.765548
            495         16.966         63.601       0.789416       0.765548
            496         11.764         60.273       0.836698       0.765548
            497          9.614         77.860       0.890093       0.765548
            498         15.908         59.475       0.788967       0.765548
            499          4.648         90.261       0.951031       0.765548
            500         18.118         78.993       0.813427       0.765548
            501         17.551         73.484       0.807202       0.765548
            502         17.493         82.793       0.825567       0.765548
            503         18.926         70.083       0.787373       0.765548
            504         28.232         85.617       0.752024       0.765548
            505         30.768        111.769       0.784141       0.765548
            506          9.277         62.947       0.871557       0.765548
            507         34.796         87.641       0.715803       0.765548
            508         -1.471         99.684       1.014977       0.765548
            509         13.106         78.563       0.857026       0.765548
            510         28.371         63.788       0.692149       0.765548
            511         33.733         65.908       0.661454       0.765548
            512         27.221         86.846       0.761361       0.765548
            513         31.670        100.119       0.759690       0.765548
            514         48.465         97.811       0.668673       0.765548
            515         25.777        102.703       0.799370       0.765548
            516         19.273         61.576       0.761619       0.765548
            517         15.178         73.743       0.829312       0.765548
            518         24.695         51.939       0.677755       0.765548
            519          7.641         59.848       0.886779       0.765548
            520         15.646         72.559       0.822613       0.765548
            521         26.744         51.750       0.659284       0.765548
            522         12.190         66.481       0.845052       0.765548
            523         17.003         85.074       0.833433       0.765548
            524         22.303         59.568       0.727581       0.765548
            525         18.618         66.162       0.780392       0.765548
            526         14.080         73.083       0.838467       0.765548
            527         26.225         62.164       0.703298       0.765548
            528         35.649         79.310       0.689896       0.765548
            529         20.485         62.239       0.752369       0.765548
            530         31.987         64.151       0.667281       0.765548
            531          8.969         80.801       0.900085       0.765548
            532         21.921         55.159       0.715611       0.765548
            533         26.678         74.527       0.736396       0.765548
            534         34.770         82.831       0.704342       0.765548
            535         32.746         86.527       0.725452       0.765548
            536         23.824         76.975       0.763650       0.765548
            537          1.960         58.178       0.967415       0.765548
            538         36.252         70.656       0.660908       0.765548
            539         22.849         69.242       0.751889       0.765548
            540         16.926         80.575       0.826399       0.765548
            541         16.491         69.056       0.807230       0.765548
            542         27.496         84.980       0.755537       0.765548
            543         -2.446         73.749       1.034303       0.765548
            544         35.148         90.270       0.719753       0.765548
            545         17.760         50.765       0.740820       0.765548
            546         30.563         45.713       0.599312       0.765548
            547         33.854         81.900       0.707536       0.765548
            548         38.275         96.235       0.715447       0.765548
            549         22.596         69.034       0.753396       0.765548
            550          9.341         81.947       0.897673       0.765548
            551         30.077         96.690       0.762735       0.765548
            552         33.264         62.123       0.651272       0.765548
            553         38.482         98.583       0.719242       0.765548
            554         12.282         77.466       0.863150       0.765548
            555         22.710         78.275       0.775117       0.765548
            556         27.499         99.182       0.782924       0.765548
            557          9.557         65.036       0.871884       0.765548
            558         20.633         80.479       0.795943       0.765548
            559         42.622         76.221       0.641357       0.765548
            560         22.119         48.115       0.685065       0.765548
            561         14.683         51.932       0.779583       0.765548
            562         19.792         58.232       0.746335       0.765548
            563         43.765         65.021       0.597696       0.765548
            564         26.021         97.041       0.788552       0.765548
            565          9.953         63.495       0.864489       0.765548
            566         18.583        105.681       0.850454       0.765548
            567         32.325         73.340       0.694082       0.765548
            568         25.486         66.584       0.723187       0.765548
            569         15.280         49.778       0.765129       0.765548
            570         23.654         70.649       0.749171       0.765548
            571         20.739         75.263       0.783972       0.765548
            572         23.427         88.418       0.790542       0.765548
            573         33.277         64.882       0.660993       0.765548
            574         32.375         91.425       0.738492       0.765548
            575         22.964         57.193       0.713517       0.765548
            576         34.708         86.612       0.713916       0.765548
            577         31.229         64.797       0.674789       0.765548
            578         34.032         83.856       0.711322       0.765548
            579         16.098         48.305       0.750040       0.765548
            580         32.255        103.914       0.763127       0.765548
            581         33.912         86.813       0.719099       0.765548
            582         14.351         82.831       0.852331       0.765548
            583         30.978         97.162       0.758248       0.765548
            584         14.954         78.785       0.840473       0.765548
            585         22.060        111.148       0.834397       0.765548
            586         21.615         57.969       0.728403       0.765548
            587         20.492         53.646       0.723600       0.765548
            588         26.099         98.808       0.791050       0.765548
            589         31.728         61.681       0.660336       0.765548
            590         21.758         47.454       0.685626       0.765548
            591         38.561         54.880       0.587320       0.765548
            592         22.056         72.238       0.766096       0.765548
            593         20.798         85.863       0.805010       0.765548
            594         39.454        100.523       0.718137       0.765548
            595         26.071         32.159       0.552277       0.765548
            596         14.437         70.325       0.829677       0.765548
            597         20.996         83.562       0.799196       0.765548
            598         17.126         62.853       0.785868       0.765548
            599         35.635         89.840       0.715997       0.765548
            600         11.555         78.620       0.871862       0.765548
            601         22.535         90.737       0.801054       0.765548
            602         13.640         73.995       0.844351       0.765548
            603         30.748         48.904       0.613972       0.765548
            604         27.604         87.041       0.759219       0.765548
            605         32.834         77.824       0.703283       0.765548
            606         28.447         55.484       0.661068       0.765548
            607         32.710         79.322       0.708029       0.765548
            608         13.801         57.977       0.807728       0.765548
            609         17.811         78.429       0.814932       0.765548
            610         31.793         86.480       0.731187       0.765548
            611         12.903         62.538       0.828968       0.765548
            612         22.833        103.458       0.819204       0.765548
            613         17.289         73.886       0.810371       0.765548
            614         23.235         41.961       0.643614       0.765548
            615         35.618         80.654       0.693666       0.765548
            616         24.288         51.099       0.677818       0.765548
            617         30.519         73.020       0.705242       0.765548
            618         37.985         51.840       0.577125       0.765548
            619         33.679         42.156       0.555896       0.765548
            620         23.660         76.508       0.763794       0.765548
            621         11.849         90.162       0.883842       0.765548
            622         16.852         60.240       0.781409       0.765548
            623         12.804         89.851       0.875275       0.765548
            624         31.776         95.913       0.751144       0.765548
            625         32.665         76.673       0.701246       0.765548
            626         20.339         64.312       0.759734       0.765548
            627         33.695         76.381       0.693893       0.765548
            628          9.116         62.488       0.872694       0.765548
            629         18.816         81.844       0.813075       0.765548
            630         22.975         69.481       0.751504       0.765548
            631         32.593         65.338       0.667186       0.765548
            632          6.400        101.008       0.940415       0.765548
            633         11.749         57.181       0.829555       0.765548
            634         34.182         83.714       0.710067       0.765548
            635         11.769         71.517       0.858691       0.765548
            636         15.074         83.426       0.846966       0.765548
            637         16.490         71.145       0.811837       0.765548
            638         25.213         80.076       0.760538       0.765548
            639         27.549         98.965       0.782245       0.765548
            640         22.854         83.663       0.785439       0.765548
            641         17.121         92.568       0.843913       0.765548
            642         39.018         80.834       0.674447       0.765548
            643         18.820         82.301       0.813886       0.765548
            644         13.543         97.413       0.877943       0.765548
            645         19.919        105.220       0.840826       0.765548
            646         14.287         58.586       0.803944       0.765548
            647          0.905         74.433       0.987986       0.765548
            648         35.852         80.953       0.693063       0.765548
            649         16.248         70.788       0.813322       0.765548
            650         22.490         78.378       0.777032       0.765548
            651         16.718         98.757       0.855227       0.765548
            652         20.573         77.025       0.789206       0.765548
            653         26.320         81.537       0.755975       0.765548
            654         15.199         67.130       0.815387       0.765548
            655         33.590        107.543       0.761995       0.765548
            656         24.878         78.890       0.760253       0.765548
            657         21.058         80.127       0.791883       0.765548
            658         13.270         86.129       0.866501       0.765548
            659         33.862         41.780       0.552343       0.765548
            660          7.290         83.099       0.919345       0.765548
            661         20.385         73.884       0.783753       0.765548
            662         27.744         65.357       0.702002       0.765548
            663         23.078        105.509       0.820529       0.765548
            664         26.878         97.575       0.784032       0.765548
            665         -0.633         73.755       1.008654       0.765548
            666         25.241        133.822       0.841313       0.765548
            667         19.381         98.643       0.835791       0.765548
            668         34.666         95.629       0.733945       0.765548
            669         32.373         85.146       0.724532       0.765548
            670         20.053         71.829       0.781755       0.765548
            671         31.533         73.485       0.699734       0.765548
            672         29.330        125.562       0.810644       0.765548
            673         19.442        100.912       0.838460       0.765548
            674         16.170         70.376       0.813164       0.765548
            675         16.962         90.015       0.841439       0.765548
            676         31.399         71.819       0.695803       0.765548
            677         10.959         84.130       0.884753       0.765548
            678         11.437         64.963       0.850304       0.765548
            679          8.057         90.619       0.918353       0.765548
            680         -2.582         61.026       1.044171       0.765548
            681         31.072        119.265       0.793316       0.765548
            682         19.551         85.440       0.813783       0.765548
            683         26.156         68.803       0.724557       0.765548
            684         20.684         84.994       0.804273       0.765548
            685         21.337         75.299       0.779200       0.765548
            686         25.305         94.200       0.788250       0.765548
            687         11.338         73.171       0.865832       0.765548
            688          6.961         77.084       0.917173       0.765548
            689         24.517         86.501       0.779164       0.765548
            690         35.976         91.243       0.717215       0.765548
            691         26.959         75.695       0.737377       0.765548
            692         17.784         70.208       0.797887       0.765548
            693         41.089        109.217       0.726628       0.765548
            694         20.673         64.937       0.758523       0.765548
            695          5.636         90.365       0.941295       0.765548
            696         11.569         40.927       0.779619       0.765548
            697         23.193         77.223       0.769034       0.765548
            698         26.316         89.369       0.772521       0.765548
            699          7.766        114.219       0.936340       0.765548
            700         10.316         84.555       0.891267       0.765548
            701         26.328         91.443       0.776444       0.765548
            702         23.399         83.261       0.780624       0.765548
            703          7.487         39.411       0.840350       0.765548
            704         16.401         90.949       0.847217       0.765548
            705         23.235         90.105       0.794997       0.765548
            706          8.937         59.356       0.869134       0.765548
            707         11.158         57.188       0.836741       0.765548
            708         15.570         84.260       0.844035       0.765548
            709         27.058         69.819       0.720696       0.765548
            710         36.203         90.705       0.714729       0.765548
            711         13.886         39.064       0.737759       0.765548
            712         25.965         67.952       0.723534       0.765548
            713         24.645         47.757       0.659607       0.765548
            714         31.564         61.360       0.660321       0.765548
            715          8.525         56.860       0.869612       0.765548
            716         27.303         97.092       0.780514       0.765548
            717         10.969         96.692       0.898114       0.765548
            718         11.940         87.504       0.879936       0.765548
            719         14.768         71.375       0.828562       0.765548
            720         28.356         62.699       0.688586       0.765548
            721          2.414         71.182       0.967203       0.765548
            722         21.479         84.146       0.796651       0.765548
            723         40.524         79.301       0.661808       0.765548
            724         24.529         87.809       0.781652       0.765548
            725         13.525         72.808       0.843344       0.765548
            726          3.899         90.295       0.958611       0.765548
            727         19.150         71.788       0.789414       0.765548
            728         30.488         38.918       0.560727       0.765548
            729         26.386         34.410       0.565995       0.765548
            730         24.157         82.436       0.773372       0.765548
            731         40.528         67.494       0.624819       0.765548
            732         21.721         62.053       0.740715       0.765548
            733         22.705         56.840       0.714563       0.765548
            734         59.106         59.010       0.499594       0.765548
            735         34.277         98.440       0.741727       0.765548
            736         17.626         80.758       0.820848       0.765548
            737         44.029         76.641       0.635131       0.765548
            738         43.354         74.111       0.630920       0.765548
            739         18.927         63.641       0.770771       0.765548
            740         23.864         69.270       0.743766       0.765548
            741         25.777         85.579       0.768519       0.765548
            742         30.800         45.567       0.596684       0.765548
            743         10.812         94.963       0.897780       0.765548
            744         16.514         88.722       0.843077       0.765548
            745         48.190         72.123       0.599465       0.765548
            746         25.432         85.932       0.771634       0.765548
            747         40.620         79.915       0.663004       0.765548
            748         25.683         45.205       0.637701       0.765548
            749         27.322         65.152       0.704543       0.765548
            750         14.839         69.081       0.823177       0.765548
            751         34.910         75.094       0.682649       0.765548
            752         29.140         64.689       0.689438       0.765548
            753         33.309         87.206       0.723614       0.765548
            754         13.971         89.562       0.865061       0.765548
            755         25.793         68.940       0.727728       0.765548
            756         35.294         59.549       0.627871       0.765548
            757         27.837         83.944       0.750972       0.765548
            758         22.141         52.796       0.704541       0.765548
            759         32.530         66.397       0.671173       0.765548
            760         20.057         86.860       0.812405       0.765548
            761         13.439         46.163       0.774517       0.765548
            762         25.179         58.729       0.699922       0.765548
            763         28.594         54.354       0.655278       0.765548
            764         21.325        101.503       0.826381       0.765548
            765         22.676         77.088       0.772707       0.765548
            766         45.172         90.124       0.666126       0.765548
            767         33.231         78.937       0.703740       0.765548
            768         22.367         82.016       0.785720       0.765548
            769         29.475         49.426       0.626432       0.765548
            770         17.718         76.769       0.812486       0.765548
            771         29.225         80.904       0.734631       0.765548
            772         27.995         79.785       0.740260       0.765548
            773         40.556         93.459       0.697377       0.765548
            774         20.749         98.682       0.826267       0.765548
            775         25.910         68.038       0.724210       0.765548
            776         11.861         46.950       0.798316       0.765548
            777         28.905         75.968       0.724384       0.765548
            778          5.290         85.759       0.941898       0.765548
            779         21.649         79.041       0.784995       0.765548
            780         44.542         91.690       0.673045       0.765548
            781         17.178         78.900       0.821206       0.765548
            782         43.272         91.984       0.680075       0.765548
            783          9.891         69.691       0.875718       0.765548
            784         29.449         85.398       0.743581       0.765548
            785         26.271         59.763       0.694646       0.765548
            786         35.593         92.098       0.721258       0.765548
            787         42.701         78.851       0.648699       0.765548
            788         30.362        107.891       0.780386       0.765548
            789         11.624         89.618       0.885182       0.765548
            790         10.121         95.439       0.904125       0.765548
            791          0.165         83.928       0.998034       0.765548
            792         20.389         75.719       0.787851       0.765548
            793         16.591         43.897       0.725716       0.765548
            794         40.841         87.440       0.681629       0.765548
            795         20.501         57.140       0.735950       0.765548
            796         12.257         79.702       0.866710       0.765548
            797         20.352         82.786       0.802674       0.765548
            798         32.540        103.264       0.760390       0.765548
            799         45.505         67.070       0.595782       0.765548
            800         13.455         83.623       0.861403       0.765548
            801         33.940        116.465       0.774339       0.765548
            802         17.192         82.849       0.828148       0.765548
            803         16.913         73.889       0.813739       0.765548
            804         45.942         92.321       0.667721       0.765548
            805         34.288         67.319       0.662539       0.765548
            806         17.644         64.408       0.784964       0.765548
            807         11.181         70.532       0.863172       0.765548
            808         23.283         60.153       0.720946       0.765548
            809         35.403         66.036       0.650995       0.765548
            810         36.854         60.886       0.622936       0.765548
            811         24.373         64.956       0.727156       0.765548
            812         40.005         85.024       0.680033       0.765548
            813         29.322         38.922       0.570334       0.765548
            814         10.066         57.641       0.851325       0.765548
            815          5.023         92.716       0.948611       0.765548
            816         26.612         92.712       0.776975       0.765548
            817         26.710        111.626       0.806920       0.765548
            818         30.392        109.617       0.782926       0.765548
            819         27.775         85.244       0.754247       0.765548
            820         25.674        116.947       0.819984       0.765548
            821          9.961         79.597       0.888771       0.765548
            822         25.755         60.852       0.702619       0.765548
            823         28.224         90.041       0.761349       0.765548
            824         32.265         69.714       0.683613       0.765548
            825         32.253         79.670       0.711833       0.765548
            826         25.987        102.735       0.798115       0.765548
            827         25.377         80.883       0.761182       0.765548
            828         16.698         75.790       0.819460       0.765548
            829         32.651         93.307       0.740781       0.765548
            830         19.116         93.446       0.830175       0.765548
            831         15.499         70.509       0.819792       0.765548
            832          8.841         87.604       0.908335       0.765548
            833         22.415        105.233       0.824401       0.765548
            834         15.567         79.172       0.835683       0.765548
            835         19.197         83.548       0.813162       0.765548
            836         12.490         75.508       0.858066       0.765548
            837         22.576         73.080       0.763990       0.765548
            838         19.571         92.697       0.825674       0.765548
            839          9.115         93.152       0.910873       0.765548
            840          5.589         75.760       0.931301       0.765548
            841         25.995         56.852       0.686224       0.765548
            842         22.032         61.182       0.735234       0.765548
            843         28.518        105.198       0.786727       0.765548
            844         11.150         77.134       0.873707       0.765548
            845         13.433         83.947       0.862052       0.765548
            846          5.233         58.387       0.917753       0.765548
            847         11.459        129.396       0.918645       0.765548
            848         18.007         78.715       0.813828       0.765548
            849         18.150        103.590       0.850911       0.765548
            850         14.110         84.542       0.856974       0.765548
            851         31.874         62.935       0.663812       0.765548
            852         13.515         52.622       0.795655       0.765548
            853         17.012         91.065       0.842593       0.765548
            854         27.474         82.935       0.751159       0.765548
            855         25.740         51.114       0.665082       0.765548
            856         20.046         81.484       0.802561       0.765548
            857         15.923         66.850       0.807625       0.765548
            858         38.186         87.625       0.696479       0.765548
            859         12.186         76.317       0.862311       0.765548
            860         14.492         66.367       0.820776       0.765548
            861         13.133         77.418       0.854968       0.765548
            862         11.753         77.396       0.868167       0.765548
            863         20.501         61.514       0.750039       0.765548
            864         17.174         24.700       0.589871       0.765548
            865         25.786         91.780       0.780664       0.765548
            866         32.815         58.523       0.640730       0.765548
            867         11.876         11.379       0.489327       0.765548
            868         17.664         57.834       0.766037       0.765548
            869         41.007         61.466       0.599827       0.765548
            870         28.671         74.790       0.722882       0.765548
            871         15.978        103.590       0.866372       0.765548
            872         23.509         67.166       0.740736       0.765548
            873          8.285         68.538       0.892158       0.765548
            874         61.337         82.003       0.572088       0.765548
            875         27.538         82.772       0.750354       0.765548
            876         12.384         85.202       0.873096       0.765548
            877         30.652         83.570       0.731647       0.765548
            878         23.550         90.038       0.792669       0.765548
            879         20.972         28.328       0.574611       0.765548
            880         34.825         75.715       0.684954       0.765548
            881         42.633         72.017       0.628145       0.765548
            882         34.492         93.767       0.731077       0.765548
            883         31.765         54.301       0.630926       0.765548
            884         24.098        105.929       0.814670       0.765548
            885         29.934         67.543       0.692914       0.765548
            886         25.306         76.102       0.750453       0.765548
            887         30.885         45.484       0.595582       0.765548
            888         15.571         64.361       0.805198       0.765548
            889         37.667         70.366       0.651341       0.765548
            890         40.399         42.037       0.509936       0.765548
            891         21.893         96.041       0.814362       0.765548
            892         11.469         48.464       0.808631       0.765548
            893         18.877         67.891       0.782447       0.765548
            894         19.881         67.443       0.772334       0.765548
            895         15.720         81.970       0.839085       0.765548
            896         39.461         49.501       0.556424       0.765548
            897         10.480         66.784       0.864361       0.765548
            898         23.598         50.675       0.682281       0.765548
            899         16.965         54.831       0.763706       0.765548
            900         25.878         91.729       0.779963       0.765548
            901         22.561         92.822       0.804471       0.765548
            902         23.981         93.013       0.795024       0.765548
            903         15.070         76.333       0.835121       0.765548
            904         43.680         61.973       0.586572       0.765548
            905         16.017         66.321       0.805469       0.765548
            906         20.319         90.254       0.816238       0.765548
            907         32.382         67.911       0.677124       0.765548
            908         35.539        102.263       0.742100       0.765548
            909         37.418         56.079       0.599798       0.765548
            910         35.848         90.522       0.716326       0.765548
            911         34.691        108.213       0.757243       0.765548
            912         25.456         91.490       0.782329       0.765548
            913         28.678         85.680       0.749230       0.765548
            914         32.601         74.680       0.696115       0.765548
            915         25.775         99.207       0.793770       0.765548
            916         17.148         78.307       0.820360       0.765548
            917          9.870         52.118       0.840772       0.765548
            918         37.041         35.741       0.491069       0.765548
            919         33.508         81.423       0.708451       0.765548
            920          6.680         82.062       0.924721       0.765548
            921         18.530         95.008       0.836794       0.765548
            922         10.062         67.654       0.870527       0.765548
            923         22.417         51.676       0.697447       0.765548
            924         29.176         92.173       0.759570       0.765548
            925         45.041         74.857       0.624338       0.765548
            926          6.336         90.974       0.934888       0.765548
            927         33.479         50.862       0.603051       0.765548
            928         51.339         94.269       0.647415       0.765548
            929         25.180         66.264       0.724641       0.765548
            930         18.293        101.471       0.847260       0.765548
            931         24.939         63.640       0.718450       0.765548
            932         37.664         73.873       0.662318       0.765548
            933         19.580         74.548       0.791986       0.765548
            934         27.755         73.454       0.725764       0.765548
            935         27.703         62.583       0.693165       0.765548
            936         32.653         64.744       0.664745       0.765548
            937         21.370         81.937       0.793140       0.765548
            938         48.398         82.885       0.631344       0.765548
            939         29.097         79.781       0.732754       0.765548
            940         12.623         91.632       0.878919       0.765548
            941         24.398         54.021       0.688878       0.765548
            942          3.521         99.835       0.965932       0.765548
            943          9.621         86.858       0.900282       0.765548
            944         31.925         58.831       0.648234       0.765548
            945          0.003         81.708       0.999967       0.765548
            946         27.527         78.603       0.740630       0.765548
            947         26.074         76.105       0.744818       0.765548
            948         20.328         85.991       0.808805       0.765548
            949         33.267        104.313       0.758200       0.765548
            950         29.687         71.196       0.705729       0.765548
            951         35.710         61.832       0.633901       0.765548
            952         48.753         50.367       0.508142       0.765548
            953         23.891         86.268       0.783124       0.765548
            954         22.624         88.584       0.796561       0.765548
            955         16.802        109.233       0.866685       0.765548
            956         40.575         98.951       0.709192       0.765548
            957         40.374         59.424       0.595445       0.765548
            958         25.049        109.052       0.813206       0.765548
            959         28.358         59.936       0.678820       0.765548
            960         26.375         88.304       0.770009       0.765548
            961         21.399         81.486       0.792013       0.765548
            962          7.065         55.681       0.887401       0.765548
            963         27.737         96.093       0.776008       0.765548
            964         -4.682         53.550       1.095820       0.765548
            965         16.595         87.634       0.840784       0.765548
            966         10.490         75.089       0.877422       0.765548
            967         26.779         85.504       0.761503       0.765548
            968         30.880         61.150       0.664456       0.765548
            969         30.667         72.026       0.701375       0.765548
            970         12.520         61.201       0.830176       0.765548
            971          8.778        109.859       0.926008       0.765548
            972         17.293        101.192       0.854052       0.765548
            973         13.513        113.327       0.893463       0.765548
            974          9.585         60.222       0.862689       0.765548
            975         30.865         92.955       0.750730       0.765548
            976         13.271         60.966       0.821232       0.765548
            977         23.643         91.739       0.795087       0.765548
            978         22.078         66.646       0.751160       0.765548
            979         17.519         79.547       0.819517       0.765548
            980         35.741         66.191       0.649362       0.765548
            981         25.882        103.528       0.799998       0.765548
            982         19.235         98.601       0.836762       0.765548
            983         25.069         89.300       0.780804       0.765548
            984          9.865         78.225       0.888016       0.765548
            985         42.573         96.298       0.693437       0.765548
            986         16.383         82.222       0.833849       0.765548
            987          4.795         74.927       0.939848       0.765548
            988         16.916         76.390       0.818706       0.765548
            989         10.535         66.408       0.863082       0.765548
            990          6.357         63.468       0.908960       0.765548
            991         15.507         78.271       0.834641       0.765548
            992         20.111         53.667       0.727411       0.765548
            993         22.105        112.822       0.836171       0.765548
            994         10.670         98.936       0.902652       0.765548
            995          9.101         79.377       0.897142       0.765548
            996         10.221         88.117       0.896064       0.765548
            997         10.331        108.479       0.913049       0.765548
            998         26.629         92.535       0.776537       0.765548
            999         21.778        105.062       0.828301       0.765548
           1000         31.083         87.539       0.737967       0.765548
