              1         33.698         51.010       0.602183       0.742472
              2         28.445         66.977       0.701905       0.742472
              3         37.742         63.455       0.627046       0.742472
              4         32.681         55.554       0.629611       0.742472
              5         39.706         68.894       0.634383       0.742472
              6          3.369         44.022       0.928909       0.742472
              7          8.921        128.721       0.935189       0.742472
              8         16.033         50.682       0.759676       0.742472
              9         21.726         54.750       0.715915       0.742472
             10         37.559         39.853       0.514813       0.742472
             11         15.987         66.750       0.806774       0.742472
             12         19.551         89.842       0.821275       0.742472
             13         27.068        107.177       0.798372       0.742472
             14         51.524         35.543       0.408227       0.742472
             15         39.726         80.427       0.669369       0.742472
             16         12.222         82.443       0.870893       0.742472
             17         42.286        103.840       0.710618       0.742472
             18         -1.438        109.779       1.013271       0.742472
             19        -12.349         55.986       1.282999       0.697109
             20         55.194         87.850       0.614148       0.742472
             21         32.684         39.855       0.549430       0.742472
             22         -1.478         71.307       1.021164       0.742472
             23          7.699         93.104       0.923625       0.742472
             24         51.486        100.428       0.661086       0.742472
             25         36.379         39.687       0.521749       0.742472
             26          5.193         91.850       0.946492       0.742472
             27         47.925        152.266       0.760605       0.742472
             28         -5.141        101.971       1.053092       0.742472
             29         40.762         41.932       0.507077       0.742472
             30         11.657         65.654       0.849223       0.742472
             31         18.408         65.433       0.780439       0.742472
             32         -4.660         93.910       1.052210       0.742472
             33          8.773         90.389       0.911533       0.742472
             34         10.584         82.269       0.886017       0.742472
             35          7.361         92.205       0.926071       0.742472
             36         59.773         64.526       0.519122       0.742472
             37          5.571        115.756       0.954086       0.742472
             38         22.005         69.653       0.759926       0.742472
             39          1.043         98.943       0.989572       0.742472
             40         -4.477         98.683       1.047522       0.742472
             41         35.352         79.371       0.691850       0.742472
             42         29.631         84.154       0.739590       0.742472
             43         11.646         48.658       0.806884       0.742472
             44         21.427         76.696       0.781632       0.742472
             45          7.705         59.737       0.885748       0.742472
             46         33.638         80.722       0.705856       0.742472
             47         47.112         52.878       0.528834       0.742472
             48         26.398         56.171       0.680289       0.742472
             49        -11.268         48.382       1.303594       0.697109
             50         12.071          4.267       0.261159       0.742472
             51         29.766         84.014       0.738392       0.742472
             52         24.889        119.369       0.827471       0.742472
             53         18.849        114.474       0.858621       0.742472
             54          2.042         31.825       0.939704       0.742472
             55          8.835        101.949       0.920248       0.742472
             56         17.481         39.343       0.692363       0.742472
             57          2.392         96.900       0.975905       0.742472
             58         35.813        101.695       0.739556       0.742472
             59         15.203        148.868       0.907341       0.742472
             60         -8.062        128.512       1.066931       0.742472
             61         15.376        117.486       0.884270       0.742472
             62         36.875         52.074       0.585433       0.742472
             63         19.354         45.410       0.701168       0.742472
             64         25.741          2.895       0.101111       0.697109
             65         26.286         85.421       0.764688       0.742472
             66         25.684         93.593       0.784668       0.742472
             67         27.793         72.810       0.723735       0.742472
             68         32.491        108.537       0.769614       0.742472
             69         13.793         95.499       0.873796       0.742472
             70         -2.872         11.542       1.331213       0.697109
             71         -1.003        103.753       1.009758       0.742472
             72         49.626        132.439       0.727427       0.742472
             73         -5.162         36.523       1.164596       0.742472
             74         10.304         99.541       0.906199       0.742472
             75         -1.215        117.920       1.010409       0.742472
             76         20.305         78.063       0.793579       0.742472
             77         35.072         78.074       0.690029       0.742472
             78         34.439         40.000       0.537356       0.742472
             79         -6.883         58.132       1.134306       0.742472
             80         25.876         61.842       0.705008       0.742472
             81          0.605         21.902       0.973113       0.742472
             82          5.187         75.211       0.935484       0.742472
             83         18.310         69.383       0.791208       0.742472
             84         20.142         47.446       0.701989       0.742472
             85         15.472         57.602       0.788275       0.742472
             86         24.197         84.013       0.776390       0.742472
             87         28.434         81.348       0.740998       0.742472
             88          2.388        111.614       0.979053       0.742472
             89         24.540         74.096       0.751211       0.742472
             90         31.576         48.429       0.605324       0.742472
             91         10.679         52.036       0.829717       0.742472
             92         16.224        102.358       0.863183       0.742472
             93         39.525         64.040       0.618357       0.742472
             94         45.785         95.988       0.677052       0.742472
             95          5.627         51.593       0.901669       0.742472
             96         -3.462        160.863       1.021993       0.742472
             97         20.273         97.240       0.827479       0.742472
             98         15.024        119.307       0.888157       0.742472
             99          2.663         75.138       0.965772       0.742472
            100         44.376         46.458       0.511463       0.742472
            101         -2.304         62.261       1.038430       0.742472
            102         12.366         39.411       0.761170       0.742472
            103         30.949         66.075       0.681015       0.742472
            104          7.763         81.020       0.912560       0.742472
            105         41.410         94.444       0.695189       0.742472
            106         29.441         87.457       0.748149       0.742472
            107          9.555         79.749       0.893009       0.742472
            108        -10.833         57.928       1.230027       0.742472
            109         20.607         98.125       0.826440       0.742472
            110         48.838         85.576       0.636661       0.742472
            111         31.978        138.437       0.812351       0.742472
            112         39.829         85.990       0.683441       0.742472
            113         30.432         89.365       0.745972       0.742472
            114         48.729         32.912       0.403130       0.742472
            115         40.464         75.265       0.650355       0.742472
            116         44.234         49.079       0.525958       0.742472
            117         24.114         71.043       0.746588       0.742472
            118         27.538         95.783       0.776697       0.742472
            119         23.615         62.645       0.726231       0.742472
            120         -1.419         74.273       1.019473       0.742472
            121         -4.852         40.683       1.135402       0.742472
            122         17.644        116.800       0.868761       0.742472
            123         13.740         81.111       0.855138       0.742472
            124         18.361         76.957       0.807376       0.742472
            125         35.303         91.761       0.722162       0.742472
            126         44.872         85.590       0.656050       0.742472
            127         65.967         75.024       0.532117       0.742472
            128         28.412         94.152       0.768187       0.742472
            129         44.297         79.856       0.643208       0.742472
            130         15.508         52.124       0.770705       0.742472
            131         72.148         96.865       0.573123       0.742472
            132         23.265        102.069       0.814375       0.742472
            133         26.797         65.939       0.711039       0.742472
            134         50.208        128.903       0.719681       0.742472
            135         12.370         50.654       0.803722       0.742472
            136         14.334         34.068       0.703853       0.742472
            137         33.482         91.282       0.731638       0.742472
            138         59.846         77.854       0.565386       0.742472
            139          5.302         63.844       0.923325       0.742472
            140         15.908         94.200       0.855523       0.742472
            141        -14.353         33.510       1.749221       0.697109
            142          9.353         53.958       0.852272       0.742472
            143         24.580         36.052       0.594606       0.742472
            144         19.315         90.404       0.823963       0.742472
            145          5.566         51.374       0.902240       0.742472
            146         39.964         44.555       0.527164       0.742472
            147         36.373          3.341       0.084132       0.697109
            148         47.900         79.913       0.625237       0.742472
            149         -1.026         98.737       1.010497       0.742472
            150          7.846         97.330       0.925399       0.742472
            151          4.474         41.909       0.903550       0.742472
            152         21.803         85.437       0.796691       0.742472
            153         23.865         66.973       0.737275       0.742472
            154         54.810         94.177       0.632116       0.742472
            155         22.514        101.947       0.819105       0.742472
            156         67.634         59.903       0.469691       0.742472
            157         44.496         91.517       0.672855       0.742472
            158         52.687         92.871       0.638036       0.742472
            159         26.802         89.833       0.770204       0.742472
            160         48.707         56.098       0.535258       0.742472
            161         39.819         35.016       0.467910       0.742472
            162         70.077         94.000       0.572903       0.742472
            163         28.480        104.554       0.785918       0.742472
            164         35.387         88.162       0.713579       0.742472
            165         18.688         82.720       0.815717       0.742472
            166          8.662         66.314       0.884464       0.742472
            167         21.396         96.437       0.818420       0.742472
            168         20.870         89.718       0.811284       0.742472
            169         46.412         66.793       0.590022       0.742472
            170         22.353         48.501       0.684518       0.742472
            171         49.006         83.758       0.630876       0.742472
            172         12.310         40.781       0.768129       0.742472
            173         45.434         38.514       0.458783       0.742472
            174         41.821         45.013       0.518380       0.742472
            175         52.556         57.596       0.522876       0.742472
            176         40.251         67.482       0.626383       0.742472
            177         26.407         47.861       0.644439       0.742472
            178         13.911         75.127       0.843763       0.742472
            179         23.404         87.725       0.789400       0.742472
            180         35.347         89.368       0.716576       0.742472
            181         35.569         95.720       0.729077       0.742472
            182          1.090         62.866       0.982955       0.742472
            183         27.018         38.875       0.589974       0.742472
            184         60.546         96.827       0.615270       0.742472
            185         57.762        108.714       0.653031       0.742472
            186         16.985         50.845       0.749590       0.742472
            187         10.212         95.960       0.903813       0.742472
            188         16.362         57.894       0.779658       0.742472
            189         18.757         77.894       0.805935       0.742472
            190         25.073         61.557       0.710571       0.742472
            191         18.644        100.022       0.842887       0.742472
            192         45.433        108.153       0.704187       0.742472
            193         29.313         57.828       0.663612       0.742472
            194          1.395         44.396       0.969545       0.742472
            195         94.741        166.204       0.636931       0.742472
            196         10.564         18.586       0.637593       0.742472
            197         44.498         26.864       0.376442       0.742472
            198         41.606        144.855       0.776867       0.742472
            199         22.181         30.457       0.578615       0.742472
            200         22.009        119.804       0.844800       0.742472
            201         33.330         43.720       0.567424       0.742472
            202         37.805         94.105       0.713405       0.742472
            203         35.023         47.712       0.576687       0.742472
            204         52.688         91.880       0.635549       0.742472
            205         31.540        103.596       0.766604       0.742472
            206         32.445        109.388       0.771246       0.742472
            207         24.609         33.249       0.574665       0.742472
            208          5.305         79.139       0.937177       0.742472
            209         32.777         67.478       0.673062       0.742472
            210         25.653         49.851       0.660244       0.742472
            211         35.403         36.963       0.510773       0.742472
            212         52.685        112.309       0.680688       0.742472
            213         13.201        121.824       0.902235       0.742472
            214          6.420         74.997       0.921148       0.742472
            215         18.248         50.785       0.735661       0.742472
            216         19.687         41.391       0.677679       0.742472
            217         21.753         68.755       0.759659       0.742472
            218         38.879         88.351       0.694419       0.742472
            219         57.348         38.118       0.399280       0.742472
            220         79.622         95.450       0.545203       0.742472
            221         47.671         26.953       0.361184       0.742472
            222         29.731         47.632       0.615699       0.742472
            223         42.836         87.324       0.670901       0.742472
            224         25.520         72.686       0.740141       0.742472
            225          1.978         52.984       0.964006       0.742472
            226         16.525         79.829       0.828497       0.742472
            227         10.871         58.915       0.844228       0.742472
            228         63.362         92.828       0.594328       0.742472
            229         33.003        129.695       0.797151       0.742472
            230         34.930        110.580       0.759947       0.742472
            231         20.584        103.524       0.834143       0.742472
            232         44.689         63.993       0.588806       0.742472
            233         25.727         27.083       0.512838       0.742472
            234         40.367         51.307       0.559665       0.742472
            235         31.843         97.122       0.753085       0.742472
            236         14.038         35.040       0.713968       0.742472
            237         14.456         52.287       0.783411       0.742472
            238         19.798         86.217       0.813252       0.742472
            239         14.280         66.505       0.823238       0.742472
            240         17.176         82.397       0.827502       0.742472
            241         25.271        119.807       0.825808       0.742472
            242         23.520         57.359       0.709200       0.742472
            243         23.649         57.817       0.709710       0.742472
            244         49.006         61.630       0.557050       0.742472
            245          2.117         50.226       0.959558       0.742472
            246         55.592         76.456       0.579001       0.742472
            247         23.664         81.969       0.775980       0.742472
            248         12.673         98.650       0.886163       0.742472
            249         34.610         62.298       0.642854       0.742472
            250         23.206         71.273       0.754379       0.742472
            251         23.684         52.264       0.688154       0.742472
            252         29.226         74.874       0.719249       0.742472
            253         -4.742        117.056       1.042221       0.742472
            254         43.280         76.361       0.638248       0.742472
            255         22.438         67.451       0.750380       0.742472
            256         -2.645         92.518       1.029432       0.742472
            257         -2.889         49.181       1.062398       0.742472
            258         74.809         86.395       0.535933       0.742472
            259         65.006         52.216       0.445445       0.742472
            260         40.955         74.028       0.643817       0.742472
            261         35.087         78.941       0.692293       0.742472
            262         43.147         54.317       0.557300       0.742472
            263         23.352        121.585       0.838879       0.742472
            264         39.929         58.280       0.593430       0.742472
            265         44.853         75.034       0.625874       0.742472
            266         39.326         68.246       0.634420       0.742472
            267         15.363         71.774       0.823695       0.742472
            268         19.851         47.812       0.706621       0.742472
            269         34.723         62.372       0.642379       0.742472
            270         14.976         79.303       0.841151       0.742472
            271         22.904         44.555       0.660479       0.742472
            272         44.522         46.263       0.509588       0.742472
            273         21.946         59.931       0.731962       0.742472
            274         47.724         86.866       0.645412       0.742472
            275         24.900        113.300       0.819824       0.742472
            276         35.456        112.090       0.759697       0.742472
            277         75.229         97.803       0.565230       0.742472
            278         42.383         77.034       0.645083       0.742472
            279         24.786          5.757       0.188492       0.697109
            280          8.490         69.300       0.890863       0.742472
            281         25.979         75.850       0.744875       0.742472
            282          3.735         92.632       0.961239       0.742472
            283         15.844         86.922       0.845822       0.742472
            284         36.014         36.589       0.503953       0.742472
            285         29.464         55.531       0.653341       0.742472
            286         18.847        110.949       0.854795       0.742472
            287         14.542         48.780       0.770351       0.742472
            288         44.115         18.255       0.292688       0.742472
            289         47.484        108.280       0.695155       0.742472
            290         38.982         96.980       0.713287       0.742472
            291        -24.159        102.522       1.308297       0.697109
            292         48.811         30.399       0.383774       0.742472
            293         21.305        122.851       0.852209       0.742472
            294         82.858         25.197       0.233186       0.742472
            295         25.199         83.443       0.768056       0.742472
            296         36.192        122.784       0.772343       0.742472
            297         -2.720          9.925       1.377465       0.697109
            298         20.261        120.642       0.856207       0.742472
            299        -35.989         94.300       1.617191       0.697109
            300         31.623         81.455       0.720341       0.742472
            301         -6.288         74.942       1.091582       0.742472
            302         38.214         59.939       0.610671       0.742472
            303         69.064         84.928       0.551508       0.742472
            304         50.483         81.131       0.616432       0.742472
            305         30.260         88.340       0.744855       0.742472
            306          1.383         37.823       0.964724       0.742472
            307         -0.307         41.907       1.007387       0.742472
            308          9.360         78.597       0.893582       0.742472
            309         14.506         60.702       0.807120       0.742472
            310         -1.941         29.581       1.070241       0.742472
            311         -2.907        101.984       1.029342       0.742472
            312         28.328        110.646       0.796165       0.742472
            313         19.681         71.069       0.783130       0.742472
            314          9.747         89.236       0.901532       0.742472
            315          4.553        103.156       0.957732       0.742472
            316         11.396         72.192       0.863669       0.742472
            317         20.314         64.121       0.759414       0.742472
            318         33.412         70.146       0.677360       0.742472
            319         17.702         77.017       0.813107       0.742472
            320         19.664         56.009       0.740147       0.742472
            321         13.364         82.117       0.860039       0.742472
            322         33.143         58.797       0.639518       0.742472
            323         31.626        106.688       0.771347       0.742472
            324         24.187         55.508       0.696503       0.742472
            325          2.798         71.667       0.962421       0.742472
            326         16.102        114.249       0.876474       0.742472
            327         47.706         68.731       0.590287       0.742472
            328          9.153         80.229       0.897596       0.742472
            329         39.329         99.202       0.716098       0.742472
            330         47.240         55.239       0.539026       0.742472
            331         27.823         61.777       0.689472       0.742472
            332         11.533         79.705       0.873594       0.742472
            333         25.114         97.459       0.795109       0.742472
            334         58.477         92.738       0.613287       0.742472
            335         31.872         60.052       0.653278       0.742472
            336         36.754        141.569       0.793888       0.742472
            337         27.397        112.815       0.804603       0.742472
            338         22.758         73.598       0.763816       0.742472
            339         62.762        103.837       0.623277       0.742472
            340         26.801         37.434       0.582769       0.742472
            341          4.544        123.244       0.964438       0.742472
            342         15.130         89.357       0.855196       0.742472
            343         14.431        110.839       0.884799       0.742472
            344         14.546        121.852       0.893355       0.742472
            345         72.177         91.713       0.559600       0.742472
            346         -5.286        112.504       1.049305       0.742472
            347         18.669         67.969       0.784516       0.742472
            348         14.987         85.569       0.850962       0.742472
            349         40.146        129.058       0.762735       0.742472
            350         29.625         76.949       0.722025       0.742472
            351          8.713         96.574       0.917242       0.742472
            352         -5.544         96.768       1.060772       0.742472
            353          3.441         77.961       0.957723       0.742472
            354         33.455         69.103       0.673797       0.742472
            355          9.785        102.947       0.913199       0.742472
            356         50.727        118.598       0.700418       0.742472
            357        -11.663        108.545       1.120378       0.742472
            358          6.853        118.971       0.945538       0.742472
            359         14.226        134.896       0.904600       0.742472
            360         35.674         66.920       0.652280       0.742472
            361         17.021        152.318       0.899488       0.742472
            362         18.879        109.600       0.853058       0.742472
            363         50.254         91.095       0.644471       0.742472
            364         39.634         24.517       0.382178       0.742472
            365         19.134         64.435       0.771038       0.742472
            366         40.239         74.316       0.648734       0.742472
            367         19.358         45.510       0.701575       0.742472
            368         28.931         74.113       0.719236       0.742472
            369         24.858         34.914       0.584122       0.742472
            370         32.916        125.810       0.792624       0.742472
            371         54.760         72.936       0.571169       0.742472
            372         21.051        114.381       0.844562       0.742472
            373         46.098        101.202       0.687046       0.742472
            374         40.703         92.334       0.694046       0.742472
            375         27.114         82.474       0.752584       0.742472
            376        -15.319         36.885       1.710334       0.697109
            377         67.803        104.485       0.606456       0.742472
            378         36.383         75.116       0.673688       0.742472
            379         29.120         21.646       0.426387       0.742472
            380         40.871         78.401       0.657327       0.742472
            381         26.801         90.971       0.772433       0.742472
            382         23.894         63.896       0.727824       0.742472
            383          6.140         70.653       0.920048       0.742472
            384         13.694         73.255       0.842507       0.742472
            385          1.093        105.716       0.989764       0.742472
            386          9.851         63.234       0.865217       0.742472
            387         11.803         72.519       0.860027       0.742472
            388         55.295        127.196       0.696999       0.742472
            389         23.600        138.792       0.854671       0.742472
            390         13.783        103.061       0.882041       0.742472
            391         32.099         65.578       0.671373       0.742472
            392         22.208        105.122       0.825589       0.742472
            393          6.157         71.861       0.921079       0.742472
            394         27.995         83.468       0.748836       0.742472
            395         24.181         89.788       0.787827       0.742472
            396         62.234         80.774       0.564822       0.742472
            397         48.462         56.603       0.538743       0.742472
            398         37.643         52.754       0.583580       0.742472
            399         31.776         58.567       0.648274       0.742472
            400         50.118         79.935       0.614635       0.742472
            401         37.037         89.308       0.706858       0.742472
            402         27.252         98.072       0.782548       0.742472
            403         36.802         58.934       0.615590       0.742472
            404         41.085         45.972       0.528071       0.742472
            405         28.247         62.063       0.687226       0.742472
            406         43.754         37.709       0.462895       0.742472
            407         33.911         33.244       0.495033       0.742472
            408         24.415         95.387       0.796203       0.742472
            409         22.000         83.099       0.790671       0.742472
            410         -0.055         97.377       1.000564       0.742472
            411         38.024        110.699       0.744331       0.742472
            412         16.757         53.393       0.761128       0.742472
            413          4.197        101.817       0.960414       0.742472
            414         46.505         54.340       0.538848       0.742472
            415         29.734         47.636       0.615690       0.742472
            416         -1.206         83.104       1.014729       0.742472
            417         28.810         42.201       0.594286       0.742472
            418         16.982         90.910       0.842599       0.742472
            419          3.171         83.127       0.963252       0.742472
            420         34.300         52.191       0.603428       0.742472
            421         10.045         79.784       0.888178       0.742472
            422         36.124        107.338       0.748200       0.742472
            423         11.004        108.002       0.907534       0.742472
            424         25.076         76.222       0.752453       0.742472
            425         19.576         62.819       0.762413       0.742472
            426         46.724         44.853       0.489785       0.742472
            427         31.092         95.047       0.753510       0.742472
            428         29.984         58.998       0.663033       0.742472
            429         34.005         75.328       0.688980       0.742472
            430         21.815         51.771       0.703540       0.742472
            431         51.133         73.504       0.589744       0.742472
            432         40.483         70.209       0.634275       0.742472
            433         60.157        108.226       0.642735       0.742472
            434         25.605        110.506       0.811881       0.742472
            435         10.488         43.701       0.806461       0.742472
            436         -0.201         43.396       1.004646       0.742472
            437         23.390         36.633       0.610309       0.742472
            438         -4.864         58.134       1.091303       0.742472
            439         43.092        101.792       0.702577       0.742472
            440          4.099        106.103       0.962807       0.742472
            441         36.418         63.416       0.635215       0.742472
            442         42.434         76.239       0.642427       0.742472
            443         11.145        106.219       0.905037       0.742472
            444         18.781         62.335       0.768464       0.742472
            445         22.684         16.756       0.424842       0.742472
            446         15.954         62.036       0.795438       0.742472
            447          2.830         35.129       0.925441       0.742472
            448         46.132         71.843       0.608969       0.742472
            449         56.065         88.985       0.613478       0.742472
            450         30.058         63.758       0.679606       0.742472
            451          4.162         55.907       0.930716       0.742472
            452         12.206         66.251       0.844430       0.742472
            453          7.854        103.758       0.929630       0.742472
            454         36.539         52.671       0.590412       0.742472
            455         48.910         82.848       0.628789       0.742472
            456         50.227         85.338       0.629500       0.742472
            457         65.862         50.681       0.434870       0.742472
            458         44.941        106.220       0.702694       0.742472
            459         -8.701        102.535       1.092729       0.742472
            460         24.044         52.110       0.684271       0.742472
            461         18.692         26.312       0.584659       0.742472
            462         35.779         78.468       0.686830       0.742472
            463         31.904         37.017       0.537089       0.742472
            464          9.321         68.171       0.879721       0.742472
            465         71.245         30.836       0.302078       0.742472
            466         10.232         58.469       0.851065       0.742472
            467         26.701         52.321       0.662108       0.742472
            468         46.007         62.209       0.574860       0.742472
            469         30.974         65.312       0.678317       0.742472
            470         13.339         34.834       0.723103       0.742472
            471         -3.767         58.801       1.068445       0.742472
            472         68.074         62.241       0.477620       0.742472
            473         19.953         51.084       0.719115       0.742472
            474         37.398        120.518       0.763176       0.742472
            475         49.146         25.959       0.345632       0.742472
            476         33.467          3.086       0.084433       0.697109
            477         66.771         96.425       0.590853       0.742472
            478         36.143         75.296       0.675669       0.742472
            479         71.772         77.286       0.518495       0.742472
            480         69.416         74.285       0.516942       0.742472
            481         32.873         90.729       0.734043       0.742472
            482         17.323         62.596       0.783245       0.742472
            483         -4.121         62.286       1.070858       0.742472
            484         17.892        100.195       0.848483       0.742472
            485         36.799         72.709       0.663960       0.742472
            486         46.374         78.856       0.629689       0.742472
            487         42.634        126.499       0.747926       0.742472
            488         60.078        117.566       0.661807       0.742472
            489          1.736         61.480       0.972545       0.742472
            490         68.257         44.827       0.396403       0.742472
            491         -2.097         61.981       1.035024       0.742472
            492         22.319         85.760       0.793491       0.742472
            493         -7.649         70.044       1.122587       0.742472
            494         -3.788        122.897       1.031799       0.742472
            495         67.864         18.594       0.215063       0.697109
            496         18.118         92.749       0.836579       0.742472
            497          7.705         71.252       0.902418       0.742472
            498         18.096         35.384       0.661624       0.742472
            499         19.455         69.366       0.780968       0.742472
            500         21.716         60.088       0.734534       0.742472
            501         36.207         85.666       0.702910       0.742472
            502          8.851         92.993       0.913093       0.742472
            503         63.152         81.944       0.564758       0.742472
            504         27.290         18.730       0.406994       0.742472
            505         28.455         61.568       0.683918       0.742472
            506         30.744         55.324       0.642791       0.742472
            507          9.296         53.119       0.851068       0.742472
            508         63.811         82.152       0.562827       0.742472
            509         16.224         65.824       0.802261       0.742472
            510         24.025        109.831       0.820517       0.742472
            511         23.244        107.957       0.822838       0.742472
            512         50.269         64.586       0.562326       0.742472
            513         33.478         14.699       0.305107       0.742472
            514         61.005        106.033       0.634783       0.742472
            515         21.758         64.815       0.748676       0.742472
            516         62.766         79.695       0.559414       0.742472
            517         32.076         65.778       0.672204       0.742472
            518         23.638         95.684       0.801896       0.742472
            519         40.323         69.945       0.634316       0.742472
            520         14.967        -10.203      -2.141486       0.697109
            521         53.108         79.937       0.600827       0.742472
            522          7.593         97.061       0.927451       0.742472
            523         12.580         94.237       0.882231       0.742472
            524         35.436         48.591       0.578276       0.742472
            525          5.220         67.553       0.928273       0.742472
            526         33.617         50.576       0.600714       0.742472
            527         63.084         54.552       0.463737       0.742472
            528         16.467         75.842       0.821607       0.742472
            529         59.597         50.651       0.459427       0.742472
            530         44.588         73.269       0.621677       0.742472
            531         18.133         55.632       0.754184       0.742472
            532          9.885        114.823       0.920734       0.742472
            533          6.469         25.754       0.799250       0.742472
            534         25.986         64.307       0.712200       0.742472
            535         51.673         81.035       0.610626       0.742472
            536         33.603         73.519       0.686311       0.742472
            537         10.751         49.479       0.821502       0.742472
            538         33.310         78.688       0.702586       0.742472
            539          2.001        -17.489       1.129170       0.742472
            540         32.705         91.517       0.736718       0.742472
            541         36.234         36.382       0.501018       0.742472
            542         37.522         53.002       0.585506       0.742472
            543         32.505         49.191       0.602124       0.742472
            544         25.792         87.181       0.771698       0.742472
            545         51.592         80.586       0.609680       0.742472
            546          8.682         28.107       0.764014       0.742472
            547         46.016         31.519       0.406516       0.742472
            548         47.645        111.513       0.700642       0.742472
            549         37.257         71.261       0.656675       0.742472
            550         36.136         18.814       0.342388       0.742472
            551         32.482         77.539       0.704767       0.742472
            552         67.734         81.468       0.546024       0.742472
            553         38.060         69.074       0.644741       0.742472
            554         35.810         35.621       0.498681       0.742472
            555         13.020         66.385       0.836029       0.742472
            556        -15.244        164.633       1.102045       0.742472
            557         31.125         60.992       0.662112       0.742472
            558         79.689        106.953       0.573039       0.742472
            559          9.293         77.160       0.892511       0.742472
            560         32.076         73.353       0.695759       0.742472
            561         35.892         99.304       0.734519       0.742472
            562         49.526         72.436       0.593919       0.742472
            563          9.292         65.643       0.876004       0.742472
            564         34.921        101.885       0.744739       0.742472
            565         19.427         83.258       0.810810       0.742472
            566         30.796         15.590       0.336096       0.742472
            567         41.493         59.304       0.588350       0.742472
            568         54.725         45.864       0.455953       0.742472
            569         33.444         86.680       0.721589       0.742472
            570        -19.422         64.518       1.430693       0.697109
            571         35.047         30.712       0.467040       0.742472
            572         41.811         68.967       0.622571       0.742472
            573         70.377        109.991       0.609815       0.742472
            574         25.861         76.803       0.748105       0.742472
            575         31.448         78.060       0.712827       0.742472
            576         12.279        116.190       0.904422       0.742472
            577         18.706        103.731       0.847220       0.742472
            578          3.464         34.206       0.908031       0.742472
            579         33.341        100.872       0.751585       0.742472
            580         44.336         40.373       0.476606       0.742472
            581         36.121         63.653       0.637970       0.742472
            582         58.919        102.395       0.634756       0.742472
            583         14.733         45.271       0.754474       0.742472
            584         63.174         99.068       0.610618       0.742472
            585         -6.709        124.026       1.057185       0.742472
            586         30.239        113.793       0.790052       0.742472
            587         22.982         87.423       0.791838       0.742472
            588         36.417        105.388       0.743190       0.742472
            589         33.600        102.874       0.753802       0.742472
            590          6.823         16.558       0.708167       0.742472
            591         26.907         21.889       0.448576       0.742472
            592         76.570         59.751       0.438314       0.742472
            593         46.948         81.410       0.634242       0.742472
            594         41.790         58.554       0.583530       0.742472
            595         32.231         72.209       0.691394       0.742472
            596         36.763         44.873       0.549671       0.742472
            597         61.414        127.030       0.674098       0.742472
            598         47.801        -17.252      -0.564735       0.697109
            599         13.781         65.836       0.826904       0.742472
            600         30.835        110.091       0.781196       0.742472
            601         14.465         60.218       0.806310       0.742472
            602         48.844         86.225       0.638376       0.742472
            603         54.215         68.749       0.559098       0.742472
            604          8.767         68.844       0.887040       0.742472
            605         66.532        109.175       0.621348       0.742472
            606         24.412        115.173       0.825110       0.742472
            607         28.587         82.827       0.743420       0.742472
            608         28.411        116.910       0.804496       0.742472
            609         -2.397         32.992       1.078360       0.742472
            610         51.528         46.940       0.476706       0.742472
            611         51.554         72.603       0.584767       0.742472
            612        -15.215        104.297       1.170803       0.742472
            613          6.548          5.672       0.464160       0.742472
            614        -11.645         81.466       1.166776       0.742472
            615         20.409         62.456       0.753712       0.742472
            616         13.361         44.099       0.767467       0.742472
            617         71.959         32.136       0.308720       0.742472
            618          3.198         89.149       0.965368       0.742472
            619         20.502         91.702       0.817278       0.742472
            620          0.110         56.905       0.998078       0.742472
            621         34.693        157.603       0.819586       0.742472
            622         45.887         72.339       0.611870       0.742472
            623         21.000         87.667       0.806749       0.742472
            624         71.912         28.172       0.281483       0.742472
            625         34.521         71.034       0.672954       0.742472
            626         27.599         23.415       0.458983       0.742472
            627          8.914         32.491       0.784711       0.742472
            628          4.159         73.433       0.946395       0.742472
            629          1.192         71.160       0.983526       0.742472
            630         59.272         84.346       0.587294       0.742472
            631         11.710         29.613       0.716627       0.742472
            632         22.418         39.401       0.637368       0.742472
            633         20.112          6.115       0.233160       0.742472
            634         50.828         64.341       0.558665       0.742472
            635          6.951        107.478       0.939251       0.742472
            636         30.500        130.500       0.810557       0.742472
            637         29.630         67.911       0.696232       0.742472
            638         14.937         98.055       0.867806       0.742472
            639         23.873         40.966       0.631816       0.742472
            640         27.643         82.915       0.749971       0.742472
            641         19.777         79.334       0.800452       0.742472
            642         64.440         62.358       0.491791       0.742472
            643         37.679         28.130       0.427449       0.742472
            644         -7.610         62.243       1.139285       0.742472
            645         11.950         37.161       0.756668       0.742472
            646         33.292         95.517       0.741541       0.742472
            647         56.937         51.894       0.476832       0.742472
            648         17.557        101.193       0.852153       0.742472
            649         30.144        104.994       0.776937       0.742472
            650         26.289         90.116       0.774162       0.742472
            651         21.292         70.836       0.768885       0.742472
            652         22.305        121.619       0.845026       0.742472
            653         19.690        145.969       0.881141       0.742472
            654         22.097         85.581       0.794787       0.742472
            655         51.917         59.307       0.533220       0.742472
            656         11.229         45.299       0.801354       0.742472
            657         -3.471         30.682       1.127574       0.742472
            658         24.855         44.568       0.641978       0.742472
            659         53.296        134.475       0.716164       0.742472
            660          2.459         86.011       0.972202       0.742472
            661         26.322         69.456       0.725176       0.742472
            662         26.965         61.580       0.695466       0.742472
            663         48.730         74.187       0.603550       0.742472
            664         28.805         70.345       0.709480       0.742472
            665         15.818         73.201       0.822308       0.742472
            666         27.570         59.275       0.682535       0.742472
            667          5.785         48.550       0.893532       0.742472
            668         29.407         77.217       0.724201       0.742472
            669         50.642         63.359       0.555778       0.742472
            670         11.180         65.546       0.854291       0.742472
            671         48.098         91.938       0.656532       0.742472
            672         33.002         82.284       0.713739       0.742472
            673         46.987         91.162       0.659882       0.742472
            674         32.797         81.332       0.712632       0.742472
            675         14.082         68.201       0.828860       0.742472
            676         37.198         81.757       0.687292       0.742472
            677         45.331         69.847       0.606426       0.742472
            678         -3.699         55.797       1.071003       0.742472
            679         -3.463        119.709       1.029788       0.742472
            680         56.102         68.958       0.551398       0.742472
            681         48.489        100.141       0.673762       0.742472
            682         16.663         58.699       0.778892       0.742472
            683         33.500         48.617       0.592048       0.742472
            684         20.635        133.735       0.866326       0.742472
            685         52.546         57.338       0.521806       0.742472
            686         39.284         72.633       0.648989       0.742472
            687         18.195         66.921       0.786229       0.742472
            688         16.020         46.234       0.742668       0.742472
            689         35.572         73.106       0.672682       0.742472
            690         33.298        101.309       0.752626       0.742472
            691         61.253         69.790       0.532574       0.742472
            692         36.841         79.569       0.683520       0.742472
            693         45.220         82.041       0.644670       0.742472
            694          5.423         59.307       0.916215       0.742472
            695         28.291        149.290       0.840686       0.742472
            696         25.283         31.874       0.557650       0.742472
            697         35.543         40.831       0.534618       0.742472
            698         27.215         67.251       0.711907       0.742472
            699         20.945        111.466       0.841818       0.742472
            700         19.172         71.439       0.788412       0.742472
            701         -5.933         51.881       1.129119       0.742472
            702         17.007        130.180       0.884454       0.742472
            703          5.496         47.466       0.896226       0.742472
            704         33.130         74.020       0.690807       0.742472
            705         19.638         48.167       0.710378       0.742472
            706         37.234         87.421       0.701302       0.742472
            707         36.927         80.265       0.684899       0.742472
            708         11.127         88.033       0.887789       0.742472
            709          2.524         54.429       0.955690       0.742472
            710          4.881         48.460       0.908492       0.742472
            711         28.173         54.788       0.660404       0.742472
            712         -2.715         91.231       1.030677       0.742472
            713          9.709         73.241       0.882957       0.742472
            714         31.565         82.023       0.722112       0.742472
            715         27.728        114.096       0.804492       0.742472
            716         24.770         65.383       0.725245       0.742472
            717          1.226         62.267       0.980687       0.742472
            718         54.013         50.627       0.483821       0.742472
            719         11.970         51.239       0.810633       0.742472
            720          6.487         82.202       0.926855       0.742472
            721         36.202         65.325       0.643425       0.742472
            722         20.054        124.669       0.861434       0.742472
            723          9.220         57.871       0.862570       0.742472
            724         47.364         99.878       0.678324       0.742472
            725         23.384        107.199       0.820925       0.742472
            726          3.949         52.429       0.929951       0.742472
            727         17.495         71.173       0.802688       0.742472
            728         10.501         64.650       0.860270       0.742472
            729         -6.716         52.586       1.146420       0.742472
            730         15.641         56.575       0.783419       0.742472
            731         26.662         50.962       0.656529       0.742472
            732         34.737         35.255       0.503704       0.742472
            733         41.707        102.398       0.710577       0.742472
            734         13.471         40.691       0.751286       0.742472
            735         25.573         60.270       0.702094       0.742472
            736         41.220         48.293       0.539510       0.742472
            737         25.484         76.232       0.749461       0.742472
            738         43.209         58.837       0.576570       0.742472
            739         30.422         77.282       0.717538       0.742472
            740        -22.584         50.875       1.798255       0.697109
            741          5.370         55.467       0.911735       0.742472
            742         15.016         78.218       0.838944       0.742472
            743          9.434        104.956       0.917530       0.742472
            744         35.732         37.890       0.514659       0.742472
            745         15.745        104.747       0.869330       0.742472
            746         41.019         42.448       0.508560       0.742472
            747          1.845         63.625       0.971814       0.742472
            748         25.445         19.392       0.432500       0.742472
            749         -1.937         79.402       1.025005       0.742472
            750         13.316         45.111       0.772087       0.742472
            751         16.210         83.387       0.837247       0.742472
            752         23.087        111.547       0.828523       0.742472
            753         22.939         87.895       0.793031       0.742472
            754          6.841        117.956       0.945185       0.742472
            755         19.331         62.233       0.762997       0.742472
            756         33.046         72.524       0.686976       0.742472
            757         27.286         83.143       0.752910       0.742472
            758         12.349         70.168       0.850343       0.742472
            759         27.981        127.368       0.819885       0.742472
            760         12.369         68.836       0.847683       0.742472
            761          6.806         67.386       0.908261       0.742472
            762         24.339         92.105       0.790979       0.742472
            763         -3.693         49.837       1.080031       0.742472
            764          8.651         40.779       0.824983       0.742472
            765          8.330         73.261       0.897905       0.742472
            766         35.771         88.267       0.711614       0.742472
            767         24.439         34.971       0.588636       0.742472
            768         49.659         34.441       0.409521       0.742472
            769         13.682         70.934       0.838306       0.742472
            770          9.691         83.427       0.895930       0.742472
            771          7.434         76.654       0.911594       0.742472
            772         17.532         52.408       0.749331       0.742472
            773          2.118        119.671       0.982608       0.742472
            774         20.784         70.545       0.772424       0.742472
            775          5.353         90.935       0.944410       0.742472
            776         10.151         51.586       0.835572       0.742472
            777         56.277          9.352       0.142493       0.697109
            778         26.147        105.638       0.801591       0.742472
            779         -2.528         75.470       1.034664       0.742472
            780         10.819         66.069       0.859284       0.742472
            781         24.660         74.155       0.750438       0.742472
            782         11.419         46.837       0.803989       0.742472
            783         13.698         67.247       0.830771       0.742472
            784         11.432        127.906       0.917955       0.742472
            785         36.507         79.737       0.685947       0.742472
            786         -2.372         65.342       1.037669       0.742472
            787         30.425         97.566       0.762289       0.742472
            788         11.514        109.767       0.905061       0.742472
            789         27.152         66.775       0.710926       0.742472
            790         -8.840         82.252       1.120410       0.742472
            791         24.377         50.263       0.673406       0.742472
            792         27.402        101.406       0.787265       0.742472
            793         31.372        134.482       0.810848       0.742472
            794         -8.052         90.718       1.097409       0.742472
            795         15.418         98.878       0.865107       0.742472
            796         35.690         98.384       0.733803       0.742472
            797         20.670         90.791       0.814554       0.742472
            798         14.023        109.163       0.886161       0.742472
            799         13.715         63.705       0.822848       0.742472
            800         30.306         59.340       0.661938       0.742472
            801         21.132         37.706       0.640844       0.742472
            802         16.796         69.159       0.804598       0.742472
            803          4.339        146.965       0.971321       0.742472
            804         18.455         59.219       0.762402       0.742472
            805         18.299        109.048       0.856308       0.742472
            806         13.261         93.274       0.875528       0.742472
            807         38.705         81.222       0.677262       0.742472
            808         29.037         44.449       0.604865       0.742472
            809         39.377         13.294       0.252400       0.742472
            810         71.131         67.185       0.485735       0.742472
            811         14.043         26.387       0.652658       0.742472
            812         33.362         35.483       0.515407       0.742472
            813         22.082         57.648       0.723040       0.742472
            814         -7.362        147.198       1.052645       0.742472
            815         26.341         35.037       0.570836       0.742472
            816         19.135        120.798       0.863258       0.742472
            817         25.760         75.622       0.745913       0.742472
            818          4.301         69.041       0.941361       0.742472
            819         29.895         77.082       0.720546       0.742472
            820         33.293         66.183       0.665318       0.742472
            821          2.952         94.563       0.969728       0.742472
            822         33.397        132.604       0.798814       0.742472
            823         35.421         98.384       0.735277       0.742472
            824          0.457         50.936       0.991116       0.742472
            825         44.262        173.284       0.796541       0.742472
            826         18.087         78.304       0.812358       0.742472
            827         38.883         96.624       0.713053       0.742472
            828         25.972         66.197       0.718208       0.742472
            829         46.762        103.690       0.689189       0.742472
            830         -5.998         32.377       1.227400       0.742472
            831         38.943        104.759       0.729003       0.742472
            832         21.699         49.212       0.693991       0.742472
            833         35.002         85.971       0.710664       0.742472
            834         42.577         46.305       0.520977       0.742472
            835         20.329         40.955       0.668278       0.742472
            836         27.514         86.608       0.758908       0.742472
            837         16.745        108.827       0.866648       0.742472
            838         28.734         44.034       0.605123       0.742472
            839         -7.071         45.535       1.183837       0.742472
            840         43.574         71.331       0.620783       0.742472
            841         50.331         72.277       0.589496       0.742472
            842         48.503         29.353       0.377020       0.742472
            843          1.382         92.157       0.985228       0.742472
            844        -11.684         98.988       1.133834       0.742472
            845         27.532        143.391       0.838920       0.742472
            846         33.898         41.905       0.552815       0.742472
            847         35.575        113.691       0.761667       0.742472
            848        -11.725        123.309       1.105075       0.742472
            849          9.784         70.895       0.878727       0.742472
            850         27.431        145.823       0.841672       0.742472
            851         30.310         38.973       0.562519       0.742472
            852         30.414        101.227       0.768963       0.742472
            853         29.434         93.764       0.761081       0.742472
            854         34.287         57.358       0.625870       0.742472
            855          1.946         83.146       0.977131       0.742472
            856         28.297         56.724       0.667175       0.742472
            857          8.676         70.587       0.890543       0.742472
            858          7.125         87.270       0.924519       0.742472
            859         21.532         75.036       0.777028       0.742472
            860        -10.370         80.921       1.146985       0.742472
            861         22.933         25.585       0.527326       0.742472
            862         11.157         77.693       0.874430       0.742472
            863         53.269         90.570       0.629662       0.742472
            864         48.650         58.137       0.544421       0.742472
            865         11.531         71.858       0.861715       0.742472
            866          7.346         36.859       0.833818       0.742472
            867         21.761         84.490       0.795195       0.742472
            868         15.732        124.707       0.887977       0.742472
            869         47.926        114.813       0.705503       0.742472
            870          0.818         68.886       0.988266       0.742472
            871          8.776         94.721       0.915209       0.742472
            872         37.049         74.967       0.669253       0.742472
            873         37.429         97.658       0.722926       0.742472
            874         27.221        133.160       0.830271       0.742472
            875         42.568         53.507       0.556928       0.742472
            876         18.806         43.386       0.697615       0.742472
            877         13.673         25.352       0.649637       0.742472
            878          9.474         68.358       0.878277       0.742472
            879         24.482        118.098       0.828295       0.742472
            880         31.898         72.452       0.694318       0.742472
            881         24.955         85.822       0.774727       0.742472
            882         34.899         95.521       0.732411       0.742472
            883         39.196         75.265       0.657560       0.742472
            884         37.400         97.893       0.723563       0.742472
            885         45.217         55.995       0.553245       0.742472
            886         20.658         58.007       0.737391       0.742472
            887         36.115         78.098       0.683791       0.742472
            888         47.542         92.153       0.659671       0.742472
            889         38.845         75.484       0.660234       0.742472
            890         12.205         81.186       0.869317       0.742472
            891         46.016         62.444       0.575729       0.742472
            892         38.222         69.405       0.644862       0.742472
            893         31.248        115.754       0.787431       0.742472
            894          4.057        106.436       0.963281       0.742472
            895         20.423         63.922       0.757865       0.742472
            896         44.595         54.269       0.548923       0.742472
            897         15.202        139.211       0.901550       0.742472
            898         23.416         57.824       0.711768       0.742472
            899          5.187         61.521       0.922243       0.742472
            900         47.552         30.805       0.393131       0.742472
            901         31.243         67.597       0.683902       0.742472
            902         31.806         84.697       0.726995       0.742472
            903         40.517         91.346       0.692736       0.742472
            904         45.308         75.396       0.624637       0.742472
            905         10.553        125.115       0.922216       0.742472
            906         53.140         90.492       0.630028       0.742472
            907         13.568         50.920       0.789602       0.742472
            908         26.176         63.446       0.707931       0.742472
            909         -1.701        130.222       1.013232       0.742472
            910         48.570         52.316       0.518565       0.742472
            911         39.229         91.966       0.700990       0.742472
            912         38.219         53.068       0.581330       0.742472
            913         22.865         34.046       0.598235       0.742472
            914         14.915         87.268       0.854037       0.742472
            915         33.278         43.000       0.563727       0.742472
            916         58.254         90.953       0.609575       0.742472
            917         29.031         62.299       0.682127       0.742472
            918         19.104         75.786       0.798669       0.742472
            919         26.376         64.625       0.710156       0.742472
            920         20.835         55.372       0.726604       0.742472
            921         21.933         85.142       0.795166       0.742472
            922         40.043        108.551       0.730520       0.742472
            923         -2.247         86.959       1.026526       0.742472
            924         38.582         56.522       0.594316       0.742472
            925         19.591         37.115       0.654517       0.742472
            926         33.045         25.703       0.437514       0.742472
            927         26.219         82.774       0.759439       0.742472
            928         28.561         46.652       0.620268       0.742472
            929         29.542         60.932       0.673471       0.742472
            930         22.351         47.957       0.682095       0.742472
            931         26.851         76.090       0.739162       0.742472
            932          3.201        -26.403       1.137949       0.742472
            933         60.460        120.418       0.665744       0.742472
            934         48.731         41.168       0.457936       0.742472
            935         41.843         79.861       0.656189       0.742472
            936         11.963         53.382       0.816920       0.742472
            937         21.041         23.610       0.528766       0.742472
            938         36.695         81.960       0.690745       0.742472
            939         33.998         14.376       0.297187       0.742472
            940         23.108        132.620       0.851613       0.742472
            941         51.024          2.968       0.054978       0.697109
            942         48.915         84.953       0.634604       0.742472
            943         39.985         54.869       0.578454       0.742472
            944        -14.740         72.639       1.254594       0.742472
            945         22.708         50.459       0.689644       0.742472
            946         51.547         37.768       0.422862       0.742472
            947         35.534         82.455       0.698837       0.742472
            948          1.625         24.723       0.938336       0.742472
            949          1.985         91.422       0.978752       0.742472
            950         39.295         71.885       0.646564       0.742472
            951         38.511         81.257       0.678453       0.742472
            952         28.552         26.016       0.476768       0.742472
            953         21.754         46.697       0.682199       0.742472
            954         31.521        113.310       0.782359       0.742472
            955         58.327         49.808       0.460610       0.742472
            956         48.842         70.320       0.590123       0.742472
            957         20.609          9.064       0.305469       0.742472
            958          5.149         82.371       0.941168       0.742472
            959         43.624        151.795       0.776769       0.742472
            960         13.276          6.166       0.317157       0.742472
            961         11.149         92.793       0.892738       0.742472
            962         24.068         47.074       0.661695       0.742472
            963         15.686        112.075       0.877227       0.742472
            964         38.723         30.792       0.442954       0.742472
            965         31.219         82.272       0.724920       0.742472
            966         48.500         62.242       0.562044       0.742472
            967          4.184        118.150       0.965799       0.742472
            968         17.465         36.792       0.678109       0.742472
            969         50.246         76.591       0.603850       0.742472
            970         33.624        117.570       0.777608       0.742472
            971         28.122         48.015       0.630638       0.742472
            972         49.411         89.118       0.643316       0.742472
            973         23.015         91.715       0.799402       0.742472
            974         -4.311         72.015       1.063669       0.742472
            975         53.444         65.857       0.552026       0.742472
            976         13.027         88.048       0.871114       0.742472
            977         29.549         47.117       0.614573       0.742472
            978         11.094         81.211       0.879811       0.742472
            979         63.986          9.031       0.123686       0.697109
            980         16.505         72.704       0.814988       0.742472
            981         24.041         15.182       0.387074       0.742472
            982         66.601         91.354       0.578356       0.742472
            983         22.338         58.853       0.724871       0.742472
            984         36.748         69.229       0.653247       0.742472
            985         16.330         70.158       0.811191       0.742472
            986         45.732         68.028       0.597995       0.742472
            987         22.649        101.218       0.817149       0.742472
            988         46.525         49.220       0.514077       0.742472
            989         40.458         40.079       0.497649       0.742472
            990         28.627        100.787       0.778796       0.742472
            991         38.512         32.597       0.458412       0.742472
            992         27.654         91.850       0.768593       0.742472
            993         33.362         41.893       0.556684       0.742472
            994         13.796         20.058       0.592486       0.742472
            995         33.015         82.316       0.713736       0.742472
            996         59.987         45.467       0.431153       0.742472
            997         41.204         75.295       0.646315       0.742472
            998         24.740         46.070       0.650612       0.742472
            999         26.806         75.841       0.738853       0.742472
           1000         39.872         18.712       0.319407       0.742472
