              1         40.419        145.704       0.782838       0.739521
              2         -0.113         60.694       1.001864       0.739521
              3         12.817         70.435       0.846044       0.739521
              4         10.247        102.487       0.909102       0.739521
              5         44.018        102.228       0.699014       0.739521
              6         -7.306         74.657       1.108470       0.748732
              7         11.587         48.363       0.806722       0.739521
              8         24.723        107.430       0.812923       0.739521
              9         26.489         94.324       0.780746       0.739521
             10         15.089         58.826       0.795854       0.739521
             11          7.295         74.369       0.910674       0.739521
             12         41.110         33.593       0.449689       0.739521
             13         24.639         34.550       0.583725       0.739521
             14         52.038        125.052       0.706150       0.739521
             15         23.067        125.369       0.844600       0.739521
             16         55.005         98.377       0.641386       0.739521
             17         17.187         87.749       0.836215       0.739521
             18         -8.240        109.266       1.081568       0.748732
             19         12.070        123.194       0.910768       0.739521
             20         31.562         34.963       0.525564       0.739521
             21         37.384         93.080       0.713455       0.739521
             22         21.356         85.597       0.800326       0.739521
             23         23.282        136.919       0.854668       0.739521
             24        -15.911        104.843       1.178908       0.748732
             25         31.154        133.959       0.811316       0.739521
             26         24.806        110.040       0.816039       0.739521
             27          6.272         40.395       0.865606       0.739521
             28         53.406         77.465       0.591918       0.739521
             29          4.855         95.566       0.951652       0.739521
             30         42.778         88.549       0.674261       0.739521
             31         42.652        101.170       0.703441       0.739521
             32         35.103         78.722       0.691604       0.739521
             33         41.451        129.048       0.756886       0.739521
             34          0.644         67.924       0.990612       0.739521
             35          7.000         70.513       0.909692       0.739521
             36         42.286         54.240       0.561923       0.739521
             37         -1.039         68.424       1.015420       0.739521
             38         30.889         71.354       0.697885       0.739521
             39         27.269         28.206       0.508449       0.739521
             40         41.132        103.092       0.714804       0.739521
             41          2.226         57.165       0.962525       0.739521
             42         42.823         97.364       0.694527       0.739521
             43         19.788         87.457       0.815488       0.739521
             44         -3.147         83.259       1.039282       0.739521
             45         44.723         64.817       0.591717       0.739521
             46         31.292         80.750       0.720709       0.739521
             47         48.735         81.788       0.626616       0.739521
             48         36.032         45.441       0.557744       0.739521
             49         -3.850         67.847       1.060163       0.739521
             50         30.575         78.551       0.719815       0.739521
             51         -5.158        112.573       1.048020       0.739521
             52         28.719         82.829       0.742540       0.739521
             53         48.867         68.930       0.585155       0.739521
             54         21.609         52.182       0.707164       0.739521
             55         37.698         93.516       0.712699       0.739521
             56         75.118         75.901       0.502593       0.739521
             57         35.451         88.687       0.714421       0.739521
             58          9.754         92.146       0.904281       0.739521
             59        -18.888         65.219       1.407661       0.748732
             60          7.436         86.144       0.920539       0.739521
             61         72.930        145.499       0.666114       0.739521
             62         13.578         69.278       0.836123       0.739521
             63         57.040         58.976       0.508345       0.739521
             64         21.225        142.396       0.870280       0.739521
             65         27.035        104.735       0.794830       0.739521
             66         71.094         93.070       0.566934       0.739521
             67         28.812         44.356       0.606221       0.739521
             68          6.779         56.976       0.893674       0.739521
             69         18.626        109.326       0.854430       0.739521
             70         46.762         53.744       0.534734       0.739521
             71         54.272         88.498       0.619865       0.739521
             72          6.971         53.542       0.884797       0.739521
             73         77.362         70.274       0.475994       0.739521
             74         12.294         89.697       0.879463       0.739521
             75         39.066         79.189       0.669647       0.739521
             76         26.115         81.473       0.757267       0.739521
             77         18.468         11.183       0.377160       0.748732
             78         31.284         79.174       0.716776       0.739521
             79         25.288         59.813       0.702847       0.739521
             80         58.721         45.562       0.436910       0.739521
             81         54.164         83.344       0.606104       0.739521
             82         33.937         80.763       0.704125       0.739521
             83         42.748        118.616       0.735084       0.739521
             84         32.558         58.377       0.641966       0.739521
             85         33.936         31.756       0.483402       0.739521
             86         58.263        123.536       0.679519       0.739521
             87         30.660         92.746       0.751554       0.739521
             88         26.159        120.228       0.821304       0.739521
             89         33.583         80.521       0.705682       0.739521
             90         58.872         85.216       0.591416       0.739521
             91         35.344         57.169       0.617958       0.739521
             92         34.270         90.745       0.725872       0.739521
             93         41.681         61.189       0.594818       0.739521
             94          7.846        122.200       0.939664       0.739521
             95         28.349         88.917       0.758251       0.739521
             96          6.547         47.143       0.878061       0.739521
             97         28.424         85.035       0.749475       0.739521
             98         54.573         41.581       0.432444       0.739521
             99          9.343         54.754       0.854241       0.739521
            100        -20.053         85.950       1.304308       0.748732
            101         34.214         76.854       0.691958       0.739521
            102         38.124         98.900       0.721771       0.739521
            103         48.625         84.739       0.635395       0.739521
            104         12.404         40.396       0.765080       0.739521
            105         11.135         82.518       0.881107       0.739521
            106         14.557        122.474       0.893768       0.739521
            107          1.209         95.454       0.987491       0.739521
            108         49.371         66.074       0.572341       0.739521
            109         38.540         63.874       0.623683       0.739521
            110         10.057         49.208       0.830311       0.739521
            111         25.192         59.290       0.701807       0.739521
            112         42.047         90.789       0.683468       0.739521
            113         50.721         17.548       0.257043       0.748732
            114         42.470         70.042       0.622531       0.739521
            115         43.572         76.371       0.636729       0.739521
            116         13.716         68.888       0.833952       0.739521
            117         71.672         79.911       0.527174       0.739521
            118          4.778        100.301       0.954525       0.739521
            119         -0.185        127.242       1.001458       0.739521
            120         64.878         62.985       0.492596       0.739521
            121         48.024         98.149       0.671458       0.739521
            122         47.484         91.183       0.657569       0.739521
            123         41.402        107.030       0.721073       0.739521
            124         18.377         46.328       0.715992       0.739521
            125         34.086         13.536       0.284244       0.748732
            126         23.182         43.826       0.654044       0.739521
            127         58.704         40.989       0.411155       0.739521
            128         29.725         24.101       0.447757       0.739521
            129         55.158         47.033       0.460247       0.739521
            130         19.237         12.091       0.385940       0.748732
            131         23.234         71.527       0.754818       0.739521
            132         46.474        116.730       0.715241       0.739521
            133          1.324         17.188       0.928500       0.739521
            134         11.258         70.267       0.861907       0.739521
            135         90.133        105.384       0.539002       0.739521
            136         39.553         14.772       0.271927       0.748732
            137         50.937         21.664       0.298401       0.748732
            138         30.852         30.078       0.493654       0.739521
            139          4.886         95.352       0.951251       0.739521
            140         39.571         73.572       0.650255       0.739521
            141         43.943         15.312       0.258413       0.748732
            142         28.176         69.082       0.710295       0.739521
            143         24.859         68.370       0.733356       0.739521
            144         32.477          5.446       0.143614       0.748732
            145         21.099         65.013       0.754984       0.739521
            146         39.997         27.452       0.407001       0.739521
            147         16.675         88.951       0.842130       0.739521
            148         32.832         77.316       0.701928       0.739521
            149         40.266         56.953       0.585825       0.739521
            150         40.802         82.530       0.669169       0.739521
            151         50.293        120.324       0.705227       0.739521
            152         -7.533         80.186       1.103677       0.748732
            153          6.107         44.184       0.878561       0.739521
            154         65.424         56.752       0.464508       0.739521
            155         29.406        143.193       0.829628       0.739521
            156         36.123         54.661       0.602100       0.739521
            157         49.349         66.956       0.575689       0.739521
            158         -4.276         47.053       1.099971       0.748732
            159         14.548         74.465       0.836563       0.739521
            160          8.313         -3.945      -0.903180       0.553400
            161         49.664         54.782       0.524499       0.739521
            162        -11.598         45.238       1.344766       0.748732
            163         22.634         31.240       0.579871       0.739521
            164         13.979         97.728       0.874858       0.739521
            165         29.672         74.748       0.715840       0.739521
            166          3.901         75.194       0.950682       0.739521
            167         65.192         59.786       0.478371       0.739521
            168         30.713         93.318       0.752379       0.739521
            169         67.919         85.406       0.557026       0.739521
            170         25.057         79.471       0.760288       0.739521
            171         64.192         95.278       0.597469       0.739521
            172         41.037         68.830       0.626486       0.739521
            173          6.820         43.468       0.864384       0.739521
            174         28.265         98.740       0.777450       0.739521
            175         25.062         65.441       0.723078       0.739521
            176         37.499        127.316       0.772479       0.739521
            177         20.254        128.285       0.863644       0.739521
            178         18.434         32.308       0.636705       0.739521
            179         25.074         54.947       0.686660       0.739521
            180         17.439        133.922       0.884784       0.739521
            181         32.266         75.615       0.700910       0.739521
            182         28.505         46.554       0.620228       0.739521
            183         22.108         88.372       0.799889       0.739521
            184         35.274        118.138       0.770072       0.739521
            185          8.511         90.485       0.914025       0.739521
            186        -13.287         49.803       1.363859       0.748732
            187         33.932         67.771       0.666364       0.739521
            188         30.002         72.728       0.707950       0.739521
            189         20.992        162.249       0.885440       0.739521
            190         11.556         93.629       0.890135       0.739521
            191        -17.896         57.826       1.448173       0.748732
            192         16.326         92.067       0.849382       0.739521
            193         20.438         57.692       0.738410       0.739521
            194          8.294         96.313       0.920709       0.739521
            195         17.231         72.403       0.807761       0.739521
            196          3.592         33.995       0.904434       0.739521
            197         11.617         87.218       0.882462       0.739521
            198         33.820         65.873       0.660758       0.739521
            199         27.084         87.171       0.762953       0.739521
            200          9.104         61.571       0.871186       0.739521
            201        -17.329         97.340       1.216577       0.748732
            202         27.806         32.384       0.538031       0.739521
            203         21.259         75.782       0.780925       0.739521
            204         16.849         77.793       0.821967       0.739521
            205         25.116         67.919       0.730035       0.739521
            206          0.859         41.624       0.979769       0.739521
            207         49.823        100.218       0.667940       0.739521
            208         34.425         18.828       0.353561       0.748732
            209         45.082         24.084       0.348209       0.748732
            210         14.599        110.473       0.883278       0.739521
            211         17.127         61.112       0.781095       0.739521
            212         -1.641        118.788       1.014010       0.739521
            213         30.112         93.960       0.757302       0.739521
            214         20.024        111.405       0.847644       0.739521
            215         12.073         36.242       0.750124       0.739521
            216         15.892         46.733       0.746236       0.739521
            217         47.905        127.037       0.726168       0.739521
            218         34.839        118.464       0.772744       0.739521
            219          1.152        107.569       0.989406       0.739521
            220         12.168        133.913       0.916706       0.739521
            221         18.976        101.487       0.842476       0.739521
            222         11.716        131.706       0.918311       0.739521
            223         37.408         88.872       0.703771       0.739521
            224          8.289         86.488       0.912541       0.739521
            225        -16.112        110.503       1.170695       0.748732
            226         22.355        102.547       0.821018       0.739521
            227         36.298        108.089       0.748606       0.739521
            228         26.021         23.267       0.472064       0.739521
            229         31.972         70.140       0.686897       0.739521
            230         -3.214         35.328       1.100067       0.748732
            231         -7.282        127.549       1.060550       0.748732
            232         25.795         57.712       0.691101       0.739521
            233          4.729        131.789       0.965362       0.739521
            234         11.411         75.741       0.869065       0.739521
            235          6.882         71.847       0.912592       0.739521
            236         49.351         99.524       0.668507       0.739521
            237         20.974         46.694       0.690048       0.739521
            238         20.701        146.727       0.876361       0.739521
            239         38.586         82.377       0.681009       0.739521
            240         -8.842         70.179       1.144162       0.748732
            241         17.817         91.601       0.837168       0.739521
            242         23.391         37.108       0.613366       0.739521
            243         13.258         72.785       0.845915       0.739521
            244         29.793         81.846       0.733130       0.739521
            245         -1.358         76.938       1.017971       0.739521
            246         14.673         31.618       0.683034       0.739521
            247        -17.152         64.133       1.365084       0.748732
            248         35.397         89.701       0.717046       0.739521
            249         25.445         -7.563      -0.422954       0.553400
            250         31.824         68.993       0.684340       0.739521
            251         36.624         48.625       0.570387       0.739521
            252         -9.931        102.476       1.107308       0.748732
            253         49.127         40.240       0.450278       0.748732
            254        -11.936         98.586       1.137746       0.748732
            255          9.115         28.935       0.760444       0.739521
            256         42.810        109.352       0.718653       0.739521
            257         20.256         87.483       0.811994       0.739521
            258         53.194         50.080       0.484927       0.739521
            259         42.987         90.131       0.677074       0.739521
            260         60.378         -5.483      -0.099883       0.748732
            261         47.689         39.330       0.451975       0.739521
            262         34.046         47.214       0.581023       0.739521
            263         23.105         81.584       0.779298       0.739521
            264         61.709         24.647       0.285414       0.748732
            265        -13.899         64.399       1.275223       0.748732
            266         15.745         44.452       0.738442       0.739521
            267          3.948         85.788       0.956003       0.739521
            268         36.417         70.423       0.659145       0.739521
            269         24.318         94.457       0.795258       0.739521
            270         52.509         86.894       0.623329       0.739521
            271         -0.398         82.293       1.004865       0.739521
            272         65.105         65.349       0.500935       0.739521
            273         17.397         35.663       0.672130       0.739521
            274         31.472        112.568       0.781506       0.739521
            275         35.996         69.912       0.660121       0.739521
            276         45.503         59.100       0.564992       0.739521
            277         59.293         47.414       0.444336       0.739521
            278         58.988         55.574       0.485100       0.739521
            279         32.465         43.202       0.570947       0.739521
            280         26.890          5.469       0.169012       0.748732
            281         24.510         93.629       0.792530       0.739521
            282         35.836         95.817       0.727797       0.739521
            283          3.172         87.420       0.964982       0.739521
            284          1.977         95.324       0.979685       0.739521
            285         12.926         93.372       0.878395       0.739521
            286         23.398        107.075       0.820668       0.739521
            287         13.341         27.907       0.676568       0.739521
            288          6.723         96.791       0.935056       0.739521
            289         27.599         93.729       0.772528       0.739521
            290         -1.590         72.151       1.022528       0.739521
            291          4.157         97.094       0.958941       0.739521
            292         30.218        101.743       0.771006       0.739521
            293          3.401         85.472       0.961734       0.739521
            294         24.264         71.012       0.745327       0.739521
            295         29.900         76.287       0.718424       0.739521
            296         15.798         69.793       0.815428       0.739521
            297          9.840         97.719       0.908513       0.739521
            298         11.951        114.430       0.905434       0.739521
            299          1.068         81.249       0.987023       0.739521
            300         13.983        101.553       0.878970       0.739521
            301         20.594         95.922       0.823248       0.739521
            302         28.290         49.485       0.636260       0.739521
            303         36.498         24.646       0.403080       0.739521
            304          8.248        107.617       0.928810       0.739521
            305         48.231         24.151       0.333658       0.748732
            306         44.196         74.942       0.629033       0.739521
            307         47.570         55.994       0.540672       0.739521
            308         43.365         90.586       0.676262       0.739521
            309         -0.243        107.458       1.002268       0.739521
            310         65.566        144.136       0.687337       0.739521
            311        -10.576         34.175       1.448144       0.748732
            312         28.300         50.107       0.639063       0.739521
            313          3.246         65.221       0.952597       0.739521
            314         17.694         54.860       0.756124       0.739521
            315          0.585         56.025       0.989669       0.739521
            316         11.880         44.754       0.790232       0.739521
            317         39.742         65.960       0.624020       0.739521
            318         16.873         91.719       0.844618       0.739521
            319          8.002        104.911       0.929132       0.739521
            320         -2.184         53.835       1.042288       0.739521
            321         43.646        106.368       0.709051       0.739521
            322         63.173         34.241       0.351500       0.748732
            323         23.724         20.346       0.461674       0.739521
            324         26.966         55.608       0.673431       0.739521
            325         -6.931         79.893       1.094991       0.748732
            326         45.040         90.432       0.667534       0.739521
            327         30.655         58.998       0.658070       0.739521
            328          8.348         72.556       0.896819       0.739521
            329          5.866        115.298       0.951589       0.739521
            330         44.140        130.294       0.746952       0.739521
            331         48.272         66.541       0.579558       0.739521
            332          6.043         16.173       0.727993       0.739521
            333         20.085         76.012       0.790990       0.739521
            334         37.802         89.217       0.702389       0.739521
            335         21.992         80.108       0.784601       0.739521
            336         19.468         95.750       0.831033       0.739521
            337         47.381         87.084       0.647631       0.739521
            338         11.766         56.684       0.828107       0.739521
            339         37.139         95.297       0.719571       0.739521
            340         22.083        129.991       0.854789       0.739521
            341         35.390         45.158       0.560636       0.739521
            342         33.737        103.960       0.754990       0.739521
            343          1.395         85.308       0.983915       0.739521
            344         14.565         96.990       0.869439       0.739521
            345         34.264        117.995       0.774964       0.739521
            346         12.146         44.541       0.785740       0.739521
            347         21.830         70.293       0.763031       0.739521
            348         37.424         80.679       0.683126       0.739521
            349         25.249         65.140       0.720664       0.739521
            350         34.120         79.852       0.700630       0.739521
            351         15.701        121.960       0.885943       0.739521
            352         13.219         77.950       0.855010       0.739521
            353         40.815        102.923       0.716047       0.739521
            354         35.725        105.944       0.747830       0.739521
            355         27.478        102.518       0.788623       0.739521
            356          8.355         37.577       0.818097       0.739521
            357         41.832        105.459       0.715994       0.739521
            358         43.617         85.625       0.662519       0.739521
            359         31.671         99.913       0.759309       0.739521
            360          2.485         30.206       0.923986       0.739521
            361         19.629         94.063       0.827347       0.739521
            362        -12.876         74.679       1.208336       0.748732
            363          2.964        127.763       0.977324       0.739521
            364         18.289        130.434       0.877027       0.739521
            365          1.232         37.732       0.968382       0.739521
            366         41.662        105.129       0.716183       0.739521
            367         14.761         77.840       0.840594       0.739521
            368         12.468        100.823       0.889948       0.739521
            369         -5.436         58.330       1.102781       0.748732
            370         30.937          4.775       0.133716       0.748732
            371         22.449         89.557       0.799572       0.739521
            372         53.863         73.072       0.575668       0.739521
            373          0.517         42.849       0.988088       0.739521
            374         22.459        108.346       0.828300       0.739521
            375         29.661         66.451       0.691392       0.739521
            376         -4.955        116.777       1.044311       0.739521
            377         13.576        101.000       0.881514       0.739521
            378          7.479         65.510       0.897535       0.739521
            379          4.612         78.055       0.944209       0.739521
            380         35.379         46.251       0.566593       0.739521
            381         27.185        122.205       0.818029       0.739521
            382         29.904         77.797       0.722344       0.739521
            383         24.422         75.278       0.755043       0.739521
            384         35.865        120.149       0.770116       0.739521
            385         17.720         83.233       0.824472       0.739521
            386         33.542         73.680       0.687172       0.739521
            387         21.692         77.196       0.780638       0.739521
            388         39.885        117.512       0.746595       0.739521
            389         38.962         80.323       0.673371       0.739521
            390         -8.425        122.470       1.073870       0.739521
            391          4.417         88.102       0.952260       0.739521
            392         18.881        100.407       0.841719       0.739521
            393         43.099         84.546       0.662354       0.739521
            394         -5.910        135.151       1.045731       0.739521
            395          1.829         63.492       0.971993       0.739521
            396         41.986         60.466       0.590190       0.739521
            397         41.981        103.029       0.710498       0.739521
            398         21.879        115.178       0.840365       0.739521
            399         12.367        113.108       0.901436       0.739521
            400         28.888         60.177       0.675649       0.739521
            401         33.550         32.008       0.488242       0.739521
            402         -1.984        108.389       1.018646       0.739521
            403         41.614        108.206       0.722238       0.739521
            404         19.687         79.030       0.800572       0.739521
            405         10.807        136.925       0.926845       0.739521
            406         42.618         87.314       0.672001       0.739521
            407         54.189        105.944       0.661601       0.739521
            408          4.850         40.229       0.892419       0.739521
            409         43.417        109.340       0.715780       0.739521
            410         20.004         52.738       0.724996       0.739521
            411         47.200         35.192       0.427126       0.739521
            412         23.697        117.159       0.831765       0.739521
            413        -24.440         66.982       1.574501       0.748732
            414         18.745         86.801       0.822398       0.739521
            415         47.023         84.451       0.642339       0.739521
            416        -13.117         86.367       1.179077       0.748732
            417         11.314         79.005       0.874728       0.739521
            418         11.398         71.345       0.862249       0.739521
            419         32.955         89.791       0.731518       0.739521
            420          6.524         72.407       0.917346       0.739521
            421        -10.173         88.412       1.130029       0.748732
            422         12.376         54.436       0.814757       0.739521
            423         26.526         70.854       0.727601       0.739521
            424         18.139         87.195       0.827794       0.739521
            425         39.176         88.215       0.692473       0.739521
            426         -0.085        108.889       1.000777       0.739521
            427         26.587        136.623       0.837101       0.739521
            428         -7.393        106.979       1.074234       0.739521
            429         30.582        106.570       0.777021       0.739521
            430         16.455         65.610       0.799492       0.739521
            431          7.137         86.311       0.923629       0.739521
            432         11.012         84.634       0.884867       0.739521
            433          5.369         61.899       0.920191       0.739521
            434         16.611         65.184       0.796918       0.739521
            435         14.196         32.141       0.693638       0.739521
            436          5.802         87.251       0.937644       0.739521
            437         24.705        128.785       0.839042       0.739521
            438         45.567        110.674       0.708356       0.739521
            439         30.193        126.041       0.806746       0.739521
            440         20.299        145.893       0.877861       0.739521
            441         21.950         57.298       0.723022       0.739521
            442         13.601        146.459       0.915025       0.739521
            443         18.595         55.574       0.749286       0.739521
            444         22.794         82.512       0.783545       0.739521
            445         11.643         92.074       0.887742       0.739521
            446         28.889         82.764       0.741264       0.739521
            447         44.179         54.078       0.550371       0.739521
            448         29.734        166.544       0.848510       0.739521
            449         11.383         40.569       0.780893       0.739521
            450         10.134         45.196       0.816852       0.739521
            451         -1.786         58.794       1.031330       0.739521
            452        -13.807         77.185       1.217847       0.748732
            453         10.392         23.125       0.689958       0.739521
            454         30.306         57.862       0.656267       0.739521
            455         22.591        105.318       0.823385       0.739521
            456         17.414         83.030       0.826630       0.739521
            457         34.339         69.055       0.667881       0.739521
            458         16.033        139.295       0.896777       0.739521
            459         34.192         55.611       0.619252       0.739521
            460         -8.219         82.455       1.110713       0.748732
            461         26.812         84.411       0.758934       0.739521
            462         46.667         70.427       0.601457       0.739521
            463         -5.535        111.981       1.052001       0.748732
            464         -7.215         42.346       1.205361       0.748732
            465         21.543         42.922       0.665819       0.739521
            466         11.454         84.094       0.880119       0.739521
            467         36.395         82.082       0.692810       0.739521
            468          0.955         38.959       0.976082       0.739521
            469          1.731         59.884       0.971903       0.739521
            470        -10.302         33.243       1.449077       0.748732
            471         75.030         16.469       0.179994       0.748732
            472         35.702         68.205       0.656402       0.739521
            473         50.913        119.631       0.701466       0.739521
            474         36.931         39.335       0.515757       0.739521
            475         14.463         47.849       0.767899       0.739521
            476         31.175        130.754       0.807476       0.739521
            477         46.551         80.504       0.633616       0.739521
            478         16.064         63.193       0.797313       0.739521
            479         14.764        113.657       0.885032       0.739521
            480         14.158         61.784       0.813570       0.739521
            481         43.704        112.502       0.720216       0.739521
            482         16.973         67.493       0.799051       0.739521
            483         50.135         58.872       0.540074       0.739521
            484         15.387         84.082       0.845306       0.739521
            485         45.225         42.233       0.482895       0.739521
            486         30.415        145.031       0.826642       0.739521
            487         -5.330         93.739       1.060287       0.739521
            488         16.109         80.941       0.834014       0.739521
            489         22.376         70.914       0.760147       0.739521
            490         34.418         65.251       0.654674       0.739521
            491         52.390         77.616       0.597020       0.739521
            492         27.428         82.682       0.750908       0.739521
            493         13.786         32.229       0.700398       0.739521
            494         51.310        115.223       0.691894       0.739521
            495         46.668        165.189       0.779717       0.739521
            496         32.919        124.004       0.790224       0.739521
            497         29.842         65.663       0.687535       0.739521
            498         31.045        110.597       0.780823       0.739521
            499         34.562         -0.543      -0.015960       0.748732
            500         14.017         65.625       0.824000       0.739521
            501         54.659        104.003       0.655501       0.739521
            502         26.095         49.949       0.656838       0.739521
            503          4.315         86.837       0.952657       0.739521
            504         33.894         46.229       0.576981       0.739521
            505         56.346         34.444       0.379378       0.748732
            506         49.971         98.958       0.664464       0.739521
            507         49.989         64.934       0.565019       0.739521
            508         66.813         80.530       0.546545       0.739521
            509         39.910        122.656       0.754498       0.739521
            510         28.078         74.943       0.727458       0.739521
            511         47.867        102.162       0.680950       0.739521
            512          6.165         87.073       0.933883       0.739521
            513         29.085         61.013       0.677183       0.739521
            514         34.709         85.970       0.712387       0.739521
            515         35.288         68.615       0.660378       0.739521
            516          5.310         58.241       0.916447       0.739521
            517         10.024        108.549       0.915459       0.739521
            518         53.785         94.906       0.638277       0.739521
            519         27.746         85.659       0.755340       0.739521
            520         30.914        112.344       0.784208       0.739521
            521        -16.401         49.101       1.501548       0.748732
            522         38.210         67.521       0.638607       0.739521
            523         25.449        105.247       0.805281       0.739521
            524         50.205         66.050       0.568147       0.739521
            525         47.269         91.858       0.660244       0.739521
            526        -13.435         64.252       1.264387       0.748732
            527         60.379        112.803       0.651355       0.739521
            528        -13.374         33.781       1.655362       0.748732
            529         -6.793         24.636       1.380725       0.748732
            530         34.641        134.345       0.795006       0.739521
            531         30.986         69.414       0.691371       0.739521
            532         47.991        121.086       0.716158       0.739521
            533         16.444          3.983       0.194967       0.748732
            534         39.407         40.795       0.508655       0.739521
            535         24.001        105.314       0.814398       0.739521
            536         -1.535         41.905       1.038034       0.739521
            537         19.365         19.503       0.501778       0.739521
            538         63.967         47.428       0.425761       0.739521
            539         19.831         64.375       0.764495       0.739521
            540          9.309         86.629       0.902969       0.739521
            541         55.559         56.855       0.505764       0.739521
            542          0.327          1.496       0.820594       0.739521
            543         35.382         84.380       0.704564       0.739521
            544         31.063         12.943       0.294122       0.748732
            545         18.801         83.771       0.816708       0.739521
            546         25.819         45.627       0.638619       0.739521
            547         56.111         56.699       0.502608       0.739521
            548         53.408         83.210       0.609072       0.739521
            549         34.282         84.798       0.712110       0.739521
            550        -10.921         54.010       1.253463       0.748732
            551         49.906         90.404       0.644318       0.739521
            552         68.032        100.568       0.596491       0.739521
            553         50.804         59.693       0.540223       0.739521
            554         42.744          2.357       0.052270       0.748732
            555         27.473         60.264       0.686870       0.739521
            556         42.494         79.734       0.652338       0.739521
            557          5.107         43.385       0.894688       0.739521
            558         25.679         52.748       0.672575       0.739521
            559         18.139        131.526       0.878804       0.739521
            560         33.354        151.537       0.819601       0.739521
            561         -6.299         87.312       1.077750       0.739521
            562          9.038         81.207       0.899847       0.739521
            563         23.395         68.750       0.746110       0.739521
            564         39.641         67.858       0.631242       0.739521
            565         52.204         47.536       0.476598       0.739521
            566         30.959         16.069       0.341686       0.748732
            567         45.943         76.336       0.624278       0.739521
            568         27.390         90.030       0.766737       0.739521
            569          1.526         73.793       0.979744       0.739521
            570         40.943         37.996       0.481333       0.739521
            571         36.031         44.987       0.555272       0.739521
            572         49.926         38.199       0.433464       0.739521
            573         51.321         67.532       0.568201       0.739521
            574         -6.725         64.887       1.115617       0.748732
            575         33.757        122.407       0.783836       0.739521
            576         27.807         98.879       0.780504       0.739521
            577         46.521        123.238       0.725960       0.739521
            578        -17.618         80.853       1.278614       0.748732
            579         51.037         94.089       0.648323       0.739521
            580         49.121         50.391       0.506384       0.739521
            581         14.998         82.103       0.845539       0.739521
            582         38.376         97.153       0.716845       0.739521
            583        -26.640         47.238       2.293292       0.553400
            584         33.270         68.652       0.673570       0.739521
            585         30.152         77.166       0.719041       0.739521
            586         30.701         56.334       0.647258       0.739521
            587         56.847         31.535       0.356803       0.748732
            588         57.781         59.971       0.509299       0.739521
            589         42.492         71.861       0.628415       0.739521
            590         65.415         90.687       0.580945       0.739521
            591          6.819         65.969       0.906317       0.739521
            592         48.304         15.937       0.248076       0.748732
            593         35.210         80.560       0.695864       0.739521
            594         35.615         95.405       0.728171       0.739521
            595         14.405         67.285       0.823662       0.739521
            596         44.398         62.270       0.583775       0.739521
            597         30.671         62.522       0.670886       0.739521
            598         39.279         54.441       0.580891       0.739521
            599         37.811        102.314       0.730160       0.739521
            600         30.443         86.458       0.739580       0.739521
            601         23.891         74.452       0.757065       0.739521
            602         20.068         39.221       0.661526       0.739521
            603         46.692         84.864       0.645076       0.739521
            604         26.651         17.448       0.395651       0.739521
            605          6.640         79.331       0.922767       0.739521
            606         10.109         63.751       0.863136       0.739521
            607         58.625         51.837       0.469273       0.739521
            608         36.614         51.793       0.585849       0.739521
            609          8.901        117.517       0.929589       0.739521
            610         18.694         50.645       0.730395       0.739521
            611         47.553         63.420       0.571493       0.739521
            612         50.473         96.408       0.656370       0.739521
            613         37.509         53.766       0.589057       0.739521
            614         20.223         47.084       0.699542       0.739521
            615         32.911         62.237       0.654109       0.739521
            616         18.086         84.494       0.823692       0.739521
            617         15.835         37.074       0.700718       0.739521
            618         58.577         82.055       0.583473       0.739521
            619         31.036         55.321       0.640610       0.739521
            620         17.448         56.970       0.765538       0.739521
            621          0.692         93.474       0.992654       0.739521
            622         22.192         86.511       0.795845       0.739521
            623         19.898         56.753       0.740411       0.739521
            624         20.055         83.470       0.806278       0.739521
            625         41.917         56.920       0.575898       0.739521
            626         47.354         77.790       0.621602       0.739521
            627         41.334         96.167       0.699389       0.739521
            628         55.805         70.627       0.558617       0.739521
            629         13.015         52.091       0.800094       0.739521
            630         -9.317         61.156       1.179738       0.748732
            631         -9.712         33.666       1.405450       0.748732
            632          3.558         78.139       0.956450       0.739521
            633         22.862         47.400       0.674618       0.739521
            634         29.173         71.168       0.709261       0.739521
            635         -6.992        113.475       1.065662       0.739521
            636         14.577         62.476       0.810824       0.739521
            637         -1.059         97.314       1.011005       0.739521
            638         30.182         69.210       0.696337       0.739521
            639         31.814        103.638       0.765128       0.739521
            640         22.865         85.618       0.789234       0.739521
            641         30.097         23.222       0.435528       0.739521
            642          7.965         99.163       0.925651       0.739521
            643         37.869         64.250       0.629168       0.739521
            644         21.841         57.755       0.725600       0.739521
            645         46.525         88.099       0.654407       0.739521
            646         13.594         78.821       0.852905       0.739521
            647         -6.464        103.237       1.066794       0.739521
            648         38.053        105.427       0.734788       0.739521
            649         31.164         92.842       0.748691       0.739521
            650         17.939         60.233       0.770517       0.739521
            651         29.764        121.451       0.803168       0.739521
            652         16.853         87.321       0.838219       0.739521
            653        -11.028         74.079       1.174900       0.748732
            654         -5.010          6.362       4.703088       0.553400
            655         37.445        100.398       0.728350       0.739521
            656         19.105         55.552       0.744096       0.739521
            657         29.311         40.898       0.582521       0.739521
            658         13.062         53.879       0.804870       0.739521
            659         49.466         85.832       0.634393       0.739521
            660         13.780         56.721       0.804541       0.739521
            661         59.394        117.132       0.663538       0.739521
            662         -2.362         40.014       1.062726       0.748732
            663         -6.321         48.714       1.149108       0.748732
            664         22.023         79.916       0.783958       0.739521
            665         29.279         98.029       0.770017       0.739521
            666         -3.600         56.177       1.068461       0.739521
            667         26.644         62.385       0.700729       0.739521
            668         25.325         92.354       0.784793       0.739521
            669         50.443         53.451       0.514477       0.739521
            670         12.386        114.059       0.902042       0.739521
            671          8.685        105.352       0.923844       0.739521
            672         32.513         44.184       0.576086       0.739521
            673         45.107         49.610       0.523768       0.739521
            674         12.500         54.922       0.814597       0.739521
            675          3.410        101.347       0.967444       0.739521
            676         21.012         61.454       0.745204       0.739521
            677          5.085         94.446       0.948913       0.739521
            678         18.475         52.747       0.740603       0.739521
            679          5.791         54.213       0.903495       0.739521
            680          5.471        120.499       0.956567       0.739521
            681         25.396         74.890       0.746766       0.739521
            682         30.318         64.096       0.678880       0.739521
            683         28.267         67.738       0.705570       0.739521
            684         17.196        106.387       0.860852       0.739521
            685         32.501         65.562       0.668572       0.739521
            686         21.710        123.047       0.850023       0.739521
            687         55.177         68.106       0.552438       0.739521
            688         24.963         39.344       0.611816       0.739521
            689          9.837         84.689       0.895936       0.739521
            690          8.074         95.396       0.921969       0.739521
            691         62.698         97.620       0.608913       0.739521
            692         18.979         51.830       0.731966       0.739521
            693         54.810         41.082       0.428422       0.739521
            694         21.483        114.925       0.842507       0.739521
            695         27.881         73.766       0.725711       0.739521
            696         12.009         29.330       0.709490       0.739521
            697         23.524         42.883       0.645754       0.739521
            698         32.997         22.689       0.407443       0.748732
            699         64.937         44.386       0.406004       0.748732
            700         34.143         82.609       0.707561       0.739521
            701         55.794         79.288       0.586961       0.739521
            702         28.304         74.456       0.724566       0.739521
            703         62.167        133.493       0.682271       0.739521
            704         21.908         56.964       0.722238       0.739521
            705        -11.653         81.165       1.167649       0.748732
            706         31.755         10.814       0.254035       0.748732
            707         37.957         71.000       0.651635       0.739521
            708         46.093         62.831       0.576835       0.739521
            709         31.268        117.230       0.789438       0.739521
            710          7.968        140.787       0.946435       0.739521
            711         30.295        134.300       0.815940       0.739521
            712         18.171         74.661       0.804257       0.739521
            713         50.808         84.761       0.625222       0.739521
            714         49.661         31.833       0.390620       0.748732
            715         38.118         45.303       0.543065       0.739521
            716         14.788         80.399       0.844639       0.739521
            717         43.844         61.216       0.582673       0.739521
            718         50.850        127.589       0.715030       0.739521
            719         36.550         61.810       0.628405       0.739521
            720          6.435         37.594       0.853849       0.739521
            721        -25.342         41.172       2.600922       0.553400
            722         21.221         49.665       0.700638       0.739521
            723         69.846        116.904       0.625993       0.739521
            724         26.693         17.424       0.394953       0.739521
            725         17.234         63.232       0.785823       0.739521
            726         54.245         92.514       0.630381       0.739521
            727         21.337         21.396       0.500697       0.739521
            728          9.495         52.457       0.846739       0.739521
            729         36.399         72.970       0.667191       0.739521
            730         21.174         72.639       0.774299       0.739521
            731         42.324         48.497       0.533985       0.739521
            732         22.111         75.733       0.774014       0.739521
            733         28.455         60.159       0.678888       0.739521
            734          7.673         51.932       0.871268       0.739521
            735          1.840         32.157       0.945875       0.739521
            736         11.101         88.380       0.888411       0.739521
            737          3.868        110.290       0.966119       0.739521
            738         57.345         69.722       0.548703       0.739521
            739          2.996         69.135       0.958465       0.739521
            740         22.632         70.039       0.755784       0.739521
            741         29.481         70.735       0.705828       0.739521
            742         32.838         93.836       0.740769       0.739521
            743         46.270         69.256       0.599482       0.739521
            744         27.199         56.971       0.676857       0.739521
            745         11.000         26.971       0.710310       0.739521
            746          9.938         52.272       0.840257       0.739521
            747         -3.215         38.035       1.092317       0.748732
            748         14.720         86.825       0.855041       0.739521
            749        -10.391        109.900       1.104419       0.748732
            750         62.031         47.455       0.433434       0.748732
            751          0.671         65.898       0.989915       0.739521
            752         22.283         70.090       0.758773       0.739521
            753         33.647         78.178       0.699112       0.739521
            754         15.126         24.285       0.616202       0.739521
            755         27.369         97.064       0.780053       0.739521
            756         33.734        -27.960      -4.841854       0.553400
            757         16.415         72.743       0.815890       0.739521
            758         20.066         50.148       0.714211       0.739521
            759         18.509         73.287       0.798368       0.739521
            760          6.163         95.883       0.939608       0.739521
            761         19.132        104.702       0.845506       0.739521
            762         57.441         70.044       0.549430       0.739521
            763         78.163         27.120       0.257594       0.748732
            764         37.200         92.011       0.712100       0.739521
            765         42.888         66.213       0.606894       0.739521
            766         33.339         85.096       0.718505       0.739521
            767         15.681         58.973       0.789950       0.739521
            768         45.277         46.410       0.506182       0.739521
            769         46.834         96.952       0.674283       0.739521
            770         43.772         35.319       0.446561       0.739521
            771         13.406         70.438       0.840106       0.739521
            772         31.144         93.057       0.749245       0.739521
            773         20.412         97.789       0.827312       0.739521
            774         53.127         78.229       0.595549       0.739521
            775         32.193         69.613       0.683782       0.739521
            776          0.075         72.445       0.998972       0.739521
            777         23.488         66.376       0.738630       0.739521
            778         32.393         90.725       0.736893       0.739521
            779          7.251         94.723       0.928893       0.739521
            780         49.859        106.252       0.680619       0.739521
            781         38.076        120.063       0.759223       0.739521
            782         18.718        114.037       0.859007       0.739521
            783         27.253         80.153       0.746265       0.739521
            784         10.569         98.415       0.903023       0.739521
            785         16.717          9.310       0.357706       0.748732
            786         21.310         48.683       0.695542       0.739521
            787          3.043         80.498       0.963575       0.739521
            788         33.619         44.887       0.571768       0.739521
            789         21.487         56.968       0.726120       0.739521
            790         24.096         50.474       0.676868       0.739521
            791         32.894         55.613       0.628348       0.739521
            792         43.059         27.808       0.392394       0.748732
            793         58.911         42.238       0.417585       0.748732
            794         14.158         70.391       0.832543       0.739521
            795         27.802         39.177       0.584914       0.739521
            796         47.711        101.511       0.680268       0.739521
            797          5.030        144.388       0.966338       0.739521
            798          3.615         52.397       0.935465       0.739521
            799         20.213        101.893       0.834464       0.739521
            800         11.461         50.328       0.814522       0.739521
            801         35.292         66.841       0.654452       0.739521
            802         48.912         47.144       0.490797       0.739521
            803         35.929        106.040       0.746923       0.739521
            804         25.803         27.294       0.514042       0.739521
            805        -19.736        101.664       1.240899       0.748732
            806         35.818         28.257       0.440998       0.748732
            807        -10.621         39.508       1.367660       0.748732
            808         18.481         65.154       0.779030       0.739521
            809         29.200         50.423       0.633268       0.739521
            810         41.689         40.440       0.492393       0.739521
            811         21.856        138.056       0.863322       0.739521
            812          7.741         94.924       0.924599       0.739521
            813         20.004         65.696       0.766586       0.739521
            814         36.009         65.203       0.644218       0.739521
            815         25.735         69.334       0.729302       0.739521
            816         56.761        101.013       0.640239       0.739521
            817         38.511         80.307       0.675883       0.739521
            818         56.152         97.870       0.635429       0.739521
            819          8.241        115.600       0.933456       0.739521
            820          1.498         81.570       0.981971       0.739521
            821         38.831         56.013       0.590584       0.739521
            822         45.246        110.861       0.710158       0.739521
            823         30.907         28.107       0.476277       0.739521
            824         35.630         57.998       0.619454       0.739521
            825         33.903         76.249       0.692215       0.739521
            826          9.599         66.351       0.873613       0.739521
            827         13.504         21.570       0.614983       0.739521
            828         35.647        110.789       0.756571       0.739521
            829         32.785         27.598       0.457053       0.739521
            830         -3.294        122.546       1.027622       0.739521
            831         66.272         73.137       0.524620       0.739521
            832         13.142         69.444       0.840874       0.739521
            833         31.478         69.481       0.688211       0.739521
            834         52.530         69.867       0.570824       0.739521
            835         18.860          9.179       0.327358       0.748732
            836         44.191         38.257       0.464012       0.739521
            837          8.253         57.966       0.875363       0.739521
            838         43.752         18.439       0.296490       0.748732
            839         38.496         47.126       0.550398       0.739521
            840         11.523        125.251       0.915755       0.739521
            841         31.020         29.920       0.490977       0.739521
            842         67.385         63.391       0.484728       0.739521
            843          5.490         18.962       0.775485       0.739521
            844         11.714         64.643       0.846587       0.739521
            845         29.031         67.688       0.699840       0.739521
            846         28.414         48.411       0.630143       0.739521
            847         16.383         48.891       0.749014       0.739521
            848         22.193         65.508       0.746946       0.739521
            849         25.268        105.343       0.806541       0.739521
            850         50.663         86.248       0.629956       0.739521
            851         23.801         87.727       0.786590       0.739521
            852         46.857         72.796       0.608390       0.739521
            853        -10.467        127.594       1.089367       0.748732
            854         29.360         72.316       0.711237       0.739521
            855         25.344         66.896       0.725240       0.739521
            856         26.519         68.888       0.722042       0.739521
            857         22.302        130.962       0.854485       0.739521
            858          4.035         46.702       0.920468       0.739521
            859         33.638         29.308       0.465599       0.739521
            860         30.748         51.201       0.624786       0.739521
            861         76.666        107.073       0.582743       0.739521
            862         23.053         48.562       0.678099       0.739521
            863         47.066         69.450       0.596052       0.739521
            864         -2.189         77.154       1.029194       0.739521
            865         17.312        108.293       0.862172       0.739521
            866        -16.132          3.764      -0.304345       0.748732
            867         37.807         81.092       0.682026       0.739521
            868         54.736         53.596       0.494736       0.739521
            869          7.716         47.568       0.860425       0.739521
            870         26.677         46.617       0.636031       0.739521
            871         60.901         77.202       0.559019       0.739521
            872         15.355         55.149       0.782211       0.739521
            873         31.518         15.692       0.332383       0.748732
            874         -2.990         28.797       1.115857       0.748732
            875        -11.023         92.510       1.135275       0.748732
            876         38.794         53.394       0.579183       0.739521
            877         43.663         28.501       0.394946       0.739521
            878         38.852         99.343       0.718862       0.739521
            879         32.366        100.599       0.756582       0.739521
            880         58.873         79.860       0.575641       0.739521
            881         15.989         87.001       0.844751       0.739521
            882         70.093         74.854       0.516424       0.739521
            883         34.900         17.796       0.337705       0.748732
            884         -4.135         92.736       1.046669       0.748732
            885         22.827         85.580       0.789436       0.739521
            886         32.432         78.183       0.706800       0.739521
            887         45.884         72.176       0.611351       0.739521
            888         17.135         38.981       0.694649       0.739521
            889         23.270         94.181       0.801877       0.739521
            890         24.764         40.926       0.623013       0.739521
            891         40.727         82.032       0.668237       0.739521
            892         18.429         90.020       0.830065       0.739521
            893         36.211         59.933       0.623371       0.739521
            894          1.485         83.447       0.982518       0.739521
            895         -7.353         82.155       1.098300       0.748732
            896         15.741          9.444       0.374989       0.748732
            897         31.126         65.532       0.677982       0.739521
            898          8.481         88.125       0.912212       0.739521
            899         31.569          8.803       0.218043       0.748732
            900         37.915         -9.000      -0.311255       0.553400
            901         45.332         36.362       0.445101       0.739521
            902          4.540         82.231       0.947682       0.739521
            903         19.098         91.995       0.828094       0.739521
            904         27.346        135.287       0.831856       0.739521
            905         13.317         90.494       0.871715       0.739521
            906         59.809         47.058       0.440344       0.739521
            907         40.728         86.186       0.679090       0.739521
            908         47.739         15.861       0.249391       0.748732
            909         40.481         -6.105      -0.177592       0.748732
            910          8.619         86.589       0.909469       0.739521
            911         22.978         -1.253      -0.057683       0.748732
            912         26.057         50.136       0.658014       0.739521
            913         15.326         49.417       0.763275       0.739521
            914         19.934         53.734       0.729407       0.739521
            915         14.881         47.327       0.760788       0.739521
            916         36.629         60.944       0.624599       0.739521
            917         32.885         86.049       0.723500       0.739521
            918         10.601         27.267       0.720056       0.739521
            919         12.797         82.249       0.865361       0.739521
            920         35.585         76.516       0.682562       0.739521
            921         70.375         62.558       0.470597       0.739521
            922        -14.724         93.355       1.187255       0.748732
            923         52.036         72.221       0.581221       0.739521
            924         37.578         52.980       0.585038       0.739521
            925         45.509         61.904       0.576317       0.739521
            926         12.732         70.718       0.847425       0.739521
            927         31.235         52.622       0.627520       0.739521
            928         24.976         66.528       0.727046       0.739521
            929         38.188         92.233       0.707193       0.739521
            930         43.918         20.832       0.321730       0.748732
            931         29.207         97.671       0.769803       0.739521
            932         67.007         36.750       0.354194       0.748732
            933         36.495        110.146       0.751126       0.739521
            934         46.781         42.636       0.476822       0.739521
            935         71.811         92.569       0.563141       0.739521
            936         30.551         62.656       0.672225       0.739521
            937         24.351         60.653       0.713528       0.739521
            938          8.959         88.525       0.908098       0.739521
            939         45.756        105.644       0.697779       0.739521
            940         37.764        115.258       0.753212       0.739521
            941         19.571         66.707       0.773167       0.739521
            942         15.019         68.310       0.819760       0.739521
            943         -2.657        101.844       1.026786       0.739521
            944         25.231         50.315       0.666020       0.739521
            945         38.140         61.053       0.615494       0.739521
            946         23.299         87.404       0.789534       0.739521
            947         48.719         59.362       0.549236       0.739521
            948         35.528         44.577       0.556477       0.739521
            949         24.980         -7.165      -0.402183       0.553400
            950         19.989         70.477       0.779043       0.739521
            951         30.022         81.166       0.729986       0.739521
            952         36.228         65.127       0.642563       0.739521
            953         20.952         94.691       0.818822       0.739521
            954          7.692         77.754       0.909982       0.739521
            955          9.859         76.137       0.885355       0.739521
            956         36.573         31.740       0.464625       0.739521
            957         17.216         48.996       0.739983       0.739521
            958         19.524         32.960       0.627993       0.739521
            959        -14.601         69.762       1.264709       0.748732
            960         24.976         91.547       0.785658       0.739521
            961         38.563        110.127       0.740648       0.739521
            962         26.529         47.390       0.641106       0.739521
            963         26.678         81.422       0.753212       0.739521
            964         47.865         97.523       0.670778       0.739521
            965         60.967         68.195       0.527981       0.739521
            966         39.176          1.935       0.047073       0.748732
            967         20.330         88.802       0.813713       0.739521
            968         14.149        101.574       0.877731       0.739521
            969         45.601         29.480       0.392645       0.748732
            970          3.651        116.998       0.969737       0.739521
            971         71.484         49.921       0.411194       0.739521
            972         34.751         88.530       0.718115       0.739521
            973         55.386        125.633       0.694034       0.739521
            974         45.224         71.371       0.612128       0.739521
            975         51.435         23.857       0.316862       0.748732
            976         22.671         91.405       0.801263       0.739521
            977         44.644         77.376       0.634124       0.739521
            978         28.013         23.572       0.456962       0.739521
            979         18.897         50.081       0.726046       0.739521
            980         22.190         56.430       0.717754       0.739521
            981         35.528         73.242       0.673363       0.739521
            982         33.310         44.471       0.571745       0.739521
            983         16.315         96.788       0.855749       0.739521
            984          6.539          5.118       0.439020       0.739521
            985         14.168        122.834       0.896586       0.739521
            986         45.620         47.910       0.512241       0.739521
            987         13.774         55.445       0.801012       0.739521
            988         69.502         70.020       0.501857       0.739521
            989         15.223         75.754       0.832671       0.739521
            990         -8.133        107.958       1.081477       0.748732
            991         41.114        102.426       0.713568       0.739521
            992         22.160         92.018       0.805914       0.739521
            993         38.277        112.624       0.746342       0.739521
            994         47.452         67.662       0.587783       0.739521
            995         38.700         68.533       0.639102       0.739521
            996         30.723         38.439       0.555780       0.739521
            997         72.049         75.074       0.510280       0.739521
            998         34.583        115.481       0.769546       0.739521
            999        -30.066        124.317       1.318992       0.748732
           1000         28.855         51.311       0.640061       0.739521
