              1         65.514         92.702       0.585919       0.758351
              2         28.791        111.042       0.794106       0.758351
              3          8.195         57.216       0.874711       0.758351
              4          3.333         -1.973      -1.451343      -3.140178
              5         33.499        101.578       0.752002       0.758351
              6        -20.166        101.081       1.249231       0.727079
              7          2.802         36.188       0.928133       0.758351
              8         29.563         91.574       0.755955       0.758351
              9         68.189         61.084       0.472519       0.758351
             10         77.402         94.681       0.550206       0.758351
             11          6.006         76.691       0.927370       0.758351
             12         13.425         67.912       0.834949       0.758351
             13         42.766        122.101       0.740603       0.758351
             14         47.981         77.351       0.617169       0.758351
             15         34.922         57.640       0.622718       0.758351
             16         29.893         77.790       0.722398       0.758351
             17         33.832         -0.850      -0.025783       0.727079
             18         45.859         59.005       0.562682       0.758351
             19         39.171         41.995       0.517392       0.758351
             20         13.960        104.312       0.881969       0.758351
             21         43.579         99.037       0.694431       0.758351
             22         41.471        113.189       0.731857       0.758351
             23         -8.505         89.559       1.104926       0.758351
             24         17.444         67.974       0.795781       0.758351
             25         12.866         54.917       0.810184       0.758351
             26         14.688        109.582       0.881802       0.758351
             27         12.913         93.897       0.879102       0.758351
             28         19.834         77.972       0.797210       0.758351
             29         14.561         38.393       0.725028       0.758351
             30         32.459         64.036       0.663620       0.758351
             31        -14.709         56.519       1.351818       0.727079
             32         17.882         89.797       0.833933       0.758351
             33          9.123         99.249       0.915816       0.758351
             34         36.589        118.198       0.763619       0.758351
             35         29.112         69.503       0.704792       0.758351
             36         41.404         51.416       0.553933       0.758351
             37         45.641         95.980       0.677725       0.758351
             38         23.885         71.544       0.749707       0.758351
             39         19.326         79.777       0.804990       0.758351
             40          4.232        104.308       0.961008       0.758351
             41         33.525         87.499       0.722992       0.758351
             42         41.116         66.937       0.619482       0.758351
             43         12.227         96.284       0.887319       0.758351
             44         20.027         43.374       0.684127       0.758351
             45         22.656         83.594       0.786767       0.758351
             46         24.496         93.224       0.791912       0.758351
             47         10.582         76.030       0.877823       0.758351
             48         -5.188        103.114       1.052979       0.758351
             49         24.808         54.180       0.685930       0.758351
             50         25.894         84.309       0.765034       0.758351
             51         30.708         85.227       0.735127       0.758351
             52         15.416         28.007       0.644975       0.758351
             53         -9.367         82.481       1.128109       0.758351
             54         26.539         53.399       0.668004       0.758351
             55         36.686         93.271       0.717704       0.758351
             56          4.816         89.115       0.948725       0.758351
             57        -18.340         89.556       1.257529       0.727079
             58         44.217         84.872       0.657466       0.758351
             59         14.694         51.736       0.778804       0.758351
             60         50.170         51.935       0.508644       0.758351
             61         16.399        132.929       0.890180       0.758351
             62         -4.904        134.182       1.037932       0.758351
             63         50.620        122.395       0.707425       0.758351
             64         28.531         -8.251      -0.406827       0.727079
             65         42.316         48.126       0.532125       0.758351
             66         15.864         94.224       0.855900       0.758351
             67         16.742        107.899       0.865677       0.758351
             68          0.976         11.896       0.924180       0.758351
             69         35.354         41.280       0.538665       0.758351
             70         16.054        109.483       0.872116       0.758351
             71         11.731         19.305       0.622010       0.758351
             72         13.142         72.932       0.847313       0.758351
             73         19.072         89.963       0.825086       0.758351
             74         28.128        115.686       0.804411       0.758351
             75         45.592        129.181       0.739135       0.758351
             76          9.443         93.172       0.907979       0.758351
             77         27.378         51.753       0.654014       0.758351
             78         25.954         83.259       0.762355       0.758351
             79         28.287         46.861       0.623582       0.758351
             80         34.167         49.468       0.591475       0.758351
             81          0.131        121.481       0.998920       0.758351
             82         -9.557         61.310       1.184676       0.758351
             83         62.534         74.316       0.543047       0.758351
             84          6.274         40.970       0.867209       0.758351
             85         31.859         81.120       0.718010       0.758351
             86         24.530        106.045       0.812138       0.758351
             87         60.478         33.162       0.354143       0.758351
             88         29.337         80.502       0.732909       0.758351
             89         33.556        103.123       0.754490       0.758351
             90         23.844         43.453       0.645690       0.758351
             91         39.498        116.242       0.746387       0.758351
             92         25.349         83.760       0.767671       0.758351
             93         14.051         62.192       0.815706       0.758351
             94         30.193         76.851       0.717936       0.758351
             95         23.903         55.577       0.699259       0.758351
             96         22.940         71.921       0.758170       0.758351
             97         20.921         95.173       0.819795       0.758351
             98         42.216         22.165       0.344279       0.758351
             99         44.730         96.605       0.683519       0.758351
            100         51.279         59.694       0.537914       0.758351
            101          6.468         26.415       0.803310       0.758351
            102         14.088         44.865       0.761027       0.758351
            103         20.926         75.994       0.784093       0.758351
            104         26.106         78.107       0.749494       0.758351
            105         32.097        109.902       0.773964       0.758351
            106         21.914         35.191       0.616258       0.758351
            107         20.883         82.571       0.798140       0.758351
            108         62.502        130.330       0.675872       0.758351
            109         17.251         70.123       0.802564       0.758351
            110         52.700         64.574       0.550624       0.758351
            111         51.292         83.007       0.618075       0.758351
            112         26.740         82.011       0.754116       0.758351
            113         24.989        107.939       0.812014       0.758351
            114         59.370         31.724       0.348253       0.758351
            115          8.782         87.841       0.909114       0.758351
            116         17.282         62.084       0.782245       0.758351
            117         13.208         80.308       0.858766       0.758351
            118         58.353         75.273       0.563312       0.758351
            119         47.441         78.639       0.623722       0.758351
            120         42.362         81.401       0.657720       0.758351
            121         78.002         40.324       0.340787       0.758351
            122         -0.678         64.233       1.010669       0.758351
            123         65.351         83.115       0.559824       0.758351
            124         38.668         75.292       0.660687       0.758351
            125         26.712         40.744       0.604011       0.758351
            126         48.512         55.408       0.533178       0.758351
            127         50.380         78.658       0.609571       0.758351
            128         43.580          7.141       0.140797       0.727079
            129         -1.778         50.386       1.036568       0.758351
            130         31.536         60.282       0.656533       0.758351
            131        -11.301         76.890       1.172292       0.758351
            132         55.932         77.943       0.582207       0.758351
            133         27.937         41.169       0.595737       0.758351
            134         35.961        103.161       0.741517       0.758351
            135         52.014         48.136       0.480635       0.758351
            136         41.594         88.395       0.680017       0.758351
            137         33.286         61.363       0.648321       0.758351
            138          6.070         65.645       0.915365       0.758351
            139         52.968         50.838       0.489743       0.758351
            140         56.486         61.016       0.519274       0.758351
            141         41.229         90.584       0.687216       0.758351
            142         31.772         70.531       0.689433       0.758351
            143          7.859         51.997       0.868696       0.758351
            144          2.331         55.202       0.959482       0.758351
            145         -7.007         45.656       1.181299       0.758351
            146         41.340         65.272       0.612240       0.758351
            147         16.154         61.102       0.790904       0.758351
            148         16.338        125.394       0.884727       0.758351
            149         23.957         90.034       0.789831       0.758351
            150         68.835         69.262       0.501546       0.758351
            151         35.205        103.913       0.746942       0.758351
            152         34.180         83.152       0.708686       0.758351
            153         12.663        104.854       0.892243       0.758351
            154         38.080         94.809       0.713446       0.758351
            155         38.211         67.969       0.640133       0.758351
            156         58.218         54.965       0.485633       0.758351
            157         -0.334         53.753       1.006260       0.758351
            158         28.084        105.393       0.789595       0.758351
            159         54.388         50.549       0.481708       0.758351
            160         -0.559         91.344       1.006162       0.758351
            161         18.422         73.336       0.799235       0.758351
            162          9.510         40.409       0.809488       0.758351
            163         57.622         25.924       0.310296       0.727079
            164         18.151         66.034       0.784392       0.758351
            165         41.960         26.572       0.387728       0.758351
            166         21.065        104.357       0.832050       0.758351
            167         53.042         51.499       0.492621       0.758351
            168         -5.219         76.865       1.072841       0.758351
            169         -4.400         11.763       1.597600       0.727079
            170         62.649         66.810       0.516072       0.758351
            171         75.087         89.378       0.543448       0.758351
            172         19.872         52.653       0.726001       0.758351
            173         38.046         94.344       0.712621       0.758351
            174         46.260         37.890       0.450270       0.758351
            175         30.696         62.703       0.671347       0.758351
            176          9.080         42.819       0.825054       0.758351
            177         16.661         64.358       0.794360       0.758351
            178         24.825         95.705       0.794033       0.758351
            179         51.124         58.896       0.535321       0.758351
            180         40.346        144.114       0.781276       0.758351
            181         39.324         68.293       0.634591       0.758351
            182          5.050         83.001       0.942646       0.758351
            183         71.855         39.510       0.354780       0.758351
            184         10.974         60.645       0.846777       0.758351
            185         40.647         95.518       0.701491       0.758351
            186         47.553         30.740       0.392630       0.758351
            187         37.333         97.005       0.722096       0.758351
            188         51.757         42.924       0.453355       0.758351
            189         14.006         71.404       0.836019       0.758351
            190         43.737         69.669       0.614330       0.758351
            191         65.984         86.885       0.568363       0.758351
            192         23.741         44.379       0.651479       0.758351
            193         -0.349         53.865       1.006527       0.758351
            194         14.918         68.209       0.820535       0.758351
            195         -0.230         64.369       1.003581       0.758351
            196         44.228         24.485       0.356340       0.758351
            197          9.658         94.539       0.907311       0.758351
            198         47.014         14.655       0.237638       0.727079
            199         31.124         60.182       0.659125       0.758351
            200         66.591         91.919       0.579894       0.758351
            201         23.529         89.383       0.791618       0.758351
            202         31.051         65.635       0.678846       0.758351
            203         75.601         70.236       0.481606       0.758351
            204         48.839         88.229       0.643688       0.758351
            205         46.341         57.488       0.553678       0.758351
            206         37.605        112.889       0.750126       0.758351
            207         36.992         72.843       0.663203       0.758351
            208         34.083         57.052       0.626014       0.758351
            209         -3.675        144.402       1.026113       0.758351
            210         41.845         97.484       0.699669       0.758351
            211         10.925         49.216       0.818348       0.758351
            212         29.874         34.779       0.537936       0.758351
            213         48.486         56.303       0.537299       0.758351
            214         55.245         71.793       0.565129       0.758351
            215        -15.499         22.959       3.077640      -3.140178
            216         31.750         76.474       0.706626       0.758351
            217         18.776         76.305       0.802530       0.758351
            218         50.260         93.810       0.651140       0.758351
            219         21.801         86.240       0.798213       0.758351
            220         13.689         62.484       0.820294       0.758351
            221         14.355         81.944       0.850936       0.758351
            222         46.554          4.507       0.088264       0.727079
            223         28.667          4.225       0.128438       0.727079
            224         51.540         69.374       0.573745       0.758351
            225         42.153         77.162       0.646710       0.758351
            226         39.308         31.911       0.448066       0.758351
            227         25.066         49.008       0.661613       0.758351
            228         32.391         64.580       0.665972       0.758351
            229         -9.946         72.387       1.159284       0.758351
            230         36.575         59.956       0.621104       0.758351
            231         15.346         56.477       0.786332       0.758351
            232         26.959         85.432       0.760132       0.758351
            233         31.958         81.626       0.718641       0.758351
            234         55.198         85.506       0.607700       0.758351
            235         57.678         54.741       0.486937       0.758351
            236         36.160         99.068       0.732597       0.758351
            237         19.443         44.729       0.697019       0.758351
            238         51.419        104.517       0.670255       0.758351
            239         33.540         94.423       0.737896       0.758351
            240        -15.758         41.960       1.601399       0.727079
            241         35.940         98.232       0.732136       0.758351
            242         20.651         84.160       0.802970       0.758351
            243         34.924         98.010       0.737285       0.758351
            244         26.252         43.589       0.624123       0.758351
            245         35.205         79.203       0.692284       0.758351
            246         27.674        129.548       0.823982       0.758351
            247        -21.270         20.011     -15.897715      -3.140178
            248         -0.662         83.839       1.007954       0.758351
            249          6.731         38.462       0.851053       0.758351
            250         -8.138         48.966       1.199314       0.727079
            251         16.000         91.064       0.850559       0.758351
            252          8.863         84.818       0.905388       0.758351
            253         41.634         46.714       0.528750       0.758351
            254         38.169         63.369       0.624090       0.758351
            255         49.520         64.125       0.564257       0.758351
            256         38.575         63.463       0.621952       0.758351
            257        -13.765         76.257       1.220262       0.727079
            258         59.536         92.277       0.607831       0.758351
            259         43.115         76.438       0.639365       0.758351
            260         60.437         99.129       0.621240       0.758351
            261         53.713         26.860       0.333364       0.758351
            262         56.799         47.671       0.456312       0.758351
            263         16.057         52.738       0.766597       0.758351
            264         36.075         24.737       0.406779       0.758351
            265         31.055         64.728       0.675777       0.758351
            266         31.173         61.309       0.662929       0.758351
            267         42.308         52.504       0.553771       0.758351
            268         62.349         72.579       0.537907       0.758351
            269         17.045        125.730       0.880620       0.758351
            270         -8.551         73.552       1.131556       0.758351
            271         41.519         80.513       0.659768       0.758351
            272         44.439         56.560       0.560004       0.758351
            273         16.343        107.070       0.867578       0.758351
            274         41.571         51.719       0.554390       0.758351
            275         63.971         74.821       0.539088       0.758351
            276         25.298         70.989       0.737266       0.758351
            277         34.475         86.915       0.716001       0.758351
            278         24.774         96.916       0.796416       0.758351
            279         24.048         77.923       0.764168       0.758351
            280         42.094        138.846       0.767359       0.758351
            281         46.695         96.806       0.674601       0.758351
            282         54.498        116.409       0.681126       0.758351
            283         17.520         60.101       0.774292       0.758351
            284         21.731         46.383       0.680961       0.758351
            285          6.610        114.774       0.945545       0.758351
            286          4.156        118.337       0.966073       0.758351
            287         47.814         19.845       0.293306       0.727079
            288         46.112         73.648       0.614963       0.758351
            289         15.035         16.081       0.516806       0.758351
            290         36.036         86.972       0.707045       0.758351
            291         40.003        119.769       0.749624       0.758351
            292         10.469         46.971       0.817742       0.758351
            293         37.086         65.513       0.638533       0.758351
            294         29.180         55.067       0.653640       0.758351
            295         40.969        114.951       0.737245       0.758351
            296         40.489        106.201       0.723983       0.758351
            297          9.964         71.074       0.877044       0.758351
            298         15.060         58.021       0.793926       0.758351
            299         37.409        101.793       0.731263       0.758351
            300         10.695         71.950       0.870592       0.758351
            301         20.928         49.084       0.701083       0.758351
            302         33.104        105.270       0.760761       0.758351
            303         63.659         86.163       0.575100       0.758351
            304         13.020         89.017       0.872395       0.758351
            305          4.877         90.823       0.949039       0.758351
            306          6.056         94.191       0.939594       0.758351
            307         -2.887         47.775       1.064326       0.758351
            308         34.510        122.764       0.780574       0.758351
            309         31.612          9.186       0.225151       0.727079
            310         41.006         55.263       0.574046       0.758351
            311         73.355        101.822       0.581252       0.758351
            312         44.879         55.642       0.553537       0.758351
            313         42.787         88.235       0.673437       0.758351
            314         31.032        123.543       0.799242       0.758351
            315         10.989         44.586       0.802263       0.758351
            316         37.284         83.169       0.690468       0.758351
            317         12.233         38.406       0.758427       0.758351
            318         70.369         66.835       0.487121       0.758351
            319         48.897         26.295       0.349704       0.758351
            320         48.154        104.966       0.685517       0.758351
            321         62.322         42.968       0.408093       0.758351
            322         23.044        118.823       0.837564       0.758351
            323         52.418        -13.629      -0.351364       0.727079
            324          8.411         69.540       0.892100       0.758351
            325         22.306         49.849       0.690859       0.758351
            326          0.383         53.862       0.992942       0.758351
            327         24.735         82.778       0.769936       0.758351
            328         20.448         54.561       0.727395       0.758351
            329         -9.654         63.360       1.179757       0.758351
            330          3.182         28.576       0.899804       0.758351
            331         31.949         54.628       0.630977       0.758351
            332        -25.527         70.027       1.573643       0.727079
            333          6.160         34.225       0.847461       0.758351
            334         19.593         55.889       0.740429       0.758351
            335         52.029        108.212       0.675308       0.758351
            336         46.098         77.586       0.627294       0.758351
            337         16.883         55.229       0.765875       0.758351
            338         46.718         70.431       0.601211       0.758351
            339         10.944         37.333       0.773312       0.758351
            340         -3.318         48.485       1.073449       0.758351
            341         57.933         91.234       0.611624       0.758351
            342         48.445         16.442       0.253400       0.727079
            343         -1.462         81.219       1.018336       0.758351
            344         34.425         51.789       0.600704       0.758351
            345         29.952        102.650       0.774122       0.758351
            346         29.033         58.438       0.668080       0.758351
            347         30.403         82.492       0.730693       0.758351
            348         43.212         55.359       0.561616       0.758351
            349          1.557         39.739       0.962293       0.758351
            350         24.847        118.300       0.826425       0.758351
            351         23.298        132.550       0.850506       0.758351
            352         10.471         75.457       0.878142       0.758351
            353         62.673         73.478       0.539681       0.758351
            354         21.954        123.917       0.849500       0.758351
            355         22.391        103.072       0.821535       0.758351
            356         12.030          9.578       0.443259       0.758351
            357         32.029        109.055       0.772979       0.758351
            358          8.061         38.621       0.827330       0.758351
            359         13.300        115.281       0.896561       0.758351
            360         -8.077         52.796       1.180617       0.758351
            361          8.792        124.663       0.934122       0.758351
            362         33.836         44.532       0.568239       0.758351
            363         10.252         72.248       0.875737       0.758351
            364          1.623         91.562       0.982579       0.758351
            365          8.611         77.481       0.899976       0.758351
            366        -18.246         56.006       1.483217       0.727079
            367          0.178        107.232       0.998338       0.758351
            368         14.636        128.637       0.897844       0.758351
            369         14.905         58.871       0.797968       0.758351
            370          4.792         98.594       0.953647       0.758351
            371         15.826         48.993       0.755841       0.758351
            372          7.254        106.134       0.936027       0.758351
            373         27.208         70.377       0.721184       0.758351
            374         29.449        100.088       0.772658       0.758351
            375         46.534        119.603       0.719907       0.758351
            376         25.102        105.566       0.807893       0.758351
            377         21.426        107.890       0.834313       0.758351
            378         31.694         70.769       0.690675       0.758351
            379          7.089         74.872       0.913505       0.758351
            380         13.687         58.425       0.810193       0.758351
            381         17.458         70.567       0.801674       0.758351
            382         15.601        103.593       0.869114       0.758351
            383         -3.945         83.334       1.049686       0.758351
            384         13.298        111.853       0.893741       0.758351
            385         18.211         51.597       0.739132       0.758351
            386         24.294         83.592       0.774814       0.758351
            387         29.428         80.022       0.731129       0.758351
            388        -11.971         11.006     -11.402861      -3.140178
            389         27.138         76.528       0.738220       0.758351
            390         13.177         76.152       0.852493       0.758351
            391         12.424        104.743       0.893963       0.758351
            392         13.212         43.513       0.767083       0.758351
            393         23.720         99.804       0.807970       0.758351
            394         26.269         36.569       0.581952       0.758351
            395         48.304         70.420       0.593140       0.758351
            396         22.777        106.575       0.823912       0.758351
            397         34.992         59.721       0.630547       0.758351
            398         13.840         64.957       0.824357       0.758351
            399         14.253         57.983       0.802692       0.758351
            400         -4.791         86.948       1.058310       0.758351
            401         24.094         95.649       0.798787       0.758351
            402          9.936        142.205       0.934694       0.758351
            403         20.617         36.303       0.637788       0.758351
            404         27.864         32.448       0.538001       0.758351
            405         18.605         51.522       0.734691       0.758351
            406         11.472         31.820       0.734998       0.758351
            407         61.572        136.723       0.689495       0.758351
            408         35.372         55.026       0.608708       0.758351
            409         27.329         96.667       0.779598       0.758351
            410         17.315         72.670       0.807575       0.758351
            411         17.146         61.874       0.783014       0.758351
            412         12.421         47.227       0.791757       0.758351
            413         41.183         55.788       0.575307       0.758351
            414         38.664         80.610       0.675840       0.758351
            415         10.013         68.844       0.873021       0.758351
            416         47.271         55.958       0.542075       0.758351
            417         13.781        139.200       0.909919       0.758351
            418         54.256         61.080       0.529585       0.758351
            419          9.358         17.878       0.656413       0.758351
            420         33.344        121.273       0.784343       0.758351
            421         50.687         75.666       0.598844       0.758351
            422         53.304         55.499       0.510087       0.758351
            423         27.640         84.181       0.752820       0.758351
            424         61.603         90.822       0.595845       0.758351
            425         27.664         69.314       0.714739       0.758351
            426         69.368         39.044       0.360143       0.758351
            427         34.463         27.539       0.444163       0.758351
            428         36.433         86.435       0.703480       0.758351
            429         50.743          6.720       0.116939       0.727079
            430          4.747         89.025       0.949378       0.758351
            431         49.616         91.836       0.649237       0.758351
            432         76.511        129.080       0.627849       0.758351
            433         63.462         78.037       0.551502       0.758351
            434         43.961         38.001       0.463647       0.758351
            435         11.920         61.942       0.838621       0.758351
            436         11.458         92.360       0.889633       0.758351
            437         20.099         17.295       0.462506       0.758351
            438         40.798        119.462       0.745424       0.758351
            439         17.955         78.150       0.813173       0.758351
            440          3.298         66.796       0.952944       0.758351
            441         27.969         96.989       0.776174       0.758351
            442         26.474         77.306       0.744903       0.758351
            443         16.520         32.817       0.665157       0.758351
            444         16.895         87.345       0.837923       0.758351
            445         32.169         73.187       0.694666       0.758351
            446         28.675         70.240       0.710108       0.758351
            447         31.806         39.103       0.551459       0.758351
            448          2.201         65.433       0.967458       0.758351
            449         38.140         68.059       0.640863       0.758351
            450          9.184         67.480       0.880208       0.758351
            451         43.720         85.075       0.660543       0.758351
            452         23.831         45.253       0.655039       0.758351
            453         56.183         26.157       0.317670       0.727079
            454         52.466        102.818       0.662128       0.758351
            455         26.647         59.766       0.691635       0.758351
            456         22.138         79.629       0.782466       0.758351
            457         23.645         81.956       0.776093       0.758351
            458         18.177         77.153       0.809326       0.758351
            459          6.443         42.038       0.867109       0.758351
            460          2.929         89.892       0.968450       0.758351
            461         17.002         73.366       0.811860       0.758351
            462         36.617        126.610       0.775665       0.758351
            463         31.959         65.037       0.670512       0.758351
            464          1.791        118.536       0.985113       0.758351
            465         28.009        109.064       0.795665       0.758351
            466         28.722         58.169       0.669443       0.758351
            467         24.360         79.306       0.765017       0.758351
            468         27.688         54.571       0.663404       0.758351
            469         27.975         78.124       0.736332       0.758351
            470         38.704         68.090       0.637582       0.758351
            471         -4.656         43.910       1.118604       0.758351
            472         25.255         79.178       0.758175       0.758351
            473         15.706        117.440       0.882037       0.758351
            474          1.976         82.214       0.976530       0.758351
            475         32.628        148.028       0.819393       0.758351
            476         -0.391         77.865       1.005053       0.758351
            477        -23.405         32.530       3.564883      -3.140178
            478         44.271        116.344       0.724367       0.758351
            479         22.316         61.729       0.734479       0.758351
            480          3.428         75.073       0.956334       0.758351
            481         29.595         79.960       0.729862       0.758351
            482         28.606         52.957       0.649278       0.758351
            483         37.054         97.582       0.724781       0.758351
            484          4.647         52.646       0.918894       0.758351
            485         15.691         98.631       0.862745       0.758351
            486         27.053         41.261       0.603993       0.758351
            487         14.614         79.452       0.844645       0.758351
            488         15.668         64.591       0.804777       0.758351
            489          7.597         34.855       0.821043       0.758351
            490         43.929        141.292       0.762828       0.758351
            491         -1.014         63.009       1.016362       0.758351
            492         16.045         71.524       0.816776       0.758351
            493          6.848        101.045       0.936526       0.758351
            494         48.378         70.775       0.593984       0.758351
            495         32.848         72.068       0.686911       0.758351
            496         37.921         61.493       0.618555       0.758351
            497         25.224        106.754       0.808880       0.758351
            498          8.833        125.451       0.934221       0.758351
            499          7.700         93.115       0.923623       0.758351
            500         -0.169         15.740       1.010862       0.758351
            501         15.783        108.675       0.873183       0.758351
            502          6.332        115.100       0.947853       0.758351
            503         -4.401         81.376       1.057179       0.758351
            504          8.700        104.563       0.923189       0.758351
            505         20.308         70.298       0.775861       0.758351
            506         64.002        120.007       0.652178       0.758351
            507         11.593         54.828       0.825464       0.758351
            508         15.867        110.194       0.874134       0.758351
            509         -2.971        135.713       1.022380       0.758351
            510         11.522         51.419       0.816943       0.758351
            511          9.000         68.473       0.883832       0.758351
            512         17.782         46.341       0.722693       0.758351
            513         26.319         46.405       0.638094       0.758351
            514         21.167         48.643       0.696794       0.758351
            515          3.783         70.487       0.949067       0.758351
            516         33.592         32.993       0.495502       0.758351
            517         22.432         38.854       0.633977       0.758351
            518         18.413         55.986       0.752507       0.758351
            519         32.582         87.447       0.728551       0.758351
            520         31.993        100.868       0.759201       0.758351
            521         29.437         86.290       0.745636       0.758351
            522         -1.497        116.446       1.013027       0.758351
            523         25.916         84.050       0.764328       0.758351
            524         21.941         55.616       0.717096       0.758351
            525         16.614         96.975       0.853738       0.758351
            526          2.926         22.060       0.882896       0.758351
            527         26.332         62.436       0.703359       0.758351
            528         31.823         35.851       0.529760       0.758351
            529         37.311         54.515       0.593682       0.758351
            530         21.211         55.540       0.723641       0.758351
            531         17.516         52.071       0.748282       0.758351
            532          1.567         47.022       0.967747       0.758351
            533         17.657         22.051       0.555326       0.758351
            534          7.551         54.772       0.878835       0.758351
            535         27.616         83.899       0.752354       0.758351
            536         15.417         89.445       0.852976       0.758351
            537         21.305        125.341       0.854718       0.758351
            538         24.518         92.115       0.789785       0.758351
            539          5.104        109.167       0.955331       0.758351
            540          9.991         35.231       0.779075       0.758351
            541         41.738         96.257       0.697542       0.758351
            542         60.316         58.785       0.493574       0.758351
            543         -1.223         66.593       1.018713       0.758351
            544         47.490         75.083       0.612560       0.758351
            545          1.746         85.027       0.979878       0.758351
            546         45.447         36.587       0.446003       0.758351
            547         54.616        101.084       0.649224       0.758351
            548         -3.400        129.320       1.027001       0.758351
            549         24.181         77.309       0.761738       0.758351
            550         29.344         41.985       0.588614       0.758351
            551         35.113         68.666       0.661653       0.758351
            552         -0.120         85.161       1.001410       0.758351
            553         16.350         82.444       0.834503       0.758351
            554         22.271         79.417       0.780989       0.758351
            555          7.589        101.965       0.930732       0.758351
            556          0.699         38.486       0.982152       0.758351
            557         10.599         93.155       0.897846       0.758351
            558         41.173         39.867       0.491943       0.758351
            559         21.683         58.702       0.730259       0.758351
            560          1.669         87.219       0.981226       0.758351
            561         11.799        119.026       0.909810       0.758351
            562         20.548        140.918       0.872742       0.758351
            563         24.877        102.979       0.805430       0.758351
            564          7.036         66.016       0.903687       0.758351
            565         23.451         66.788       0.740121       0.758351
            566         10.044         97.385       0.906503       0.758351
            567         19.948         13.536       0.404249       0.758351
            568         13.573         38.719       0.740433       0.758351
            569          2.658         85.989       0.970019       0.758351
            570         19.834        101.225       0.836162       0.758351
            571          2.916         52.329       0.947217       0.758351
            572         19.581         68.302       0.777193       0.758351
            573         13.028         88.197       0.871300       0.758351
            574         13.991         95.471       0.872182       0.758351
            575         26.261         82.788       0.759182       0.758351
            576         21.649        146.859       0.871523       0.758351
            577         -3.181         58.433       1.057569       0.758351
            578         32.273         91.034       0.738270       0.758351
            579         40.881        102.290       0.714458       0.758351
            580         27.970         38.598       0.579831       0.758351
            581         39.072         89.004       0.694929       0.758351
            582         17.997        159.319       0.898501       0.758351
            583         11.105         90.354       0.890548       0.758351
            584         28.067        135.023       0.827906       0.758351
            585          3.394        106.282       0.969053       0.758351
            586         37.106         98.694       0.726760       0.758351
            587         26.742         94.324       0.779110       0.758351
            588         36.695         49.882       0.576159       0.758351
            589         35.753        124.695       0.777168       0.758351
            590         20.284        102.483       0.834777       0.758351
            591         21.699         79.182       0.784905       0.758351
            592          5.997        109.285       0.947978       0.758351
            593         35.797         89.946       0.715314       0.758351
            594         21.421        147.732       0.873361       0.758351
            595         40.787         88.419       0.684325       0.758351
            596         39.060         51.638       0.569344       0.758351
            597         14.142        124.105       0.897705       0.758351
            598         36.427        136.002       0.788742       0.758351
            599         26.194        101.115       0.794250       0.758351
            600         12.138         81.975       0.871031       0.758351
            601         49.146         92.976       0.654200       0.758351
            602         14.206         72.315       0.835812       0.758351
            603         23.954         76.557       0.761680       0.758351
            604         30.014        102.082       0.772785       0.758351
            605         47.456         10.158       0.176305       0.727079
            606          5.345         78.455       0.936221       0.758351
            607         30.632         44.983       0.594894       0.758351
            608         23.384         87.834       0.789744       0.758351
            609         15.962         80.888       0.835187       0.758351
            610         22.864        104.148       0.819983       0.758351
            611         37.980         83.697       0.687863       0.758351
            612         25.856         81.204       0.758489       0.758351
            613         27.340        140.223       0.836838       0.758351
            614         17.993         64.683       0.782368       0.758351
            615         46.274        109.155       0.702282       0.758351
            616          9.249         76.615       0.892288       0.758351
            617         20.351        104.533       0.837040       0.758351
            618         17.693         79.540       0.818035       0.758351
            619         34.749        135.648       0.796069       0.758351
            620         -1.108         76.353       1.014720       0.758351
            621         40.336        113.531       0.737850       0.758351
            622         11.877         97.246       0.891162       0.758351
            623         70.403         88.077       0.555762       0.758351
            624         22.670         90.262       0.799257       0.758351
            625         20.786         76.312       0.785930       0.758351
            626          6.459         65.087       0.909726       0.758351
            627         29.281         88.888       0.752214       0.758351
            628        -17.840         74.722       1.313629       0.727079
            629         14.535         93.376       0.865309       0.758351
            630         42.515        105.750       0.713252       0.758351
            631         42.457         84.436       0.665412       0.758351
            632          6.864        156.431       0.957967       0.758351
            633         10.900        103.893       0.905044       0.758351
            634         -5.507        119.279       1.048400       0.758351
            635          2.045         66.257       0.970065       0.758351
            636          4.222         82.192       0.951140       0.758351
            637         -3.567         91.747       1.040446       0.758351
            638         20.260         92.547       0.820397       0.758351
            639         20.185         94.489       0.823982       0.758351
            640         24.953         76.019       0.752874       0.758351
            641         25.968         65.152       0.715015       0.758351
            642         26.368         21.788       0.452440       0.758351
            643         36.728        114.415       0.757000       0.758351
            644          3.078         61.667       0.952463       0.758351
            645         34.848         63.042       0.644011       0.758351
            646         -7.803         72.928       1.119815       0.758351
            647         36.610        -14.018      -0.620521       0.727079
            648         24.258        118.462       0.830031       0.758351
            649         25.443         68.621       0.729512       0.758351
            650         -0.139         96.517       1.001441       0.758351
            651         14.800         56.566       0.792613       0.758351
            652         31.137        118.302       0.791641       0.758351
            653         17.948         24.297       0.575148       0.758351
            654          8.365         91.785       0.916480       0.758351
            655         36.277         87.232       0.706279       0.758351
            656          5.143        126.476       0.960923       0.758351
            657         15.385         90.540       0.854760       0.758351
            658         17.970         60.101       0.769830       0.758351
            659         25.844        144.080       0.847907       0.758351
            660         28.072         45.249       0.617131       0.758351
            661         11.800        110.482       0.903498       0.758351
            662         12.244         65.705       0.842922       0.758351
            663         -6.685         63.488       1.117684       0.758351
            664         28.835         89.643       0.756618       0.758351
            665         26.761         33.508       0.555975       0.758351
            666         15.134        174.359       0.920136       0.758351
            667         -4.507         55.334       1.088669       0.758351
            668         35.130         68.335       0.660462       0.758351
            669         -7.613         58.979       1.148209       0.758351
            670         20.250        105.009       0.838337       0.758351
            671         11.978        123.567       0.911630       0.758351
            672         24.018         73.968       0.754886       0.758351
            673         13.249        123.880       0.903385       0.758351
            674         29.571         33.380       0.530253       0.758351
            675         16.800         79.785       0.826061       0.758351
            676         17.054         71.693       0.807834       0.758351
            677          7.550         79.788       0.913557       0.758351
            678         12.280         73.398       0.856674       0.758351
            679         16.079         78.093       0.829263       0.758351
            680         10.648         77.557       0.879285       0.758351
            681         43.576         63.623       0.593506       0.758351
            682         20.286         63.590       0.758140       0.758351
            683         31.344        123.611       0.797720       0.758351
            684         18.739         67.305       0.782215       0.758351
            685         30.553         51.875       0.629339       0.758351
            686          9.768        120.344       0.924923       0.758351
            687          5.844        151.340       0.962823       0.758351
            688         20.069        139.655       0.874352       0.758351
            689         29.596         86.553       0.745187       0.758351
            690          2.832        129.485       0.978600       0.758351
            691         16.104         66.417       0.804847       0.758351
            692         -2.458         90.695       1.027854       0.758351
            693         30.911         76.892       0.713263       0.758351
            694         17.206         74.524       0.812431       0.758351
            695          8.599        106.985       0.925608       0.758351
            696         18.309        122.965       0.870403       0.758351
            697         23.842        114.836       0.828079       0.758351
            698          6.545         63.172       0.906121       0.758351
            699         11.059         99.773       0.900220       0.758351
            700         21.548         79.204       0.786126       0.758351
            701         20.751        100.106       0.828303       0.758351
            702        -13.064         68.267       1.236648       0.727079
            703          7.164        115.042       0.941376       0.758351
            704         20.145         85.037       0.808478       0.758351
            705         19.472         91.229       0.824105       0.758351
            706          8.204         39.212       0.826985       0.758351
            707         18.377         48.384       0.724734       0.758351
            708         36.271         96.460       0.726735       0.758351
            709         41.582         65.112       0.610270       0.758351
            710         43.290         69.094       0.614802       0.758351
            711         48.966         33.967       0.409574       0.758351
            712         -9.988         54.322       1.225296       0.727079
            713          7.777         70.534       0.900689       0.758351
            714          1.481         59.358       0.975656       0.758351
            715         30.451         60.577       0.665477       0.758351
            716         52.690         78.185       0.597405       0.758351
            717         35.612         25.179       0.414194       0.758351
            718         31.347         73.944       0.702279       0.758351
            719         28.757         75.416       0.723952       0.758351
            720         18.141        133.464       0.880337       0.758351
            721         21.633         55.842       0.720775       0.758351
            722         24.341         65.978       0.730499       0.758351
            723         22.676         96.080       0.809057       0.758351
            724         24.707         67.927       0.733282       0.758351
            725         50.429         54.736       0.520477       0.758351
            726         19.108         18.346       0.489822       0.758351
            727         31.844         68.026       0.681143       0.758351
            728         29.657         20.685       0.410897       0.758351
            729          9.953         75.727       0.883839       0.758351
            730         31.470         82.455       0.723762       0.758351
            731         48.123         57.416       0.544027       0.758351
            732         36.810         97.618       0.726171       0.758351
            733         54.834        110.146       0.667629       0.758351
            734         22.261         73.454       0.767428       0.758351
            735         33.975         61.757       0.645101       0.758351
            736         60.636         85.897       0.586196       0.758351
            737         33.569         69.344       0.673809       0.758351
            738         14.921         41.027       0.733310       0.758351
            739         55.102         92.088       0.625641       0.758351
            740         21.039        114.222       0.844456       0.758351
            741         33.264         47.543       0.588354       0.758351
            742         34.304         69.484       0.669478       0.758351
            743         39.602        111.949       0.738688       0.758351
            744         22.033         91.894       0.806608       0.758351
            745         13.267         58.208       0.814381       0.758351
            746         21.473        137.121       0.864605       0.758351
            747         20.152         85.651       0.809530       0.758351
            748         38.531         75.562       0.662282       0.758351
            749          5.811          9.129       0.611047       0.758351
            750         15.339         81.155       0.841040       0.758351
            751         17.235         81.625       0.825660       0.758351
            752         46.405         93.272       0.667768       0.758351
            753         12.868         86.461       0.870454       0.758351
            754         46.799        115.470       0.711596       0.758351
            755         34.275         77.643       0.693750       0.758351
            756         18.689         76.102       0.802839       0.758351
            757         29.413         80.818       0.733165       0.758351
            758         25.968         35.890       0.580201       0.758351
            759         -4.884         99.800       1.051460       0.758351
            760         19.927         78.855       0.798270       0.758351
            761         32.250         36.640       0.531868       0.758351
            762          2.101         73.552       0.972224       0.758351
            763         19.521        112.228       0.851830       0.758351
            764         36.011         84.783       0.701883       0.758351
            765         13.657        132.542       0.906589       0.758351
            766         22.732        121.718       0.842633       0.758351
            767         15.051         87.731       0.853567       0.758351
            768         29.511        110.467       0.789174       0.758351
            769         43.030         34.991       0.448481       0.758351
            770         36.126        107.573       0.748599       0.758351
            771         23.597        112.329       0.826400       0.758351
            772         23.348         60.747       0.722363       0.758351
            773         20.125         89.075       0.815707       0.758351
            774         10.389        101.892       0.907473       0.758351
            775         -3.874         75.978       1.053732       0.758351
            776         23.044        100.686       0.813756       0.758351
            777         21.787         62.762       0.742311       0.758351
            778         33.380        120.663       0.783307       0.758351
            779         20.872         95.589       0.820782       0.758351
            780         41.303         28.792       0.410761       0.758351
            781         37.860         72.679       0.657498       0.758351
            782         10.696         19.085       0.640847       0.758351
            783         -1.826         72.899       1.025691       0.758351
            784         43.817         84.396       0.658249       0.758351
            785          4.520         35.193       0.886183       0.758351
            786         12.643         54.563       0.811882       0.758351
            787         14.935         50.729       0.772556       0.758351
            788         19.632         62.605       0.761280       0.758351
            789         12.263        102.250       0.892910       0.758351
            790         12.501         68.842       0.846321       0.758351
            791          2.106        125.680       0.983517       0.758351
            792         17.869         76.936       0.811519       0.758351
            793         31.549         -1.487      -0.049477       0.727079
            794         15.150         42.179       0.735734       0.758351
            795         14.270        123.697       0.896567       0.758351
            796         30.848         63.452       0.672876       0.758351
            797         19.902         68.502       0.774876       0.758351
            798         15.235         14.375       0.485468       0.758351
            799         17.928        116.089       0.866225       0.758351
            800         49.237         60.197       0.550078       0.758351
            801         -8.407         62.152       1.156418       0.758351
            802         56.896         28.285       0.332060       0.727079
            803         23.636         73.415       0.756462       0.758351
            804         -2.783         50.002       1.058943       0.758351
            805         17.404         48.651       0.736527       0.758351
            806         32.717         48.258       0.595968       0.758351
            807         33.467         75.487       0.692835       0.758351
            808         24.354         47.701       0.662007       0.758351
            809         51.086        108.127       0.679137       0.758351
            810         24.419         97.270       0.799335       0.758351
            811        -21.414         97.849       1.280162       0.727079
            812         29.040        106.912       0.786394       0.758351
            813         19.546         45.513       0.699564       0.758351
            814         43.069         62.153       0.590682       0.758351
            815         29.064         79.427       0.732109       0.758351
            816         -4.785         98.534       1.051038       0.758351
            817         -9.838         63.161       1.184489       0.758351
            818          0.600         46.549       0.987266       0.758351
            819         36.024         57.084       0.613092       0.758351
            820         28.329         52.198       0.648207       0.758351
            821         24.559         36.375       0.596958       0.758351
            822         59.734         50.972       0.460426       0.758351
            823         22.737         61.040       0.728602       0.758351
            824         22.149         35.786       0.617693       0.758351
            825          5.113         61.706       0.923475       0.758351
            826         35.020         59.371       0.628989       0.758351
            827         35.802         51.954       0.592030       0.758351
            828         56.367         80.862       0.589250       0.758351
            829         46.839         94.560       0.668744       0.758351
            830         20.534         73.964       0.782704       0.758351
            831         26.757         72.312       0.729916       0.758351
            832         49.316         93.099       0.653715       0.758351
            833         45.945         70.599       0.605774       0.758351
            834        -11.061         69.501       1.189282       0.758351
            835         53.196         82.366       0.607590       0.758351
            836         29.588         84.648       0.740992       0.758351
            837         25.623         83.220       0.764585       0.758351
            838         52.412         63.741       0.548767       0.758351
            839         42.762         79.502       0.650245       0.758351
            840          9.519         93.272       0.907398       0.758351
            841          8.834         98.117       0.917400       0.758351
            842         13.516         62.208       0.821504       0.758351
            843         35.132         28.599       0.448748       0.758351
            844          8.502        116.650       0.932065       0.758351
            845         45.091         32.333       0.417611       0.758351
            846         30.237         78.981       0.723152       0.758351
            847         51.865         43.706       0.457317       0.758351
            848         24.593         73.383       0.748989       0.758351
            849         33.165        105.719       0.761204       0.758351
            850         35.318         85.008       0.706478       0.758351
            851          6.827         66.274       0.906612       0.758351
            852         22.509         32.013       0.587152       0.758351
            853         22.406         26.846       0.545074       0.758351
            854          1.865         75.449       0.975880       0.758351
            855         37.391         92.395       0.711905       0.758351
            856          7.145         60.862       0.894936       0.758351
            857         -4.555         52.424       1.095151       0.758351
            858         26.864        111.450       0.805774       0.758351
            859         29.079         71.097       0.709720       0.758351
            860         24.621        134.738       0.845499       0.758351
            861         29.650         53.333       0.642699       0.758351
            862         13.650         40.951       0.749999       0.758351
            863         12.654         88.937       0.875439       0.758351
            864         65.019        123.229       0.654612       0.758351
            865          8.477         71.821       0.894427       0.758351
            866          6.362        115.906       0.947966       0.758351
            867         41.036         60.499       0.595846       0.758351
            868         50.643        102.833       0.670028       0.758351
            869         27.613         67.150       0.708607       0.758351
            870         37.267         42.821       0.534675       0.758351
            871         31.938        111.727       0.777691       0.758351
            872         70.789         52.228       0.424561       0.758351
            873         13.659        107.697       0.887447       0.758351
            874         11.611        109.712       0.904296       0.758351
            875         52.394         51.608       0.496220       0.758351
            876         14.536        133.759       0.901982       0.758351
            877         34.349         50.293       0.594183       0.758351
            878         30.080         46.778       0.608631       0.758351
            879         33.493        115.057       0.774535       0.758351
            880         10.299         39.172       0.791821       0.758351
            881         30.053         87.085       0.743440       0.758351
            882         35.391        100.677       0.739904       0.758351
            883          2.083         58.177       0.965428       0.758351
            884         28.097         92.312       0.766650       0.758351
            885         51.952         45.388       0.466283       0.758351
            886         70.876         55.184       0.437761       0.758351
            887         33.511         83.914       0.714621       0.758351
            888         15.669         57.586       0.786103       0.758351
            889         30.247         38.672       0.561118       0.758351
            890         29.730         64.289       0.683783       0.758351
            891         14.115         30.129       0.680968       0.758351
            892         44.613         47.710       0.516772       0.758351
            893         18.045         96.633       0.842648       0.758351
            894         76.956         99.489       0.563852       0.758351
            895         65.137         76.282       0.539405       0.758351
            896         27.607         82.010       0.748152       0.758351
            897         64.105         59.419       0.481029       0.758351
            898         14.787         80.627       0.845025       0.758351
            899         22.619        121.553       0.843111       0.758351
            900          7.671         52.525       0.872570       0.758351
            901        -11.978         47.218       1.339881       0.727079
            902         32.082         54.510       0.629503       0.758351
            903          0.046         45.350       0.998994       0.758351
            904        -12.907        108.158       1.135501       0.758351
            905         37.363        118.799       0.760743       0.758351
            906         26.039        132.577       0.835834       0.758351
            907          3.997         33.414       0.893155       0.758351
            908          6.576        112.772       0.944905       0.758351
            909         31.517         48.899       0.608077       0.758351
            910         32.387         71.148       0.687187       0.758351
            911        -17.485         53.997       1.478867       0.727079
            912         44.624         45.688       0.505893       0.758351
            913         33.365         23.145       0.409577       0.758351
            914         23.189         43.205       0.650735       0.758351
            915         72.794         59.301       0.448926       0.758351
            916         24.663        106.652       0.812182       0.758351
            917         12.652         68.240       0.843597       0.758351
            918         26.549         43.754       0.622364       0.758351
            919          7.765         78.433       0.909911       0.758351
            920         10.480        102.482       0.907227       0.758351
            921         38.298         83.873       0.686524       0.758351
            922         40.161         69.830       0.634871       0.758351
            923          8.267        129.628       0.940047       0.758351
            924         37.729         36.090       0.488900       0.758351
            925         -1.488         57.642       1.026491       0.758351
            926         15.119        100.864       0.869648       0.758351
            927         25.863        111.145       0.811230       0.758351
            928         23.816         69.167       0.743864       0.758351
            929         15.984         40.907       0.719043       0.758351
            930         52.432        110.767       0.678726       0.758351
            931          7.256         57.912       0.888658       0.758351
            932         25.088         43.513       0.634288       0.758351
            933         22.441         84.348       0.789854       0.758351
            934         38.091         28.026       0.423889       0.758351
            935         39.863         52.129       0.566668       0.758351
            936         24.196         77.638       0.762397       0.758351
            937         55.623         83.639       0.600586       0.758351
            938         45.814         65.831       0.589648       0.758351
            939         16.541         58.317       0.779038       0.758351
            940         42.224         88.083       0.675966       0.758351
            941          3.333         79.967       0.959987       0.758351
            942         41.956         75.259       0.642061       0.758351
            943          2.879         83.026       0.966481       0.758351
            944         18.806        104.336       0.847283       0.758351
            945         20.974         66.052       0.758991       0.758351
            946         -4.381         60.582       1.077946       0.758351
            947         -3.004         64.495       1.048852       0.758351
            948         19.115         47.201       0.711753       0.758351
            949         33.477        110.497       0.767476       0.758351
            950         26.105         58.849       0.692714       0.758351
            951         12.540         61.812       0.831340       0.758351
            952         20.095         96.484       0.827626       0.758351
            953         22.929         87.563       0.792486       0.758351
            954         31.047         96.417       0.756424       0.758351
            955         32.322         29.976       0.481173       0.758351
            956         39.749         42.444       0.516398       0.758351
            957         -7.618         72.640       1.117154       0.758351
            958         15.051         32.045       0.680424       0.758351
            959         -1.893         80.148       1.024193       0.758351
            960        -18.323         83.653       1.280476       0.727079
            961         16.408         50.557       0.754980       0.758351
            962          8.723        103.926       0.922564       0.758351
            963          9.677         77.928       0.889536       0.758351
            964         15.768         75.280       0.826820       0.758351
            965        -10.746         92.928       1.130765       0.758351
            966         12.396         56.066       0.818930       0.758351
            967         38.227         71.629       0.652025       0.758351
            968         24.116        120.067       0.832741       0.758351
            969         40.385        106.565       0.725180       0.758351
            970         19.574        103.536       0.841006       0.758351
            971          1.844         15.945       0.896359       0.758351
            972         13.281        106.704       0.889313       0.758351
            973         53.153         74.796       0.584577       0.758351
            974         -2.817        100.301       1.028898       0.758351
            975          8.559         26.746       0.757575       0.758351
            976         29.087        112.978       0.795256       0.758351
            977         61.821         87.284       0.585384       0.758351
            978          7.821          6.734       0.462640       0.758351
            979          4.537        128.593       0.965919       0.758351
            980         22.743        143.859       0.863491       0.758351
            981          6.850         60.969       0.898989       0.758351
            982          7.049         11.340       0.616678       0.758351
            983          1.741        134.298       0.987201       0.758351
            984         50.825        109.281       0.682554       0.758351
            985         10.513        107.149       0.910652       0.758351
            986         13.441        113.893       0.894446       0.758351
            987          6.880         66.841       0.906669       0.758351
            988          6.645         84.862       0.927385       0.758351
            989         24.186         -7.424      -0.442928       0.727079
            990         36.075         62.718       0.634841       0.758351
            991         21.806         75.560       0.776043       0.758351
            992         14.330         45.098       0.758869       0.758351
            993         19.847         67.180       0.771949       0.758351
            994         20.229         58.398       0.742727       0.758351
            995         23.818         87.248       0.785552       0.758351
            996         57.988         70.433       0.548457       0.758351
            997         31.041         65.831       0.679570       0.758351
            998         15.839         96.491       0.858998       0.758351
            999         29.734         70.266       0.702661       0.758351
           1000         44.279         96.721       0.685967       0.758351
