              1         37.020         73.879       0.666180       0.717826
              2         26.082        117.682       0.818577       0.717826
              3         10.053         85.505       0.894799       0.717826
              4         27.462        102.517       0.788718       0.717826
              5         11.788         29.376       0.713629       0.717826
              6         35.369         57.929       0.620900       0.717826
              7         69.690         93.883       0.573950       0.717826
              8         55.193         13.652       0.198299       0.748508
              9         32.825        100.708       0.754179       0.717826
             10         42.596         64.322       0.601601       0.717826
             11         28.223        112.496       0.799435       0.717826
             12         75.078         87.124       0.537132       0.717826
             13         44.389         50.543       0.532412       0.717826
             14          7.397         74.593       0.909781       0.717826
             15          2.369        101.476       0.977186       0.717826
             16         19.480         73.772       0.791101       0.717826
             17         38.924         84.231       0.683942       0.717826
             18         -9.494         -1.074       0.101630       0.748508
             19         34.219         47.022       0.578797       0.717826
             20         10.766         62.406       0.852868       0.717826
             21         21.383        -24.337       8.238021       1.824160
             22         19.771         78.850       0.799523       0.717826
             23         19.662         27.651       0.584423       0.717826
             24         11.072         55.075       0.832614       0.717826
             25          4.423         55.496       0.926186       0.717826
             26         49.811         54.754       0.523637       0.717826
             27         33.093         76.546       0.698165       0.717826
             28         23.193         80.294       0.775887       0.717826
             29         28.045         22.359       0.443597       0.717826
             30         61.075         82.030       0.573216       0.717826
             31         70.746         88.262       0.555079       0.717826
             32         42.706         54.602       0.561127       0.717826
             33          5.048         85.613       0.944324       0.717826
             34         24.420         46.445       0.655400       0.717826
             35         29.582         34.033       0.534985       0.717826
             36         34.017         89.081       0.723660       0.717826
             37         32.204         42.347       0.568031       0.717826
             38         41.103         96.894       0.702149       0.717826
             39         43.286         49.127       0.531606       0.717826
             40         32.685         24.301       0.426439       0.717826
             41         43.906        107.013       0.709077       0.717826
             42         35.929        102.154       0.739799       0.717826
             43         19.153         49.854       0.722449       0.717826
             44         55.443         30.302       0.353394       0.748508
             45         21.029         65.984       0.758322       0.717826
             46         19.562        101.410       0.838294       0.717826
             47         63.500         22.971       0.265652       0.748508
             48         36.963         93.834       0.717402       0.717826
             49         -0.859         47.977       1.018231       0.748508
             50          1.815         90.218       0.980274       0.717826
             51          9.672         85.234       0.898092       0.717826
             52          4.947         60.097       0.923940       0.717826
             53         -3.554         38.673       1.101197       0.748508
             54         12.375         48.761       0.797588       0.717826
             55          2.764         76.287       0.965038       0.717826
             56         27.065        111.741       0.805013       0.717826
             57         17.944         76.421       0.809845       0.717826
             58         36.623         73.529       0.667521       0.717826
             59         28.909        113.900       0.797568       0.717826
             60         13.657         20.028       0.594563       0.717826
             61         15.507        116.202       0.882261       0.717826
             62         50.752         79.645       0.610788       0.717826
             63          5.638         49.722       0.898150       0.717826
             64         15.341         71.883       0.824125       0.717826
             65         33.839         31.441       0.481632       0.717826
             66         27.270         80.880       0.747849       0.717826
             67         55.719        106.067       0.655600       0.717826
             68        -13.721         54.753       1.334408       0.748508
             69         46.048         75.522       0.621222       0.717826
             70         45.825        108.352       0.702779       0.717826
             71         48.316         72.379       0.599685       0.717826
             72         19.974         84.491       0.808796       0.717826
             73         47.568         88.526       0.650477       0.717826
             74         -6.645         97.235       1.073358       0.748508
             75         33.178         69.435       0.676669       0.717826
             76         12.551        100.119       0.888600       0.717826
             77         15.362         78.751       0.836775       0.717826
             78         46.059          5.656       0.109364       0.748508
             79         32.454         76.779       0.702894       0.717826
             80         31.453         83.377       0.726093       0.717826
             81         12.174        109.695       0.900102       0.717826
             82         37.553        108.917       0.743613       0.717826
             83         48.558         35.462       0.422065       0.748508
             84         31.851         71.802       0.692714       0.717826
             85         25.395         73.790       0.743963       0.717826
             86         73.496        100.860       0.578474       0.717826
             87         63.336         66.495       0.512163       0.717826
             88         42.600         31.614       0.425982       0.717826
             89         16.380         71.519       0.813647       0.717826
             90         33.519        106.911       0.761311       0.717826
             91         19.260         90.889       0.825147       0.717826
             92         36.611         79.964       0.685942       0.717826
             93         38.340        109.714       0.741043       0.717826
             94        -20.357         30.273       3.053057       1.824160
             95          9.812         83.541       0.894897       0.717826
             96         43.217         76.611       0.639340       0.717826
             97          3.538         16.726       0.825400       0.717826
             98         17.923         46.062       0.719893       0.717826
             99         37.795         52.473       0.581301       0.717826
            100         45.144         58.723       0.565369       0.717826
            101         37.887         80.555       0.680123       0.717826
            102         14.723         94.496       0.865197       0.717826
            103         41.103         45.798       0.527011       0.717826
            104         12.851         65.595       0.836177       0.717826
            105         32.113        106.744       0.768733       0.717826
            106         53.343         82.563       0.607503       0.717826
            107         64.624         66.542       0.507309       0.717826
            108         52.661         67.047       0.560090       0.717826
            109          7.540        104.930       0.932961       0.717826
            110          5.179        121.825       0.959219       0.717826
            111         35.062         99.598       0.739625       0.717826
            112         40.333         63.731       0.612419       0.717826
            113         32.492         72.591       0.690798       0.717826
            114         18.632         85.883       0.821726       0.717826
            115         40.946         98.194       0.705722       0.717826
            116         15.793         84.408       0.842391       0.717826
            117         -6.218         69.355       1.098487       0.748508
            118         52.789         98.753       0.651654       0.717826
            119         32.839         86.178       0.724081       0.717826
            120         36.009         85.388       0.703378       0.717826
            121         14.693         52.602       0.781665       0.717826
            122         20.983         74.869       0.781094       0.717826
            123         -2.511         45.430       1.058503       0.748508
            124         31.157         82.805       0.726599       0.717826
            125         20.861         53.062       0.717796       0.717826
            126          5.356         67.426       0.926407       0.717826
            127         48.314         90.790       0.652679       0.717826
            128         11.826        117.223       0.908358       0.717826
            129         74.492         60.633       0.448720       0.717826
            130         14.862         76.164       0.836726       0.717826
            131         54.440         78.324       0.589949       0.717826
            132         26.174        117.746       0.818134       0.717826
            133         21.958         66.673       0.752259       0.717826
            134         17.814         78.353       0.814762       0.717826
            135         10.773         87.869       0.890790       0.717826
            136         18.357         94.558       0.837429       0.717826
            137         18.925         80.927       0.810472       0.717826
            138         36.227         49.497       0.577401       0.717826
            139         37.845        112.749       0.748693       0.717826
            140         12.562         77.436       0.860420       0.717826
            141         26.496         35.653       0.573671       0.717826
            142         28.787         85.784       0.748744       0.717826
            143         15.976         58.895       0.786623       0.717826
            144         31.746         72.998       0.696919       0.717826
            145         -2.265        140.765       1.016353       0.748508
            146         45.674         89.383       0.661820       0.717826
            147         36.007         28.039       0.437794       0.717826
            148         55.816        118.701       0.680170       0.717826
            149         22.405         95.840       0.810518       0.717826
            150         51.506         31.706       0.381028       0.748508
            151          4.486         54.840       0.924381       0.717826
            152         54.829         14.625       0.210566       0.748508
            153         38.968        101.051       0.721694       0.717826
            154         25.493        114.909       0.818427       0.717826
            155         26.330         54.236       0.673185       0.717826
            156         30.466        101.467       0.769079       0.717826
            157         60.367         40.800       0.403296       0.717826
            158         42.721         26.477       0.382627       0.748508
            159         28.867         67.387       0.700097       0.717826
            160         50.466         76.673       0.603066       0.717826
            161        -13.256         73.679       1.219385       0.748508
            162         50.436        129.628       0.719900       0.717826
            163         36.603        109.371       0.749250       0.717826
            164         33.204         64.514       0.660204       0.717826
            165         17.310         30.925       0.641133       0.717826
            166          8.506         43.940       0.837806       0.717826
            167         55.462         94.111       0.629198       0.717826
            168          5.662        115.359       0.953213       0.717826
            169         13.743         80.809       0.854647       0.717826
            170         61.147         50.411       0.451883       0.717826
            171         48.992         42.356       0.463676       0.717826
            172         40.588         51.261       0.558100       0.717826
            173         -2.941         71.245       1.043053       0.748508
            174         30.251        108.282       0.781631       0.717826
            175         16.034         58.764       0.785633       0.717826
            176         27.481         97.095       0.779403       0.717826
            177         24.951        153.692       0.860329       0.717826
            178         15.100         94.917       0.862748       0.717826
            179        -10.590         54.722       1.239966       0.748508
            180         32.435         61.965       0.656412       0.717826
            181         34.559         42.852       0.553563       0.717826
            182        -25.340        106.791       1.311115       0.748508
            183         47.216         51.627       0.522313       0.717826
            184        -14.396         65.783       1.280146       0.748508
            185         33.927         69.534       0.672078       0.717826
            186         26.624         17.841       0.401231       0.748508
            187         32.068         69.503       0.684275       0.717826
            188         17.693         34.346       0.660008       0.717826
            189         56.830         60.362       0.515069       0.717826
            190         22.812         22.347       0.494852       0.717826
            191         20.140         71.474       0.780165       0.717826
            192         39.188          8.028       0.170038       0.748508
            193         53.849         89.528       0.624422       0.717826
            194         19.161         85.372       0.816700       0.717826
            195         -8.806         56.062       1.186342       0.748508
            196         29.412         42.805       0.592730       0.717826
            197         42.634         62.936       0.596152       0.717826
            198         39.188        131.499       0.770408       0.717826
            199         13.173         49.037       0.788255       0.717826
            200         38.926         88.913       0.695507       0.717826
            201         18.142         46.300       0.718483       0.717826
            202          8.058        114.168       0.934074       0.717826
            203         24.328         66.882       0.733274       0.717826
            204          7.097         36.344       0.836621       0.717826
            205         22.115         95.581       0.812100       0.717826
            206         47.655         62.922       0.569036       0.717826
            207         61.225         31.369       0.338778       0.717826
            208         27.858         -0.735      -0.027087       0.748508
            209         64.128        101.962       0.613899       0.717826
            210         31.773         75.814       0.704676       0.717826
            211         24.176         64.709       0.728011       0.717826
            212         37.392         71.425       0.656377       0.717826
            213         23.998         47.205       0.662968       0.717826
            214         37.293         75.927       0.670614       0.717826
            215          8.104         28.992       0.781540       0.717826
            216          7.759         65.280       0.893773       0.717826
            217         51.304         88.512       0.633059       0.717826
            218         60.817        108.285       0.640352       0.717826
            219         37.933         47.819       0.557641       0.717826
            220         42.183         84.318       0.666537       0.717826
            221         21.087         61.796       0.745579       0.717826
            222         19.084        106.770       0.848367       0.717826
            223         18.943         78.559       0.805716       0.717826
            224         -3.417         55.264       1.065904       0.748508
            225         38.101         68.803       0.643598       0.717826
            226         21.462        100.467       0.823976       0.717826
            227         67.960        110.730       0.619676       0.717826
            228         25.280         30.693       0.548354       0.717826
            229         55.525         -3.009      -0.057288       0.748508
            230         32.016        100.649       0.758670       0.717826
            231         35.344         35.213       0.499067       0.717826
            232         47.640         84.978       0.640772       0.717826
            233        -15.192         39.427       1.626850       0.748508
            234         14.004        118.494       0.894309       0.717826
            235         21.414         81.542       0.792007       0.717826
            236         22.113         26.027       0.540646       0.717826
            237         16.500          8.142       0.330400       0.748508
            238         34.729         85.882       0.712060       0.717826
            239         35.151         58.647       0.625249       0.717826
            240         11.839         64.038       0.843977       0.717826
            241         37.148         50.743       0.577339       0.717826
            242         24.958         85.939       0.774943       0.717826
            243         47.362         15.418       0.245588       0.748508
            244          9.607        105.561       0.916582       0.717826
            245         37.856        117.710       0.756658       0.717826
            246         11.495         78.822       0.872726       0.717826
            247         63.349         43.161       0.405230       0.748508
            248         14.240         33.999       0.704807       0.717826
            249         76.287         70.230       0.479332       0.717826
            250         37.703         66.168       0.637022       0.717826
            251         28.895         36.219       0.556241       0.717826
            252         41.202         62.677       0.603366       0.717826
            253         86.771         72.944       0.456714       0.717826
            254         29.421         30.750       0.511041       0.717826
            255         47.694         87.417       0.646999       0.717826
            256         38.951         65.821       0.628228       0.717826
            257         32.096         25.180       0.439627       0.717826
            258         35.425         78.671       0.689517       0.717826
            259          9.322         70.181       0.882744       0.717826
            260         46.788         51.171       0.522370       0.717826
            261         42.247         56.712       0.573082       0.717826
            262         -2.062         75.873       1.027938       0.748508
            263         37.372         87.124       0.699816       0.717826
            264         44.618         73.903       0.623543       0.717826
            265         -0.470         43.877       1.010819       0.748508
            266         45.967         51.250       0.527169       0.717826
            267        -10.606         37.425       1.395465       0.748508
            268         46.049         97.861       0.680014       0.717826
            269         29.929         56.194       0.652486       0.717826
            270         22.208         68.301       0.754634       0.717826
            271         34.852         32.568       0.483064       0.717826
            272         11.670        144.052       0.925056       0.717826
            273         18.719         65.489       0.777706       0.717826
            274         30.048         92.962       0.755725       0.717826
            275         13.873         82.308       0.855762       0.717826
            276         34.405         84.880       0.711574       0.717826
            277         22.969         77.276       0.770872       0.717826
            278         11.883         18.746       0.612036       0.717826
            279         14.760         59.608       0.801534       0.717826
            280         18.899        136.438       0.878338       0.717826
            281         61.578         73.981       0.545747       0.717826
            282         16.400         61.446       0.789328       0.717826
            283         24.032         60.870       0.716939       0.717826
            284         14.074         70.008       0.832614       0.717826
            285         39.018         75.003       0.657801       0.717826
            286         58.248         53.443       0.478489       0.717826
            287         -8.460         72.966       1.131148       0.748508
            288         36.309         50.988       0.584077       0.717826
            289         48.574         97.232       0.666858       0.717826
            290         18.893         35.008       0.649483       0.717826
            291         43.545         47.512       0.521785       0.717826
            292         29.294         54.540       0.650570       0.717826
            293         20.596         72.015       0.777604       0.717826
            294         25.392         60.152       0.703169       0.717826
            295         40.903         66.633       0.619636       0.717826
            296         46.392         14.851       0.242494       0.748508
            297         31.954         76.066       0.704183       0.717826
            298         43.106         67.467       0.610157       0.717826
            299        -12.348          8.576      -2.274174       1.824160
            300         -0.461         83.321       1.005561       0.748508
            301         14.510         56.832       0.796612       0.717826
            302         11.006        121.631       0.917024       0.717826
            303         17.796         90.756       0.836063       0.717826
            304          8.735         66.058       0.883205       0.717826
            305         30.958         30.227       0.494027       0.717826
            306         33.274         34.589       0.509684       0.717826
            307         -4.289         28.322       1.178442       0.748508
            308         23.687         55.020       0.699047       0.717826
            309         23.338         58.431       0.714587       0.717826
            310         39.270         73.329       0.651238       0.717826
            311         31.290         18.697       0.374034       0.748508
            312         69.779        110.492       0.612922       0.717826
            313         38.522         91.853       0.704526       0.717826
            314         28.955         53.719       0.649773       0.717826
            315          7.608        101.220       0.930095       0.717826
            316         66.331         57.232       0.463179       0.717826
            317          0.728         85.112       0.991518       0.717826
            318         -1.346         53.141       1.025985       0.748508
            319         40.729        102.436       0.715510       0.717826
            320         39.473         23.200       0.370178       0.748508
            321          6.531         53.326       0.890887       0.717826
            322          9.745         87.165       0.899443       0.717826
            323         40.595         29.664       0.422207       0.717826
            324         91.925         60.222       0.395815       0.748508
            325         13.189         53.769       0.803025       0.717826
            326         35.312         69.674       0.663653       0.717826
            327          5.190         60.227       0.920662       0.717826
            328         44.476         54.882       0.552367       0.717826
            329         24.583         58.953       0.705718       0.717826
            330         52.513         68.189       0.564938       0.717826
            331         38.172         73.367       0.657768       0.717826
            332         -7.515        101.648       1.079829       0.748508
            333         59.347        102.129       0.632473       0.717826
            334         39.417         75.939       0.658300       0.717826
            335         40.406         32.693       0.447243       0.717826
            336         30.581         40.868       0.571989       0.717826
            337         17.984         22.227       0.552767       0.717826
            338         34.022        125.366       0.786546       0.717826
            339         50.051         77.879       0.608764       0.717826
            340         38.593        116.872       0.751759       0.717826
            341         64.615         64.104       0.498016       0.717826
            342        -17.778        111.341       1.190008       0.748508
            343         33.591         90.923       0.730226       0.717826
            344         39.729         78.345       0.663523       0.717826
            345         21.704         84.475       0.795589       0.717826
            346         35.976         71.835       0.666307       0.717826
            347         46.020         22.798       0.331278       0.748508
            348         25.999         79.054       0.752517       0.717826
            349         40.339         45.356       0.529270       0.717826
            350         34.836        131.174       0.790155       0.717826
            351          6.971         65.692       0.904070       0.717826
            352         15.647        115.752       0.880919       0.717826
            353         15.011         51.611       0.774682       0.717826
            354         14.447         48.928       0.772040       0.717826
            355         10.648         55.896       0.839988       0.717826
            356         17.230         92.855       0.843485       0.717826
            357         24.025         75.389       0.758332       0.717826
            358         45.148        139.054       0.754899       0.717826
            359         53.942         52.917       0.495207       0.717826
            360        -28.797         66.426       1.765274       0.748508
            361         24.941         80.373       0.763176       0.717826
            362         50.649         42.377       0.455541       0.717826
            363         44.135         59.039       0.572228       0.717826
            364         37.454        108.725       0.743780       0.717826
            365          1.400         60.982       0.977558       0.717826
            366         -1.964         68.942       1.029321       0.748508
            367         20.404         83.344       0.803333       0.717826
            368         34.809         74.903       0.682726       0.717826
            369         31.514         93.040       0.746983       0.717826
            370          5.649         97.427       0.945192       0.717826
            371        -24.362        108.944       1.288033       0.748508
            372         23.313         46.790       0.667445       0.717826
            373         45.017         81.894       0.645285       0.717826
            374         30.162        113.895       0.790625       0.717826
            375         21.510         72.643       0.771542       0.717826
            376         39.787        144.763       0.784409       0.717826
            377         25.899        104.475       0.801350       0.717826
            378         16.215        112.806       0.874319       0.717826
            379         94.720         87.352       0.479766       0.717826
            380        -14.970         51.519       1.409573       0.748508
            381         45.462        105.495       0.698841       0.717826
            382         31.310        147.781       0.825173       0.717826
            383         39.066         -2.432      -0.066378       0.748508
            384         60.835         96.089       0.612329       0.717826
            385         57.401         61.828       0.518566       0.717826
            386         -8.171         34.354       1.312054       0.748508
            387         79.644         33.582       0.296591       0.748508
            388         30.651         49.266       0.616465       0.717826
            389         86.333         51.233       0.372426       0.748508
            390         42.629         46.245       0.520344       0.717826
            391         51.600         51.966       0.501769       0.717826
            392         20.816         26.829       0.563105       0.717826
            393         41.928        102.287       0.709269       0.717826
            394         18.576         41.288       0.689696       0.717826
            395         16.361         68.956       0.808233       0.717826
            396         36.866         91.386       0.712552       0.717826
            397         21.385         85.001       0.798985       0.717826
            398         19.256         23.068       0.545035       0.717826
            399          7.700        126.234       0.942512       0.717826
            400         -4.940        114.701       1.045009       0.717826
            401         27.205          7.942       0.225968       0.748508
            402         34.582         90.702       0.723974       0.717826
            403         70.842        104.998       0.597122       0.717826
            404          1.118         73.937       0.985103       0.717826
            405         19.023         39.300       0.673838       0.717826
            406         23.791         18.809       0.441525       0.717826
            407        -25.795        111.663       1.300405       0.748508
            408         34.165         96.251       0.738030       0.717826
            409         33.059         15.340       0.316952       0.748508
            410         42.209        132.005       0.757720       0.717826
            411         17.820        102.297       0.851642       0.717826
            412        -14.690         95.661       1.181431       0.748508
            413         30.067         88.038       0.745420       0.717826
            414         26.554        107.597       0.802058       0.717826
            415         -8.180         97.278       1.091809       0.748508
            416         47.877         75.148       0.610835       0.717826
            417         36.296        116.155       0.761918       0.717826
            418          2.089         41.624       0.952203       0.717826
            419         21.818         73.189       0.770357       0.717826
            420          8.951         35.083       0.796720       0.717826
            421         26.225         55.963       0.680918       0.717826
            422         12.303         10.069       0.450080       0.717826
            423         38.162         82.673       0.684180       0.717826
            424         32.956         45.188       0.578266       0.717826
            425         22.558        116.268       0.837510       0.717826
            426         35.179        101.910       0.743386       0.717826
            427         21.248        123.630       0.853340       0.717826
            428         45.202         47.875       0.514357       0.717826
            429         14.826        103.546       0.874750       0.717826
            430        -17.092         65.505       1.353044       0.748508
            431         21.842         81.495       0.788631       0.717826
            432          2.278        146.005       0.984639       0.717826
            433          6.976        -26.852       1.350971       0.748508
            434         32.725         92.833       0.739367       0.717826
            435          9.315        127.549       0.931939       0.717826
            436         -4.660        117.641       1.041248       0.748508
            437         17.926         78.179       0.813472       0.717826
            438         36.367        117.603       0.763806       0.717826
            439         16.860         24.874       0.596018       0.717826
            440         21.822        111.171       0.835916       0.717826
            441         12.136         84.996       0.875060       0.717826
            442         36.973        120.298       0.764912       0.717826
            443         20.547        105.430       0.836902       0.717826
            444         36.089        102.826       0.740210       0.717826
            445         27.499         57.220       0.675405       0.717826
            446          8.181        107.151       0.929065       0.717826
            447        -15.685         62.111       1.337858       0.748508
            448         28.351         59.489       0.677245       0.717826
            449         17.237        110.031       0.864559       0.717826
            450         36.791         97.592       0.726221       0.717826
            451          4.293         62.649       0.935871       0.717826
            452         36.716         95.341       0.721969       0.717826
            453          3.302        123.105       0.973874       0.717826
            454         29.156        109.997       0.790475       0.717826
            455         21.456         31.131       0.591988       0.717826
            456         -2.379         83.310       1.029390       0.748508
            457         20.217         91.273       0.818668       0.717826
            458         54.239         89.937       0.623797       0.717826
            459          3.863         70.205       0.947842       0.717826
            460         47.355        132.292       0.736398       0.717826
            461         25.166        129.265       0.837040       0.717826
            462         21.978         70.988       0.763588       0.717826
            463         46.606         75.137       0.617178       0.717826
            464         17.178         29.779       0.634177       0.717826
            465         52.515         39.264       0.427811       0.717826
            466         39.239         39.162       0.499508       0.717826
            467          2.216         45.650       0.953707       0.717826
            468          6.433         49.118       0.884203       0.717826
            469         41.135         81.040       0.663311       0.717826
            470         28.180         65.624       0.699582       0.717826
            471         70.112         80.414       0.534220       0.717826
            472         15.124         99.464       0.868010       0.717826
            473         25.843         56.570       0.686423       0.717826
            474         17.750         74.945       0.808507       0.717826
            475         60.690         64.309       0.514473       0.717826
            476        -15.254         31.235       1.954529       1.824160
            477         40.679          3.652       0.082380       0.748508
            478         10.238         98.609       0.905937       0.717826
            479         59.114         70.748       0.544794       0.717826
            480         37.633         58.368       0.607993       0.717826
            481         56.106         35.132       0.385057       0.748508
            482         15.402         66.096       0.811017       0.717826
            483         35.156         89.502       0.717980       0.717826
            484         38.288         57.724       0.601215       0.717826
            485         19.736         59.548       0.751067       0.717826
            486         15.948         79.984       0.833759       0.717826
            487         39.257        125.650       0.761944       0.717826
            488         35.380         66.359       0.652248       0.717826
            489         32.828         87.093       0.726251       0.717826
            490         50.243         72.963       0.592204       0.717826
            491         63.709         43.428       0.405347       0.748508
            492          7.974         48.826       0.859615       0.717826
            493        -18.131         62.126       1.412107       0.748508
            494         32.492         49.691       0.604642       0.717826
            495         30.013         88.932       0.747672       0.717826
            496         60.296        117.043       0.659996       0.717826
            497         24.214         94.959       0.796818       0.717826
            498          3.340         55.839       0.943564       0.717826
            499         37.074         76.464       0.673466       0.717826
            500         31.440         23.428       0.426985       0.717826
            501         27.473        123.929       0.818543       0.717826
            502         46.986         59.317       0.558000       0.717826
            503         55.938         73.942       0.569309       0.717826
            504         35.139         76.901       0.686371       0.717826
            505         28.968         80.740       0.735951       0.717826
            506         89.402         72.731       0.448588       0.717826
            507         41.512         91.126       0.687028       0.717826
            508         32.756         45.654       0.582249       0.717826
            509         31.513         80.561       0.718822       0.717826
            510         56.275         72.131       0.561742       0.717826
            511         36.112        103.976       0.742218       0.717826
            512         12.092         42.348       0.777880       0.717826
            513          3.246        102.775       0.969384       0.717826
            514         19.401         77.707       0.800213       0.717826
            515          4.790         71.526       0.937236       0.717826
            516         12.008         29.943       0.713760       0.717826
            517          3.831        101.630       0.963672       0.717826
            518         69.784         82.598       0.542046       0.717826
            519         72.382         84.521       0.538681       0.717826
            520         18.627         84.186       0.818828       0.717826
            521         17.064         43.742       0.719366       0.717826
            522         43.292         95.404       0.687864       0.717826
            523         25.467         40.569       0.614350       0.717826
            524         60.106        105.295       0.636605       0.717826
            525         24.357         63.668       0.723298       0.717826
            526         25.903         84.815       0.766044       0.717826
            527         14.988         26.793       0.641276       0.717826
            528         35.887         72.111       0.667705       0.717826
            529         18.115         36.503       0.668329       0.717826
            530         50.876         77.958       0.605101       0.717826
            531         28.774         56.042       0.660747       0.717826
            532         26.588         74.634       0.737327       0.717826
            533         45.597        108.362       0.703835       0.717826
            534         38.949        122.543       0.758818       0.717826
            535          4.015         73.384       0.948127       0.717826
            536          5.870         84.457       0.935018       0.717826
            537         11.353        109.656       0.906178       0.717826
            538         17.981         61.837       0.774728       0.717826
            539         28.281         81.144       0.741546       0.717826
            540         11.607         60.036       0.837985       0.717826
            541         32.525         86.084       0.725780       0.717826
            542         21.566         -2.691      -0.142545       0.748508
            543         72.100         57.879       0.445293       0.717826
            544         13.039         54.789       0.807769       0.717826
            545         29.015         81.870       0.738332       0.717826
            546         13.858        106.466       0.884827       0.717826
            547         38.392         57.514       0.599692       0.717826
            548          1.416         58.175       0.976239       0.717826
            549         22.319         71.361       0.761749       0.717826
            550         21.072         60.983       0.743199       0.717826
            551         36.920         52.272       0.586060       0.717826
            552          5.115         92.588       0.947648       0.717826
            553         23.492         33.105       0.584924       0.717826
            554         42.198        101.233       0.705795       0.717826
            555          3.287         64.722       0.951670       0.717826
            556         42.559        128.377       0.751023       0.717826
            557         28.306         99.257       0.778103       0.717826
            558         20.341         68.402       0.770784       0.717826
            559         66.153         69.275       0.511527       0.717826
            560         20.268         66.252       0.765746       0.717826
            561         48.248         78.327       0.618818       0.717826
            562        -14.630         47.544       1.444494       0.748508
            563         28.827         57.496       0.666053       0.717826
            564         30.620        100.225       0.765986       0.717826
            565         32.391        109.675       0.771998       0.717826
            566          2.712         73.576       0.964449       0.717826
            567         -7.649         97.811       1.084831       0.748508
            568         25.416         72.504       0.740443       0.717826
            569         47.144         55.321       0.539901       0.717826
            570         10.097         31.896       0.759555       0.717826
            571         26.243         88.512       0.771311       0.717826
            572         18.289         66.805       0.785071       0.717826
            573         36.845         93.978       0.718359       0.717826
            574         41.638         46.129       0.525581       0.717826
            575         41.574         45.440       0.522216       0.717826
            576         32.169         52.684       0.620889       0.717826
            577         24.493         91.858       0.789491       0.717826
            578         48.808         10.673       0.179436       0.748508
            579         20.543         78.779       0.793165       0.717826
            580         37.181         64.881       0.635703       0.717826
            581          4.319         52.290       0.923700       0.717826
            582         24.757         75.913       0.754080       0.717826
            583         -0.224         99.367       1.002256       0.748508
            584         42.663         44.671       0.511501       0.717826
            585          5.248         30.995       0.855200       0.717826
            586         35.998         77.269       0.682182       0.717826
            587         46.327         51.579       0.526820       0.717826
            588         36.603        109.374       0.749256       0.717826
            589         44.762         81.809       0.646345       0.717826
            590         30.249         53.400       0.638382       0.717826
            591         32.637        105.490       0.763718       0.717826
            592         14.707         35.368       0.706294       0.717826
            593         19.233         23.798       0.553042       0.717826
            594         42.657         58.672       0.579028       0.717826
            595         55.188         58.118       0.512931       0.717826
            596         24.217         60.288       0.713422       0.717826
            597         15.416        115.588       0.882326       0.717826
            598         15.659         60.468       0.794303       0.717826
            599         30.305        142.883       0.825015       0.717826
            600         30.403         85.254       0.737127       0.717826
            601         51.239         81.237       0.613218       0.717826
            602         15.378         86.746       0.849421       0.717826
            603         18.759         77.521       0.805162       0.717826
            604          2.786         82.822       0.967461       0.717826
            605         27.917         93.597       0.770254       0.717826
            606         53.322        106.817       0.667024       0.717826
            607         38.044        140.357       0.786748       0.717826
            608         48.423         26.374       0.352604       0.748508
            609         31.234         37.631       0.546445       0.717826
            610         59.469         47.318       0.443107       0.717826
            611         15.347         92.635       0.857872       0.717826
            612         48.500         69.552       0.589163       0.717826
            613         23.834         45.820       0.657819       0.717826
            614         11.873         45.088       0.791554       0.717826
            615          9.199        112.133       0.924183       0.717826
            616         28.770         23.386       0.448386       0.717826
            617         32.643         53.808       0.622410       0.717826
            618         45.728         67.022       0.594431       0.717826
            619         17.553         77.716       0.815750       0.717826
            620         88.887         82.999       0.482871       0.717826
            621         24.835         77.747       0.757899       0.717826
            622         30.907        120.518       0.795895       0.717826
            623         13.126         48.559       0.787211       0.717826
            624          5.587         73.492       0.929353       0.717826
            625         19.335         57.494       0.748334       0.717826
            626         19.613         93.708       0.826927       0.717826
            627         26.696        110.729       0.805743       0.717826
            628         20.669         81.421       0.797544       0.717826
            629         -0.233         80.178       1.002921       0.748508
            630          6.008         11.856       0.663704       0.717826
            631         15.220         25.421       0.625496       0.717826
            632         24.456         69.811       0.740569       0.717826
            633         16.222         33.951       0.676684       0.717826
            634         11.761         91.993       0.886647       0.717826
            635         42.673         70.223       0.622013       0.717826
            636        -13.303         83.576       1.189304       0.748508
            637        -18.375         78.549       1.305363       0.748508
            638         27.359        104.457       0.792445       0.717826
            639         50.309         26.208       0.342515       0.748508
            640         26.163         51.123       0.661480       0.717826
            641          8.764         55.112       0.862789       0.717826
            642         10.451         50.109       0.827426       0.717826
            643         36.735         42.625       0.537113       0.717826
            644         16.352         37.856       0.698354       0.717826
            645         -7.208         58.992       1.139194       0.748508
            646         12.160        100.843       0.892390       0.717826
            647         34.983         35.359       0.502669       0.717826
            648         14.272         26.036       0.645930       0.717826
            649         44.078         42.121       0.488648       0.717826
            650         16.208         93.443       0.852183       0.717826
            651         11.806         91.220       0.885406       0.717826
            652         -7.532         40.754       1.226723       0.748508
            653         51.198         53.668       0.511779       0.717826
            654         37.495         46.186       0.551926       0.717826
            655         32.439         80.777       0.713473       0.717826
            656         43.284         32.390       0.428020       0.717826
            657         18.533         34.285       0.649111       0.717826
            658         39.331         62.948       0.615454       0.717826
            659          0.492         77.125       0.993668       0.717826
            660         39.195         88.099       0.692092       0.717826
            661         35.292         52.802       0.599379       0.717826
            662         44.434         34.310       0.435720       0.717826
            663         -8.698         56.975       1.180171       0.748508
            664         44.402        118.515       0.727455       0.717826
            665         64.804         29.205       0.310665       0.748508
            666         32.901         61.642       0.651997       0.717826
            667         54.232         54.911       0.503107       0.717826
            668         43.524         97.236       0.690794       0.717826
            669          5.187         87.416       0.943985       0.717826
            670         10.482        122.543       0.921200       0.717826
            671         50.090        121.213       0.707595       0.717826
            672         51.631         46.294       0.472747       0.717826
            673         38.501         35.470       0.479514       0.717826
            674         16.946        108.808       0.865242       0.717826
            675         35.803         -2.126      -0.063143       0.748508
            676         19.269         27.908       0.591564       0.717826
            677          3.572         87.378       0.960724       0.717826
            678         26.505         68.259       0.720308       0.717826
            679         11.742        106.990       0.901105       0.717826
            680         35.950        104.210       0.743506       0.717826
            681         12.050         14.238       0.541616       0.717826
            682         28.453         89.838       0.759464       0.717826
            683         37.155         81.644       0.687247       0.717826
            684         -6.976         39.351       1.215456       0.748508
            685         18.205        108.338       0.856136       0.717826
            686         23.734        105.820       0.816800       0.717826
            687         38.715         83.425       0.683027       0.717826
            688         25.881         95.803       0.787312       0.717826
            689         14.664         66.326       0.818938       0.717826
            690         23.327        113.906       0.830020       0.717826
            691         34.176         86.922       0.717783       0.717826
            692         42.453         60.019       0.585714       0.717826
            693         19.175        114.457       0.856509       0.717826
            694         30.023        144.328       0.827803       0.717826
            695         15.660         52.368       0.769798       0.717826
            696         42.878         45.939       0.517230       0.717826
            697         14.050        112.068       0.888595       0.717826
            698         16.992         60.736       0.781392       0.717826
            699          1.416        109.028       0.987181       0.717826
            700         14.171         44.449       0.758253       0.717826
            701          5.183         95.355       0.948448       0.717826
            702         12.581        132.321       0.913177       0.717826
            703         36.262         62.990       0.634646       0.717826
            704         20.625         96.270       0.823562       0.717826
            705         11.848         83.470       0.875697       0.717826
            706          5.311         12.565       0.702896       0.717826
            707         21.652         75.980       0.778224       0.717826
            708         32.195         56.512       0.637059       0.717826
            709          4.305        111.303       0.962760       0.717826
            710          1.106         68.097       0.984017       0.717826
            711         22.351         77.468       0.776089       0.717826
            712         27.533         83.578       0.752201       0.717826
            713         53.262         44.645       0.455994       0.717826
            714         53.353         58.010       0.520909       0.717826
            715         22.617         83.032       0.785921       0.717826
            716         39.104         73.276       0.652038       0.717826
            717          5.283         78.961       0.937293       0.717826
            718         35.639         49.231       0.580078       0.717826
            719         32.133         80.372       0.714387       0.717826
            720         46.077         24.199       0.344344       0.748508
            721         42.502         74.946       0.638118       0.717826
            722         35.338         57.860       0.620829       0.717826
            723         49.449        117.871       0.704463       0.717826
            724         24.554         94.414       0.793608       0.717826
            725         18.410         48.202       0.723626       0.717826
            726         35.294         55.462       0.611110       0.717826
            727         -0.803         33.410       1.024630       0.748508
            728         23.405         67.732       0.743188       0.717826
            729         31.985        117.806       0.786471       0.717826
            730         48.747         91.908       0.653428       0.717826
            731         24.222         71.170       0.746081       0.717826
            732         54.601        116.089       0.680115       0.717826
            733        -23.915        104.834       1.295550       0.748508
            734         -5.959        126.908       1.049266       0.717826
            735          6.885         80.525       0.921236       0.717826
            736          2.770         -7.855       1.544604       0.748508
            737          6.528         70.178       0.914897       0.717826
            738         16.466         78.616       0.826828       0.717826
            739         -0.628         89.126       1.007100       0.748508
            740         35.083         84.126       0.705703       0.717826
            741          3.583         54.078       0.937861       0.717826
            742         31.759         84.009       0.725668       0.717826
            743         19.203         88.417       0.821566       0.717826
            744         31.179        104.557       0.770298       0.717826
            745         11.517         74.660       0.866356       0.717826
            746         32.269         59.782       0.649445       0.717826
            747          8.712         84.418       0.906449       0.717826
            748         44.425         60.694       0.577387       0.717826
            749         27.380         65.067       0.703826       0.717826
            750         41.843         56.257       0.573462       0.717826
            751         50.441         57.839       0.534159       0.717826
            752         21.933         66.709       0.752570       0.717826
            753         28.419         86.988       0.753753       0.717826
            754         62.301         94.166       0.601825       0.717826
            755         54.755         51.139       0.482925       0.717826
            756         46.993         50.547       0.518219       0.717826
            757         12.403          1.657       0.117861       0.748508
            758         -9.667        131.129       1.079591       0.717826
            759         61.458         75.020       0.549686       0.717826
            760         51.807         21.924       0.297351       0.748508
            761          3.456         87.804       0.962125       0.717826
            762         56.140         98.705       0.637444       0.717826
            763         30.928         68.429       0.688718       0.717826
            764         70.035         56.068       0.444620       0.717826
            765         26.600        134.958       0.835351       0.717826
            766         -5.527         32.231       1.206987       0.748508
            767         28.376         96.821       0.773350       0.717826
            768         41.090         36.979       0.473670       0.717826
            769         32.206         80.346       0.713860       0.717826
            770         26.379         33.995       0.563073       0.717826
            771         24.593         47.730       0.659956       0.717826
            772         33.132         60.483       0.646085       0.717826
            773         27.756         35.221       0.559269       0.717826
            774         52.154        106.045       0.670324       0.717826
            775         23.216         97.886       0.808296       0.717826
            776         42.150         75.295       0.641105       0.717826
            777         36.074        120.754       0.769976       0.717826
            778         64.130         88.443       0.579676       0.717826
            779         31.632        115.839       0.785502       0.717826
            780         50.033         69.813       0.582524       0.717826
            781          9.339         60.182       0.865672       0.717826
            782         10.624         51.351       0.828582       0.717826
            783          3.742        112.018       0.967678       0.717826
            784         -4.690         60.269       1.084388       0.748508
            785         21.854         70.129       0.762414       0.717826
            786         54.037         67.411       0.555063       0.717826
            787         42.445         44.805       0.513526       0.717826
            788         17.377         64.522       0.787822       0.717826
            789         14.188         57.960       0.803349       0.717826
            790         17.714         71.661       0.801800       0.717826
            791         25.427         24.474       0.490445       0.717826
            792         16.792         75.373       0.817802       0.717826
            793          2.590         66.811       0.962684       0.717826
            794         72.398         98.831       0.577187       0.717826
            795         50.876         87.662       0.632767       0.717826
            796         20.288         -0.534      -0.027044       0.748508
            797         39.367         77.789       0.663980       0.717826
            798         25.126         79.625       0.760138       0.717826
            799         51.543         46.007       0.471626       0.717826
            800         31.441         55.333       0.637666       0.717826
            801         69.366         40.180       0.366788       0.748508
            802         11.079         80.064       0.878441       0.717826
            803         -8.988         33.410       1.368025       0.748508
            804         28.435        -15.556      -1.207900       1.824160
            805         19.717         37.224       0.653728       0.717826
            806         32.834         79.028       0.706478       0.717826
            807         16.719         28.514       0.630384       0.717826
            808         13.532         62.451       0.821910       0.717826
            809         52.978         71.408       0.574087       0.717826
            810         41.476         57.699       0.581792       0.717826
            811         13.843        120.603       0.897038       0.717826
            812         34.734         17.931       0.340469       0.748508
            813         38.423         97.590       0.717505       0.717826
            814         46.953         79.910       0.629890       0.717826
            815         27.059         99.733       0.786587       0.717826
            816         27.263         61.472       0.692755       0.717826
            817         17.713         44.181       0.713814       0.717826
            818         30.952         90.076       0.744260       0.717826
            819         71.479         46.703       0.395177       0.748508
            820         58.944         53.721       0.476822       0.717826
            821         34.831        100.315       0.742271       0.717826
            822         44.526        107.974       0.708026       0.717826
            823         26.330        121.713       0.822144       0.717826
            824         32.669         47.651       0.593266       0.717826
            825        -12.912         78.676       1.196333       0.748508
            826          7.720         67.788       0.897760       0.717826
            827         29.194        111.025       0.791795       0.717826
            828         19.660         74.415       0.791023       0.717826
            829         -1.112         48.698       1.023371       0.748508
            830         16.576        112.318       0.871400       0.717826
            831          7.772        107.790       0.932747       0.717826
            832         33.454        122.817       0.785923       0.717826
            833         49.054        105.420       0.682447       0.717826
            834          5.051        123.396       0.960679       0.717826
            835         19.049        110.208       0.852626       0.717826
            836         42.617         71.001       0.624907       0.717826
            837         12.704         30.465       0.705720       0.717826
            838         46.077         62.967       0.577445       0.717826
            839         36.879         47.976       0.565384       0.717826
            840          3.086        121.588       0.975247       0.717826
            841         32.356         69.094       0.681066       0.717826
            842         41.963        116.617       0.735383       0.717826
            843         20.861         71.137       0.773247       0.717826
            844         31.876         93.318       0.745388       0.717826
            845          7.733         81.158       0.913007       0.717826
            846          4.991          1.297       0.206310       0.748508
            847         12.419         71.026       0.851172       0.717826
            848         40.569        109.936       0.730447       0.717826
            849         54.563        111.174       0.670785       0.717826
            850         33.282         78.934       0.703411       0.717826
            851         25.815         78.120       0.751621       0.717826
            852         19.177         62.031       0.763852       0.717826
            853         35.686         38.899       0.521538       0.717826
            854         33.856        119.013       0.778527       0.717826
            855          7.417         89.709       0.923632       0.717826
            856        -16.613        112.816       1.172688       0.748508
            857         32.367         83.107       0.719702       0.717826
            858         39.094         45.778       0.539377       0.717826
            859         23.784         68.314       0.741755       0.717826
            860         42.221         39.723       0.484755       0.717826
            861         -6.047         26.879       1.290286       0.748508
            862         20.025        129.757       0.866306       0.717826
            863         26.898         66.530       0.712099       0.717826
            864         22.797         82.187       0.782854       0.717826
            865         12.669         59.159       0.823623       0.717826
            866         29.969         80.761       0.729354       0.717826
            867         29.840         55.210       0.649148       0.717826
            868          9.697        111.834       0.920207       0.717826
            869         45.273        145.902       0.763184       0.717826
            870         32.425         72.344       0.690512       0.717826
            871         45.391         44.834       0.496913       0.717826
            872         20.070         43.296       0.683270       0.717826
            873         24.237         52.657       0.684797       0.717826
            874         46.435         45.965       0.497458       0.717826
            875         12.201         88.745       0.879133       0.717826
            876         26.373         38.614       0.594179       0.717826
            877         30.817         61.654       0.666737       0.717826
            878         42.237         41.960       0.498360       0.717826
            879         49.560         78.220       0.612146       0.717826
            880         84.397         45.417       0.349862       0.748508
            881         40.689        131.736       0.764019       0.717826
            882          5.594         87.897       0.940161       0.717826
            883         28.573         83.246       0.744475       0.717826
            884         52.478          6.292       0.107069       0.748508
            885         15.060         99.709       0.868783       0.717826
            886         38.875         74.826       0.658094       0.717826
            887         18.173         70.172       0.794291       0.717826
            888         44.663         43.384       0.492734       0.717826
            889          5.343         66.988       0.926136       0.717826
            890         12.904         97.478       0.883099       0.717826
            891         50.025         44.985       0.473475       0.717826
            892        -25.931         84.839       1.440200       0.748508
            893         42.381         26.367       0.383529       0.717826
            894         33.622        100.122       0.748612       0.717826
            895         48.883          0.565       0.011431       0.748508
            896         42.598         74.801       0.637150       0.717826
            897         43.861         89.174       0.670305       0.717826
            898         64.629         30.059       0.317456       0.748508
            899         59.668         60.931       0.505238       0.717826
            900         35.621         89.049       0.714277       0.717826
            901         12.426         52.593       0.808892       0.717826
            902         39.690         37.884       0.488359       0.717826
            903         17.718         67.188       0.791322       0.717826
            904          6.129         60.196       0.907586       0.717826
            905         65.417         69.533       0.515249       0.717826
            906        -10.280         14.212       3.614668       1.824160
            907         53.825         81.148       0.601214       0.717826
            908         16.854         47.071       0.736342       0.717826
            909         18.735         77.800       0.805930       0.717826
            910         42.428         98.233       0.698366       0.717826
            911          4.350         96.054       0.956673       0.717826
            912          6.426         49.427       0.884953       0.717826
            913         26.282         27.510       0.511420       0.717826
            914         37.072         53.554       0.590930       0.717826
            915          4.879         33.651       0.873378       0.717826
            916         38.606         67.815       0.637233       0.717826
            917         23.152          1.098       0.045268       0.748508
            918         39.484         50.757       0.562459       0.717826
            919         -9.166         84.090       1.122337       0.748508
            920         22.046         87.631       0.798989       0.717826
            921         32.526        118.956       0.785284       0.717826
            922         22.194        118.274       0.842000       0.717826
            923         32.190         13.959       0.302476       0.748508
            924         14.840         84.167       0.850114       0.717826
            925        -10.142         40.834       1.330421       0.748508
            926         38.651         57.298       0.597171       0.717826
            927         20.962         53.498       0.718480       0.717826
            928         21.685         51.154       0.702286       0.717826
            929         -1.325         94.847       1.014167       0.748508
            930         10.162         88.226       0.896715       0.717826
            931         37.985         39.966       0.512706       0.717826
            932         22.309        108.780       0.829815       0.717826
            933         14.967         50.942       0.772915       0.717826
            934         37.543         97.427       0.721843       0.717826
            935         12.731         51.266       0.801072       0.717826
            936         25.865        104.101       0.800987       0.717826
            937        -15.313        112.918       1.156891       0.748508
            938         21.726         48.510       0.690672       0.717826
            939         27.139         57.735       0.680245       0.717826
            940         74.636         33.084       0.307126       0.748508
            941         23.536         52.819       0.691750       0.717826
            942         29.769        115.348       0.794862       0.717826
            943         16.929        103.868       0.859856       0.717826
            944          3.075         61.689       0.952522       0.717826
            945          5.408         63.694       0.921743       0.717826
            946        -11.249         34.288       1.488295       0.748508
            947         44.336        100.237       0.693329       0.717826
            948         38.937         77.306       0.665038       0.717826
            949         17.546         83.225       0.825886       0.717826
            950         48.742         36.790       0.430134       0.717826
            951         21.072         71.454       0.772263       0.717826
            952         30.046        108.192       0.782649       0.717826
            953         55.523        120.933       0.685345       0.717826
            954         24.140         52.553       0.685233       0.717826
            955         72.076         70.955       0.496081       0.717826
            956         50.437        103.473       0.672294       0.717826
            957         45.339         75.645       0.625248       0.717826
            958         25.282        106.317       0.807889       0.717826
            959         30.124        119.377       0.798502       0.717826
            960         16.263         58.628       0.782843       0.717826
            961        -12.925         56.688       1.295333       0.748508
            962         21.958         49.885       0.694365       0.717826
            963          3.369         75.458       0.957263       0.717826
            964         13.477         61.090       0.819261       0.717826
            965         28.687         51.644       0.642889       0.717826
            966         12.905         77.886       0.857862       0.717826
            967         43.678         38.175       0.466380       0.717826
            968          9.380         71.934       0.884642       0.717826
            969         45.955         51.730       0.529562       0.717826
            970         39.603         42.473       0.517483       0.717826
            971         13.773         79.941       0.853029       0.717826
            972         26.479         45.837       0.633846       0.717826
            973         65.779        109.379       0.624457       0.717826
            974         25.172         35.577       0.585637       0.717826
            975         30.704         96.565       0.758744       0.717826
            976         25.148         83.364       0.768250       0.717826
            977         26.779         79.461       0.747941       0.717826
            978         29.090         66.145       0.694546       0.717826
            979          3.577         68.556       0.950409       0.717826
            980         55.403         60.558       0.522228       0.717826
            981         41.266         49.487       0.545294       0.717826
            982         44.341         24.155       0.352651       0.748508
            983         26.033         24.893       0.488810       0.717826
            984         29.522         44.099       0.599001       0.717826
            985         46.439         83.589       0.642856       0.717826
            986         29.077         58.729       0.668849       0.717826
            987         31.257         77.390       0.712306       0.717826
            988         40.439        120.918       0.749382       0.717826
            989         55.026         37.686       0.406487       0.748508
            990         46.795         56.463       0.546814       0.717826
            991         56.641         76.440       0.574385       0.717826
            992         29.240         79.448       0.730972       0.717826
            993          6.319        128.307       0.953060       0.717826
            994          0.902         94.323       0.990528       0.717826
            995         49.304        135.328       0.732963       0.717826
            996          8.002         94.418       0.921870       0.717826
            997         84.618         36.333       0.300394       0.748508
            998         19.900        108.285       0.844758       0.717826
            999         20.343         86.170       0.809007       0.717826
           1000         27.162        120.542       0.816107       0.717826
