              1         58.108         76.772       0.569184       0.724807
              2         47.637        111.171       0.700032       0.724807
              3         44.574         66.948       0.600312       0.724807
              4         20.185         63.543       0.758923       0.724807
              5         34.406         75.492       0.686929       0.724807
              6         19.838         63.355       0.761548       0.724807
              7         33.019         62.537       0.654457       0.724807
              8         19.306         66.730       0.775605       0.724807
              9         -5.706         67.855       1.091805       0.732480
             10         40.987         85.266       0.675360       0.724807
             11         11.101         79.881       0.877987       0.724807
             12         26.076         28.944       0.526061       0.724807
             13         -9.634         70.960       1.157091       0.732480
             14         22.936         49.984       0.685460       0.724807
             15         58.618         75.494       0.562917       0.724807
             16        -12.213         60.597       1.252430       0.732480
             17         32.000         69.719       0.685409       0.724807
             18         39.680        111.141       0.736908       0.724807
             19         20.290         86.083       0.809257       0.724807
             20         38.245         56.555       0.596574       0.724807
             21          3.198        101.129       0.969345       0.724807
             22         55.693         96.874       0.634959       0.724807
             23          9.695         78.634       0.890239       0.724807
             24         26.110         46.632       0.641057       0.724807
             25         32.539         46.106       0.586256       0.724807
             26          3.253        100.616       0.968684       0.724807
             27        -10.455        115.224       1.099795       0.732480
             28         21.101         85.594       0.802232       0.724807
             29         26.663         54.902       0.673104       0.724807
             30         20.886         12.369       0.371952       0.732480
             31          5.963         46.058       0.885377       0.724807
             32         25.801         26.800       0.509492       0.724807
             33        -21.562         78.972       1.375578       0.732480
             34         44.096         44.277       0.501022       0.724807
             35         24.803         83.150       0.770241       0.724807
             36         36.047        112.289       0.756990       0.724807
             37         13.585         76.443       0.849098       0.724807
             38         -3.754         62.604       1.063787       0.724807
             39         36.499         52.276       0.588855       0.724807
             40         37.703         66.302       0.637487       0.724807
             41         62.650        126.394       0.668597       0.724807
             42         23.304         44.652       0.657072       0.724807
             43         42.510        119.067       0.736904       0.724807
             44         26.952         54.720       0.669994       0.724807
             45         56.090        101.569       0.644230       0.724807
             46         56.460        129.818       0.696906       0.724807
             47          9.298         42.284       0.819741       0.724807
             48         18.685         70.676       0.790908       0.724807
             49         27.316         74.739       0.732345       0.724807
             50         -5.386         89.206       1.064259       0.724807
             51         30.435         89.752       0.746770       0.724807
             52         49.019         62.549       0.560635       0.724807
             53         71.630         97.295       0.575965       0.724807
             54         34.938         66.097       0.654198       0.724807
             55         32.236         52.512       0.619626       0.724807
             56         44.199         65.095       0.595595       0.724807
             57         16.335         82.706       0.835072       0.724807
             58         -5.726        122.222       1.049150       0.724807
             59          6.064         63.999       0.913447       0.724807
             60        -15.056         83.041       1.221458       0.732480
             61         21.467         76.258       0.780337       0.724807
             62         34.506         48.777       0.585676       0.724807
             63          7.230        -11.464       2.707581      -0.928672
             64         31.855         43.658       0.578148       0.724807
             65         71.094         28.778       0.288146       0.732480
             66         44.877         44.163       0.495989       0.724807
             67         17.812         64.860       0.784550       0.724807
             68         56.421         73.062       0.564258       0.724807
             69         22.311        102.016       0.820549       0.724807
             70         30.495         72.058       0.702643       0.724807
             71         42.124          4.150       0.089688       0.732480
             72         -9.884         68.114       1.169749       0.732480
             73          5.929         81.947       0.932528       0.724807
             74          5.133         44.288       0.896129       0.724807
             75         35.744         19.290       0.350511       0.732480
             76          6.524         92.132       0.933875       0.724807
             77         -5.514         94.270       1.062131       0.724807
             78         23.767         66.828       0.737654       0.724807
             79         16.937         87.010       0.837060       0.724807
             80         29.144         20.410       0.411882       0.724807
             81         33.536         78.023       0.699386       0.724807
             82         74.564         76.791       0.507355       0.724807
             83         10.285         98.360       0.905338       0.724807
             84         26.763         78.948       0.746832       0.724807
             85         54.930         98.799       0.642682       0.724807
             86         26.866         85.809       0.761560       0.724807
             87         33.299         38.761       0.537902       0.724807
             88         55.546         79.967       0.590106       0.724807
             89         45.266         86.722       0.657048       0.724807
             90         25.973         99.741       0.793399       0.724807
             91         91.861        105.636       0.534874       0.724807
             92         53.804         46.116       0.461532       0.724807
             93         11.267         58.106       0.837588       0.724807
             94         40.661         97.248       0.705162       0.724807
             95         23.114         56.788       0.710724       0.724807
             96         -6.464         85.183       1.082120       0.732480
             97         87.600         89.017       0.504011       0.724807
             98         29.347         57.662       0.662717       0.724807
             99         30.926         79.626       0.720262       0.724807
            100         34.223        123.665       0.783247       0.724807
            101         65.997         57.046       0.463626       0.724807
            102         57.721         42.678       0.425082       0.724807
            103         27.204         98.417       0.783445       0.724807
            104         32.100         35.672       0.526352       0.724807
            105         67.056         38.197       0.362907       0.732480
            106          2.764        161.086       0.983130       0.724807
            107         51.705         74.399       0.589983       0.724807
            108         28.517         41.811       0.594516       0.724807
            109         44.493         95.537       0.682260       0.724807
            110         75.462         30.605       0.288545       0.732480
            111          6.560         79.170       0.923481       0.724807
            112         21.395         53.000       0.712408       0.724807
            113         13.070        103.114       0.887508       0.724807
            114         56.195          3.481       0.058333       0.732480
            115         53.027         52.221       0.496173       0.724807
            116         59.261         42.788       0.419291       0.724807
            117         17.956        136.316       0.883605       0.724807
            118         15.721         64.905       0.805009       0.724807
            119         22.948         85.823       0.789028       0.724807
            120         -6.183         32.760       1.232652       0.732480
            121         39.849         41.292       0.508893       0.724807
            122         51.011         98.954       0.659848       0.724807
            123         82.679         83.208       0.501594       0.724807
            124         15.906         -0.986      -0.066094       0.732480
            125         -5.344         33.862       1.187400       0.732480
            126         25.786         63.281       0.710490       0.724807
            127         19.888        108.964       0.845651       0.724807
            128         47.864         38.222       0.443995       0.724807
            129         21.719         94.763       0.813543       0.724807
            130         52.196         54.831       0.512314       0.724807
            131         44.152         84.048       0.655599       0.724807
            132         31.102         40.796       0.567414       0.724807
            133         28.132         86.583       0.754766       0.724807
            134         42.667         45.212       0.514483       0.724807
            135         10.853        107.551       0.908341       0.724807
            136          4.305        100.475       0.958911       0.724807
            137         50.165        125.064       0.713718       0.724807
            138          0.435         87.463       0.995048       0.724807
            139          2.469         96.413       0.975030       0.724807
            140          3.436        107.205       0.968948       0.724807
            141         38.731        110.251       0.740026       0.724807
            142         66.680         65.012       0.493664       0.724807
            143         54.581         74.807       0.578163       0.724807
            144         35.669         56.992       0.615060       0.724807
            145         20.760         88.028       0.809173       0.724807
            146         12.128         82.106       0.871303       0.724807
            147          5.687         43.556       0.884521       0.724807
            148         28.383         88.221       0.756586       0.724807
            149         10.568         68.017       0.865520       0.724807
            150         57.083         90.345       0.612805       0.724807
            151         23.782         68.572       0.742493       0.724807
            152         15.869         81.739       0.837421       0.724807
            153         22.449         62.481       0.735677       0.724807
            154         23.208         94.956       0.803595       0.724807
            155         -2.878         92.272       1.032195       0.724807
            156         87.141         78.264       0.473167       0.724807
            157         39.294         18.832       0.323988       0.732480
            158         49.339         53.515       0.520301       0.724807
            159         11.868         14.030       0.541744       0.724807
            160         31.531         90.624       0.741879       0.724807
            161          9.392         58.502       0.861667       0.724807
            162         -4.514         34.294       1.151581       0.732480
            163         28.480         86.304       0.751880       0.724807
            164          6.840         76.681       0.918109       0.724807
            165         10.414         60.975       0.854118       0.724807
            166          4.511         23.791       0.840612       0.724807
            167         30.187        102.073       0.771758       0.724807
            168         39.595         20.388       0.339890       0.732480
            169         18.373         26.395       0.589594       0.724807
            170         22.253         23.562       0.514296       0.724807
            171          0.392         98.904       0.996053       0.724807
            172         31.142        116.010       0.788369       0.724807
            173         58.707         64.001       0.521571       0.724807
            174         41.804        109.579       0.723852       0.724807
            175          9.895         37.745       0.792291       0.724807
            176         46.620         90.418       0.659802       0.724807
            177         11.799        126.262       0.914537       0.724807
            178         50.950         44.064       0.463765       0.724807
            179        -23.213         35.524       2.885503      -0.928672
            180         39.882         36.249       0.476141       0.732480
            181          8.226        121.530       0.936602       0.724807
            182         -0.192         67.848       1.002840       0.732480
            183         17.312        -18.221      20.034899      -0.928672
            184         66.247         56.181       0.458891       0.732480
            185          5.964        103.556       0.945545       0.724807
            186         30.766         73.619       0.705266       0.724807
            187         41.943         59.126       0.585008       0.724807
            188         45.763         71.923       0.611144       0.724807
            189         34.629         12.408       0.263792       0.732480
            190         55.099          4.162       0.070229       0.732480
            191         36.590         73.070       0.666332       0.724807
            192         68.363         49.283       0.418910       0.724807
            193         39.486        109.605       0.735156       0.724807
            194          7.954         37.384       0.824567       0.724807
            195         43.097         44.912       0.510315       0.724807
            196         36.738         73.966       0.668142       0.724807
            197         38.900         57.756       0.597539       0.724807
            198        -15.095         91.746       1.196927       0.732480
            199         77.453        117.041       0.601772       0.724807
            200         39.526        116.461       0.746607       0.724807
            201          9.067         59.054       0.866900       0.724807
            202         36.114         73.186       0.669589       0.724807
            203         -5.526        120.252       1.048165       0.724807
            204         23.665        121.247       0.836696       0.724807
            205         23.813        115.774       0.829406       0.724807
            206         59.910        115.142       0.657758       0.724807
            207          0.002         84.937       0.999980       0.724807
            208         21.881         82.046       0.789455       0.724807
            209         21.784         58.811       0.729711       0.724807
            210         24.534         68.716       0.736904       0.724807
            211         53.827          9.712       0.152847       0.732480
            212         24.710         62.240       0.715810       0.724807
            213         38.715        136.352       0.778856       0.724807
            214         35.997         35.916       0.499437       0.724807
            215         35.967         -5.508      -0.180848       0.732480
            216          1.044         45.276       0.977458       0.724807
            217         67.981        103.316       0.603139       0.724807
            218         34.351        106.895       0.756800       0.724807
            219         38.725         75.649       0.661420       0.724807
            220         26.662         56.766       0.680420       0.724807
            221         54.329         60.325       0.526149       0.724807
            222         46.006         75.313       0.620784       0.724807
            223         15.532         47.533       0.753710       0.724807
            224         17.042         77.751       0.820219       0.724807
            225         12.254         12.275       0.500418       0.724807
            226         29.870        152.546       0.836255       0.724807
            227         14.821         81.273       0.845769       0.724807
            228         44.792         48.452       0.519623       0.724807
            229         19.444         38.077       0.661963       0.724807
            230         44.253         53.251       0.546140       0.724807
            231         53.545         77.746       0.592168       0.724807
            232         45.224         24.993       0.355944       0.732480
            233        -11.206         64.736       1.209335       0.732480
            234         43.843         85.946       0.662196       0.724807
            235         41.592         50.661       0.549151       0.724807
            236         30.000         74.729       0.713548       0.724807
            237         37.509         53.869       0.589522       0.724807
            238         43.988         70.420       0.615514       0.724807
            239         12.857        137.106       0.914263       0.724807
            240         17.535         46.118       0.724522       0.724807
            241          4.824         28.920       0.857047       0.724807
            242         41.355         82.417       0.665879       0.724807
            243         29.867         77.257       0.721191       0.724807
            244         10.342         47.543       0.821342       0.724807
            245         19.456         48.893       0.715347       0.724807
            246         39.715         49.879       0.556723       0.724807
            247         30.308         75.289       0.712983       0.724807
            248         62.330         28.949       0.317147       0.732480
            249         43.849         99.415       0.693927       0.724807
            250          8.662        135.386       0.939870       0.724807
            251         24.585         14.208       0.366247       0.732480
            252          5.488         92.421       0.943944       0.724807
            253         28.047        125.550       0.817399       0.724807
            254         -0.257         57.190       1.004517       0.724807
            255         39.327         39.463       0.500866       0.724807
            256        -15.441        112.179       1.159619       0.732480
            257         33.766         73.347       0.684763       0.724807
            258         16.122         84.610       0.839950       0.724807
            259         37.247         73.423       0.663438       0.724807
            260         49.282         69.616       0.585511       0.724807
            261         68.712         66.522       0.491904       0.724807
            262         60.082          5.730       0.087064       0.732480
            263          6.889         48.645       0.875957       0.724807
            264         16.682         92.236       0.846838       0.724807
            265         30.901         50.986       0.622639       0.724807
            266         35.600         97.444       0.732419       0.724807
            267         21.585         24.090       0.527415       0.724807
            268         51.853         77.015       0.597630       0.724807
            269         36.639         66.278       0.643993       0.724807
            270         45.280         40.722       0.473500       0.724807
            271         25.441         60.287       0.703236       0.724807
            272         34.225         83.450       0.709154       0.724807
            273         32.235         63.995       0.665020       0.724807
            274         47.365         11.370       0.193578       0.732480
            275         13.877         70.062       0.834673       0.724807
            276         48.080         70.817       0.595615       0.724807
            277         28.748         47.123       0.621091       0.724807
            278         14.444         33.073       0.696027       0.724807
            279          1.453         97.930       0.985378       0.724807
            280         -5.436         59.205       1.101092       0.732480
            281         54.060         78.562       0.592376       0.724807
            282         76.274         37.034       0.326842       0.732480
            283         14.123         74.430       0.840518       0.724807
            284         61.380        131.764       0.682207       0.724807
            285         36.233         42.675       0.540824       0.724807
            286         -0.309         78.249       1.003960       0.724807
            287         23.358         88.141       0.790512       0.724807
            288         10.843         52.026       0.827528       0.724807
            289        -16.202         76.552       1.268468       0.732480
            290          2.018         13.961       0.873707       0.724807
            291         38.848         58.255       0.599929       0.724807
            292        -13.341         55.792       1.314273       0.732480
            293          5.238         84.694       0.941755       0.724807
            294         38.203         74.950       0.662377       0.724807
            295         26.129        105.352       0.801270       0.724807
            296         -6.918        124.387       1.058888       0.724807
            297          8.288        150.219       0.947712       0.724807
            298         35.017         95.163       0.731010       0.724807
            299         10.112         91.385       0.900369       0.724807
            300         26.278         68.407       0.722470       0.724807
            301         25.148         70.595       0.737342       0.724807
            302         13.929         84.671       0.858735       0.724807
            303         13.842         84.785       0.859651       0.724807
            304         15.928        136.712       0.895651       0.724807
            305         24.525         66.044       0.729211       0.724807
            306         41.696         43.302       0.509444       0.724807
            307         18.111         14.606       0.446428       0.724807
            308        -21.397         85.619       1.333163       0.732480
            309        -11.543        129.598       1.097780       0.732480
            310         34.021         33.473       0.495934       0.724807
            311         28.879        119.530       0.805409       0.724807
            312         32.573         78.286       0.706175       0.724807
            313          3.257         69.340       0.955131       0.724807
            314         23.205         42.141       0.644889       0.724807
            315         43.496         19.553       0.310120       0.732480
            316        -31.082         99.027       1.457454       0.732480
            317         55.117        115.947       0.677796       0.724807
            318         24.586         68.180       0.734970       0.724807
            319          5.634         86.192       0.938647       0.724807
            320         16.795        103.941       0.860893       0.724807
            321          9.063         42.395       0.823876       0.724807
            322         44.847         80.747       0.642921       0.724807
            323         -0.704         45.438       1.015743       0.724807
            324         11.409         78.966       0.873759       0.724807
            325         11.382         46.542       0.803496       0.724807
            326         17.781         43.716       0.710866       0.724807
            327         44.358         86.245       0.660363       0.724807
            328         17.182         33.510       0.661055       0.724807
            329          9.565         55.662       0.853364       0.724807
            330         33.896         73.361       0.683972       0.724807
            331         18.324         61.483       0.770399       0.724807
            332         39.916         51.424       0.562997       0.724807
            333         38.617         66.962       0.634235       0.724807
            334         43.089         10.360       0.193832       0.732480
            335         55.784         54.450       0.493950       0.724807
            336         27.686        132.701       0.827379       0.724807
            337         49.202        121.016       0.710949       0.724807
            338         17.603         78.878       0.817554       0.724807
            339         -8.678         85.480       1.112991       0.732480
            340         41.039        115.313       0.737520       0.724807
            341         42.086         -6.766      -0.191561       0.732480
            342         51.560         90.144       0.636142       0.724807
            343         54.474        166.793       0.753809       0.724807
            344         21.900         72.901       0.768993       0.724807
            345         33.190         70.199       0.678980       0.724807
            346         61.654         93.981       0.603857       0.724807
            347         23.523        -27.591       6.782434      -0.928672
            348         19.577         29.315       0.599592       0.724807
            349         60.707        102.125       0.627182       0.724807
            350          1.407         70.815       0.980513       0.724807
            351         39.259        180.137       0.821059       0.724807
            352         21.495         67.236       0.757750       0.724807
            353         16.148        110.010       0.872001       0.724807
            354         53.436         14.939       0.218483       0.732480
            355         51.012         57.936       0.531773       0.724807
            356         21.329        132.005       0.860900       0.724807
            357          4.897         70.692       0.935221       0.724807
            358         -2.187         37.960       1.061121       0.724807
            359         10.359         41.594       0.800612       0.724807
            360         32.003         58.127       0.644925       0.724807
            361          9.854         75.212       0.884158       0.724807
            362         36.232        103.345       0.740415       0.724807
            363         24.275         55.734       0.696597       0.724807
            364         39.097         89.365       0.695653       0.724807
            365         40.724         52.305       0.562245       0.724807
            366         33.184         66.300       0.666442       0.724807
            367          9.716         41.229       0.809283       0.724807
            368         20.879         34.514       0.623077       0.724807
            369         54.213         46.234       0.460281       0.724807
            370         25.193         97.042       0.793899       0.724807
            371         35.519         40.370       0.531960       0.724807
            372         28.321        133.630       0.825127       0.724807
            373         17.840         61.603       0.775434       0.724807
            374         27.812         49.369       0.639650       0.724807
            375          6.052         25.263       0.806741       0.724807
            376         35.799        101.372       0.739018       0.724807
            377         27.866         72.008       0.720991       0.724807
            378         34.056        133.450       0.796689       0.724807
            379          9.464         56.925       0.857450       0.724807
            380          1.847         64.790       0.972278       0.724807
            381         32.523        112.863       0.776300       0.724807
            382         37.850         84.465       0.690553       0.724807
            383         48.884         41.701       0.460353       0.724807
            384         54.263         52.988       0.494058       0.724807
            385         18.080        109.004       0.857732       0.724807
            386         24.232        144.410       0.856309       0.724807
            387         20.810         70.394       0.771829       0.724807
            388         25.530         56.824       0.689997       0.724807
            389         13.359         23.640       0.638932       0.724807
            390         10.726         78.871       0.880284       0.724807
            391         31.584         29.039       0.479005       0.724807
            392         46.815         77.909       0.624650       0.724807
            393         22.966         39.572       0.632774       0.724807
            394         42.457         66.646       0.610853       0.724807
            395         40.458         69.576       0.632314       0.724807
            396         24.189         63.636       0.724576       0.724807
            397         47.708        127.944       0.728394       0.724807
            398          6.245         27.554       0.815238       0.724807
            399         66.725         81.180       0.548864       0.724807
            400         20.513        125.614       0.859624       0.724807
            401         23.041         60.995       0.725824       0.724807
            402         47.045         50.231       0.516378       0.724807
            403         23.281         88.601       0.791914       0.724807
            404         11.718        113.120       0.906136       0.724807
            405          6.640         63.202       0.904929       0.724807
            406        -22.369         69.392       1.475703       0.732480
            407         39.432         82.144       0.675659       0.724807
            408         54.545         95.884       0.637404       0.724807
            409         48.147         51.717       0.517875       0.724807
            410         27.001         92.661       0.774358       0.724807
            411          4.834         45.923       0.904759       0.724807
            412         23.515         66.090       0.737568       0.724807
            413         29.761        100.632       0.771756       0.724807
            414         52.531        121.041       0.697354       0.724807
            415         61.838          7.521       0.108432       0.732480
            416         36.590         99.929       0.731978       0.724807
            417         72.836        123.373       0.628782       0.724807
            418          3.573         81.027       0.957768       0.724807
            419         28.052         55.147       0.662831       0.724807
            420         42.561        100.018       0.701493       0.724807
            421         15.734        121.867       0.885654       0.724807
            422         42.923        116.963       0.731541       0.724807
            423         10.580         25.854       0.709610       0.724807
            424         29.953         -3.875      -0.148588       0.732480
            425         28.247         44.865       0.613649       0.724807
            426         46.128          1.819       0.037944       0.732480
            427         19.823         55.138       0.735556       0.724807
            428         -7.518         80.988       1.102332       0.732480
            429         10.829         85.054       0.887057       0.724807
            430         23.660         70.591       0.748968       0.724807
            431         25.457         12.045       0.321179       0.732480
            432         52.281         57.500       0.523769       0.724807
            433         73.390        129.113       0.637586       0.724807
            434         30.219         49.240       0.619687       0.724807
            435         22.561         68.757       0.752939       0.724807
            436         46.912         92.501       0.663505       0.724807
            437         35.109         53.806       0.605143       0.724807
            438         21.758         83.920       0.794112       0.724807
            439         31.485         25.668       0.449110       0.724807
            440        -14.225         95.253       1.175553       0.732480
            441         53.444         70.171       0.567658       0.724807
            442         27.703         43.091       0.608683       0.724807
            443         52.076         83.600       0.616175       0.724807
            444         34.509         40.946       0.542655       0.724807
            445         46.928         24.881       0.346486       0.732480
            446         35.171         73.271       0.675672       0.724807
            447         33.682         36.697       0.521419       0.724807
            448        -14.676         50.623       1.408274       0.732480
            449         45.807         21.149       0.315862       0.732480
            450         31.626        118.782       0.789734       0.724807
            451         53.133         45.734       0.462579       0.724807
            452         37.179         -3.881      -0.116564       0.732480
            453         -9.501         75.971       1.142931       0.732480
            454         19.244         55.702       0.743231       0.724807
            455          3.602        121.613       0.971235       0.724807
            456         50.400         61.385       0.549133       0.724807
            457         28.766         68.123       0.703102       0.724807
            458         21.766         -8.279      -0.613792       0.732480
            459         22.830         74.893       0.766378       0.724807
            460         44.241         95.332       0.683027       0.724807
            461        -12.205        111.852       1.122486       0.732480
            462         34.679         63.724       0.647583       0.724807
            463         14.735         20.737       0.584592       0.724807
            464         12.993        124.598       0.905569       0.724807
            465         24.375         67.269       0.734023       0.724807
            466         17.942         15.854       0.469109       0.724807
            467         35.131        104.167       0.747801       0.724807
            468         40.110         38.593       0.490362       0.724807
            469         39.830         37.573       0.485415       0.724807
            470         74.922        107.363       0.588982       0.724807
            471         56.660         78.836       0.581830       0.724807
            472         59.442         46.334       0.438039       0.724807
            473         45.620         64.991       0.587565       0.724807
            474         63.015         58.710       0.482318       0.724807
            475         25.534        100.070       0.796707       0.724807
            476         38.079         86.408       0.694116       0.724807
            477         55.838         25.044       0.309636       0.732480
            478         23.884         96.755       0.802019       0.724807
            479         32.909        118.495       0.782643       0.724807
            480         34.143         36.879       0.519258       0.724807
            481          9.210         27.230       0.747251       0.724807
            482         27.882         82.162       0.746627       0.724807
            483         21.151         11.246       0.347134       0.732480
            484         15.570         88.258       0.850043       0.724807
            485         66.391          5.372       0.074853       0.732480
            486         63.268         45.104       0.416199       0.724807
            487         33.054         49.804       0.601077       0.724807
            488         51.074         43.108       0.457711       0.724807
            489         23.539         34.594       0.595090       0.724807
            490         -1.009         84.125       1.012140       0.724807
            491         23.866         80.104       0.770456       0.724807
            492         29.109         69.195       0.703886       0.724807
            493         55.732         73.348       0.568233       0.724807
            494         -8.485         52.492       1.192816       0.732480
            495         52.596         48.667       0.480598       0.724807
            496         76.252         64.116       0.456769       0.724807
            497         68.244         73.729       0.519318       0.724807
            498         29.078         53.999       0.649983       0.724807
            499         42.170         45.417       0.518540       0.724807
            500         45.614         79.456       0.635290       0.724807
            501         45.540        130.683       0.741576       0.724807
            502         34.400         35.382       0.507033       0.724807
            503        -11.229         63.769       1.213716       0.732480
            504         20.871         93.287       0.817177       0.724807
            505         24.803         83.970       0.771971       0.724807
            506         39.675         18.955       0.323294       0.732480
            507          6.476         18.716       0.742936       0.724807
            508         19.891        122.060       0.859873       0.724807
            509         53.038         60.452       0.532662       0.724807
            510         -6.880        106.267       1.069229       0.732480
            511         40.245         36.911       0.478390       0.724807
            512         14.601        138.797       0.904818       0.724807
            513         34.113        118.859       0.777001       0.724807
            514         44.156         48.314       0.522485       0.724807
            515         51.766         67.843       0.567207       0.724807
            516         26.482        163.546       0.860640       0.724807
            517         27.710         27.219       0.495531       0.724807
            518         56.980         48.233       0.458429       0.724807
            519         37.873         87.534       0.698002       0.724807
            520         67.619         28.368       0.295540       0.732480
            521         66.741        105.222       0.611888       0.724807
            522         48.002         68.324       0.587349       0.724807
            523         62.325         82.085       0.568414       0.724807
            524         37.679         56.089       0.598167       0.724807
            525         -3.585         86.624       1.043174       0.724807
            526         22.283         81.045       0.784348       0.724807
            527         29.825         77.490       0.722077       0.724807
            528         51.045         69.902       0.577958       0.724807
            529         15.927         76.565       0.827806       0.724807
            530         -8.599         74.252       1.130982       0.732480
            531         46.280         56.694       0.550566       0.724807
            532         35.612        107.797       0.751674       0.724807
            533         33.289         67.829       0.670791       0.724807
            534         18.006         82.243       0.820390       0.724807
            535         41.890         76.622       0.646535       0.724807
            536         59.484        -12.064      -0.254417       0.732480
            537         -3.262         48.743       1.071730       0.732480
            538         -3.636        129.014       1.029000       0.724807
            539         28.203         75.223       0.727312       0.724807
            540         33.460         37.974       0.531597       0.724807
            541         16.624         57.920       0.776995       0.724807
            542         18.850         93.331       0.831970       0.724807
            543         -7.226         46.187       1.185460       0.732480
            544         11.551         29.594       0.719270       0.724807
            545         37.309         98.893       0.726079       0.724807
            546         27.842         66.736       0.705620       0.724807
            547         20.298         49.438       0.708934       0.724807
            548         36.961         40.696       0.524052       0.724807
            549         53.106        102.755       0.659272       0.724807
            550         30.523         83.743       0.732876       0.724807
            551          0.977         68.544       0.985943       0.724807
            552          1.219         77.907       0.984599       0.724807
            553        -37.555         51.624       3.669256      -0.928672
            554        -17.600         61.501       1.400894       0.732480
            555         32.935         -4.301      -0.150213       0.732480
            556         33.408        163.903       0.830685       0.724807
            557         39.443         82.227       0.675822       0.724807
            558         59.550         22.176       0.271348       0.732480
            559         51.798         56.632       0.522287       0.724807
            560         30.470         73.918       0.708107       0.724807
            561         53.235         76.533       0.589769       0.724807
            562          4.735         67.535       0.934481       0.724807
            563         34.768         61.249       0.637896       0.724807
            564         52.780         53.087       0.501452       0.724807
            565         21.035         67.703       0.762950       0.724807
            566         34.546         57.862       0.626159       0.724807
            567         21.416          9.650       0.310634       0.732480
            568         46.191        112.756       0.709394       0.724807
            569         41.674         49.251       0.541666       0.724807
            570         53.618        105.029       0.662029       0.724807
            571         10.500         58.804       0.848490       0.724807
            572         34.131         20.957       0.380425       0.724807
            573         46.441         30.563       0.396903       0.724807
            574          3.869        110.295       0.966114       0.724807
            575         43.371         25.456       0.369849       0.732480
            576         40.014         51.201       0.561321       0.724807
            577         24.207         83.149       0.774516       0.724807
            578         37.492         87.525       0.700103       0.724807
            579         37.121         50.488       0.576288       0.724807
            580         54.654         80.643       0.596045       0.724807
            581         33.726         81.918       0.708361       0.724807
            582         31.767         85.744       0.729667       0.724807
            583         52.474         47.674       0.476035       0.724807
            584         23.870         54.408       0.695058       0.724807
            585          1.412         21.455       0.938257       0.724807
            586         19.126        134.642       0.875616       0.724807
            587         15.317         43.322       0.738790       0.724807
            588        -13.021         54.309       1.315357       0.732480
            589         40.719         95.447       0.700959       0.724807
            590         38.108         93.836       0.711178       0.724807
            591         42.523        109.158       0.719655       0.724807
            592          3.320         70.120       0.954792       0.724807
            593         46.227        141.423       0.753652       0.724807
            594         22.966         65.143       0.739347       0.724807
            595          8.688         97.643       0.918292       0.724807
            596         48.488         54.443       0.528927       0.724807
            597         79.443         49.343       0.383143       0.724807
            598         28.597         97.991       0.774095       0.724807
            599         43.814         74.921       0.630992       0.724807
            600          2.350         94.490       0.975728       0.724807
            601         31.802         33.939       0.516250       0.724807
            602          5.644         50.888       0.900162       0.724807
            603         36.154        111.366       0.754923       0.724807
            604          8.533          4.834       0.361649       0.732480
            605          1.498         77.467       0.981028       0.724807
            606         22.895         74.040       0.763809       0.724807
            607         10.278          2.124       0.171240       0.732480
            608          3.527        117.392       0.970835       0.724807
            609         16.042        106.651       0.869248       0.724807
            610         -9.757         53.469       1.223212       0.732480
            611          7.394         78.425       0.913841       0.724807
            612         12.562        139.214       0.917231       0.724807
            613         28.343         99.813       0.778838       0.724807
            614         28.535         31.497       0.524669       0.724807
            615         32.658         63.859       0.661635       0.724807
            616          0.983         82.387       0.988209       0.724807
            617        -21.025        104.255       1.252611       0.732480
            618         32.943         40.875       0.553724       0.724807
            619         23.795         99.360       0.806786       0.724807
            620         20.354         77.838       0.792709       0.724807
            621          6.480        118.759       0.948262       0.724807
            622         54.173        101.832       0.652750       0.724807
            623         -3.286        105.011       1.032300       0.724807
            624         19.098         79.722       0.806736       0.724807
            625         43.064         66.769       0.607916       0.724807
            626         31.905         96.877       0.752257       0.724807
            627         42.554         80.815       0.655067       0.724807
            628         23.871         24.628       0.507802       0.724807
            629        -14.280        100.501       1.165624       0.732480
            630          6.126         73.706       0.923262       0.724807
            631          8.602        110.694       0.927892       0.724807
            632         37.059         72.743       0.662494       0.724807
            633         50.137         48.771       0.493097       0.724807
            634        -11.887         53.618       1.284841       0.732480
            635         20.757         98.916       0.826555       0.724807
            636        -16.669         87.721       1.234604       0.732480
            637         11.641         90.323       0.885834       0.724807
            638         30.987        119.983       0.794748       0.724807
            639         41.763         89.407       0.681612       0.724807
            640         28.495         28.210       0.497487       0.724807
            641         48.271         34.492       0.416756       0.724807
            642         28.470         97.395       0.773805       0.724807
            643          7.566         41.010       0.844239       0.724807
            644         64.678         42.075       0.394133       0.724807
            645         12.952         99.650       0.884972       0.724807
            646          6.717         72.521       0.915232       0.724807
            647         43.977         24.199       0.354949       0.732480
            648         37.266         74.104       0.665383       0.724807
            649         39.488         48.130       0.549318       0.724807
            650          8.390         50.136       0.856649       0.724807
            651         20.177         80.040       0.798666       0.724807
            652         10.614        115.283       0.915691       0.724807
            653         20.213         58.696       0.743848       0.724807
            654         32.977         93.760       0.739801       0.724807
            655         -8.100         38.488       1.266551       0.732480
            656         30.501         82.671       0.730489       0.724807
            657         34.646        188.283       0.844586       0.724807
            658         48.123         96.737       0.667799       0.724807
            659         -2.436         96.072       1.026017       0.724807
            660         26.850        104.908       0.796218       0.724807
            661         48.173         86.518       0.642343       0.724807
            662        -10.189         75.803       1.155289       0.732480
            663         26.878         16.179       0.375755       0.732480
            664         19.179         41.937       0.686189       0.724807
            665         17.312         67.578       0.796063       0.724807
            666          5.908         62.141       0.913184       0.724807
            667        -11.946         69.495       1.207583       0.732480
            668          9.298         41.463       0.816834       0.724807
            669         28.858         48.268       0.625834       0.724807
            670         20.564         53.030       0.720572       0.724807
            671         -5.078         64.524       1.085427       0.732480
            672         34.439         98.808       0.741542       0.724807
            673          3.417        113.790       0.970844       0.724807
            674         38.918         80.053       0.672877       0.724807
            675         19.973         70.631       0.779557       0.724807
            676          2.241        146.222       0.984907       0.724807
            677         18.401         96.812       0.840290       0.724807
            678         33.626        117.791       0.777927       0.724807
            679         10.699         86.491       0.889919       0.724807
            680         27.365         66.759       0.709271       0.724807
            681         -5.869        119.473       1.051665       0.724807
            682         26.560         67.884       0.718778       0.724807
            683         31.130         58.985       0.654552       0.724807
            684         12.134         89.002       0.880024       0.724807
            685         30.612        147.976       0.828588       0.724807
            686         42.796        130.179       0.752588       0.724807
            687         24.616         28.284       0.534675       0.724807
            688         30.015        114.552       0.792382       0.724807
            689         27.518        128.629       0.823769       0.724807
            690         31.204        104.636       0.770288       0.724807
            691          8.498        128.629       0.938030       0.724807
            692         13.213         65.586       0.832323       0.724807
            693         -7.088        103.957       1.073172       0.732480
            694         38.609         47.445       0.551336       0.724807
            695         -8.669         97.729       1.097337       0.732480
            696         38.122        126.889       0.768971       0.724807
            697         37.212         82.131       0.688192       0.724807
            698         50.137         51.419       0.506313       0.724807
            699         34.772         71.923       0.674096       0.724807
            700         18.495         90.697       0.830617       0.724807
            701          8.386         25.922       0.755557       0.724807
            702          3.026         60.285       0.952209       0.724807
            703         13.684        132.984       0.906699       0.724807
            704         34.126         66.624       0.661279       0.724807
            705         44.668         35.981       0.446141       0.724807
            706         24.544         83.863       0.773597       0.724807
            707         -6.597         23.591       1.388195       0.732480
            708         29.904         77.870       0.722530       0.724807
            709         -1.304         35.379       1.038257       0.724807
            710         12.353         28.886       0.700459       0.724807
            711         49.775         48.743       0.494764       0.724807
            712         65.526        115.681       0.638391       0.724807
            713          8.466         64.863       0.884547       0.724807
            714         41.426         73.319       0.638972       0.724807
            715         24.029         89.309       0.787986       0.724807
            716         39.624         95.274       0.706264       0.724807
            717         38.447         70.525       0.647184       0.724807
            718         18.146         99.112       0.845248       0.724807
            719         23.173         59.735       0.720494       0.724807
            720         18.870         73.766       0.796299       0.724807
            721         55.781         82.956       0.597939       0.724807
            722         23.834        127.857       0.842876       0.724807
            723         52.010         89.374       0.632135       0.724807
            724         42.330         60.849       0.589738       0.724807
            725         29.231        111.020       0.791582       0.724807
            726         -2.179         47.046       1.048569       0.724807
            727         -2.170        110.739       1.019988       0.724807
            728          9.192         61.321       0.869639       0.724807
            729         28.126         90.522       0.762949       0.724807
            730         38.977         53.738       0.579608       0.724807
            731         23.301        108.032       0.822580       0.724807
            732         22.142         68.713       0.756295       0.724807
            733         29.553        130.890       0.815803       0.724807
            734         18.292         71.929       0.797251       0.724807
            735        -42.454         49.659       6.892663      -0.928672
            736          3.534         27.108       0.884668       0.724807
            737         76.035         50.599       0.399572       0.724807
            738         41.495         50.475       0.548823       0.724807
            739         -6.895        103.864       1.071101       0.732480
            740         29.123         36.614       0.556975       0.724807
            741        -26.742         77.355       1.528360       0.732480
            742         57.000         52.465       0.479288       0.724807
            743         20.188        127.119       0.862950       0.724807
            744         24.003         61.118       0.718013       0.724807
            745         73.109         28.236       0.278609       0.732480
            746         16.528        124.267       0.882609       0.724807
            747         47.850         66.636       0.582042       0.724807
            748         35.925        112.726       0.758325       0.724807
            749         15.767        102.750       0.866962       0.724807
            750         32.170         56.799       0.638415       0.724807
            751         74.469         46.341       0.383585       0.724807
            752         18.650         34.901       0.651737       0.724807
            753         -8.921         57.193       1.184810       0.732480
            754         52.928         66.555       0.557024       0.724807
            755         36.964         99.834       0.729790       0.724807
            756         -2.364         98.459       1.024597       0.724807
            757         -4.087         77.429       1.055720       0.724807
            758         28.341         61.313       0.683887       0.724807
            759          2.217         76.301       0.971769       0.724807
            760          5.615        104.309       0.948918       0.724807
            761         30.932         84.082       0.731061       0.724807
            762         14.337        105.579       0.880440       0.724807
            763         13.301        153.366       0.920192       0.724807
            764         22.225        100.130       0.818355       0.724807
            765          4.198         67.566       0.941496       0.724807
            766         17.523        146.315       0.893049       0.724807
            767        -22.137        127.062       1.210985       0.732480
            768         12.801         66.860       0.839306       0.724807
            769         24.209         59.772       0.711731       0.724807
            770         35.442        116.883       0.767324       0.724807
            771         20.267         85.134       0.807714       0.724807
            772         24.504        123.762       0.834729       0.724807
            773         12.221        104.817       0.895581       0.724807
            774          3.683         44.951       0.924264       0.724807
            775          0.582         42.917       0.986611       0.724807
            776         17.125         39.022       0.694995       0.724807
            777         17.083         96.159       0.849144       0.724807
            778         54.131        111.057       0.672305       0.724807
            779         14.426         80.713       0.848370       0.724807
            780         34.295         51.570       0.600597       0.724807
            781         30.427         83.335       0.732536       0.724807
            782         47.894         70.277       0.594709       0.724807
            783         42.115         16.393       0.280188       0.732480
            784         26.854          9.082       0.252719       0.732480
            785         13.118         14.629       0.527238       0.724807
            786        -16.836         84.939       1.247221       0.732480
            787        -34.184         42.566       5.078467      -0.928672
            788         50.757         10.107       0.166061       0.732480
            789         48.478          7.206       0.129413       0.732480
            790         11.612         17.762       0.604672       0.724807
            791         24.160         79.016       0.765838       0.724807
            792         18.886        100.780       0.842175       0.724807
            793         -3.393         73.089       1.048681       0.724807
            794         28.503         50.270       0.638162       0.724807
            795         10.785         61.353       0.850495       0.724807
            796        -18.184         29.150       2.658194      -0.928672
            797         29.455         40.088       0.576449       0.724807
            798         12.543        154.063       0.924716       0.724807
            799         40.348         42.534       0.513187       0.724807
            800          8.815        136.960       0.939532       0.724807
            801         30.250         64.898       0.682075       0.724807
            802         16.157        128.122       0.888018       0.724807
            803         39.407        123.306       0.757814       0.724807
            804         55.909         73.854       0.569146       0.724807
            805         32.505         15.385       0.321260       0.732480
            806        -11.300        107.022       1.118047       0.732480
            807         81.577        156.467       0.657301       0.724807
            808         62.602          0.451       0.007146       0.732480
            809         55.732         76.842       0.579617       0.724807
            810         29.235        105.578       0.783144       0.724807
            811         42.375         68.877       0.619105       0.724807
            812         20.533         96.228       0.824144       0.724807
            813         27.399         73.951       0.729662       0.724807
            814         38.113         56.812       0.598495       0.724807
            815         14.254         88.470       0.861241       0.724807
            816         40.890         42.613       0.510319       0.724807
            817         85.848         91.694       0.516464       0.724807
            818         -9.232         84.612       1.122466       0.732480
            819          4.432         38.280       0.896231       0.724807
            820         19.973         98.910       0.831996       0.724807
            821        -30.725         85.178       1.564253       0.732480
            822         -9.581         61.292       1.185280       0.732480
            823        -20.690         11.462      -1.242137      -0.928672
            824         49.289         91.163       0.649071       0.724807
            825         18.284         87.167       0.826612       0.724807
            826          8.756         14.013       0.615453       0.724807
            827         -7.428         27.761       1.365329       0.732480
            828         27.116         46.121       0.629748       0.724807
            829         40.232         95.750       0.704136       0.724807
            830         10.836         37.253       0.774667       0.724807
            831         44.949        135.903       0.751461       0.724807
            832         62.582         77.333       0.552714       0.724807
            833         34.244         92.250       0.729281       0.724807
            834         24.382         44.269       0.644842       0.724807
            835         11.615         79.735       0.872851       0.724807
            836         32.501        115.882       0.780964       0.724807
            837         20.182         60.587       0.750127       0.724807
            838         35.748         88.341       0.711914       0.724807
            839         32.267         71.638       0.689454       0.724807
            840         -1.928         48.832       1.041099       0.724807
            841         36.019         46.992       0.566089       0.724807
            842         65.034         16.505       0.202419       0.732480
            843         23.771        104.255       0.814324       0.724807
            844         30.976         39.058       0.557702       0.724807
            845         38.840         57.893       0.598480       0.724807
            846         12.926         43.701       0.771728       0.724807
            847         12.474         21.150       0.629004       0.724807
            848         48.113         56.121       0.538415       0.724807
            849         33.911         39.215       0.536268       0.724807
            850         18.240         52.318       0.741493       0.724807
            851         43.491         89.438       0.672824       0.724807
            852        -15.118         95.137       1.188923       0.732480
            853         47.496        136.447       0.741788       0.724807
            854         22.241         18.528       0.454455       0.724807
            855         51.162         95.918       0.652148       0.724807
            856         11.945         97.093       0.890453       0.724807
            857         40.079        104.855       0.723465       0.724807
            858        -19.872         29.341       3.098401      -0.928672
            859         35.559         51.316       0.590688       0.724807
            860         22.701         76.972       0.772249       0.724807
            861         -6.978        103.608       1.072214       0.732480
            862         35.491         75.645       0.680651       0.724807
            863         71.713        117.965       0.621924       0.724807
            864         62.988         38.973       0.382234       0.724807
            865         10.851         54.350       0.833579       0.724807
            866         -2.661         51.650       1.054313       0.724807
            867         42.572         44.519       0.511176       0.724807
            868         56.015         52.958       0.485972       0.724807
            869          6.168         92.549       0.937514       0.724807
            870         65.742         59.113       0.473455       0.724807
            871          9.905        100.908       0.910614       0.724807
            872          0.019         90.908       0.999796       0.724807
            873         44.249         90.438       0.671469       0.724807
            874         32.559         82.350       0.716653       0.724807
            875         35.396         76.063       0.682429       0.724807
            876         27.392        124.569       0.819743       0.724807
            877         43.803         14.905       0.253877       0.732480
            878         20.953         50.302       0.705946       0.724807
            879         36.393         51.506       0.585967       0.724807
            880         25.003         41.354       0.623207       0.724807
            881        -15.991         94.350       1.204070       0.732480
            882         50.350        120.327       0.704997       0.724807
            883         50.499         74.185       0.594984       0.724807
            884         26.359         49.116       0.650762       0.724807
            885         68.762         10.852       0.136311       0.732480
            886         -9.640         96.219       1.111347       0.732480
            887         40.946        102.422       0.714398       0.724807
            888          6.810         88.621       0.928643       0.724807
            889         -1.583        104.739       1.015341       0.724807
            890         38.380         43.531       0.531441       0.724807
            891         -0.931        107.469       1.008738       0.724807
            892         45.762         62.093       0.575708       0.724807
            893         47.501         36.218       0.432615       0.724807
            894         19.076         23.929       0.556425       0.724807
            895         72.181         18.966       0.208078       0.732480
            896         61.325         67.119       0.522555       0.724807
            897         16.247         48.105       0.747532       0.724807
            898        -15.866         22.621       3.348618      -0.928672
            899         25.805         32.374       0.556459       0.724807
            900         26.222         75.778       0.742925       0.724807
            901         18.752        120.289       0.865133       0.724807
            902         39.108         73.781       0.653569       0.724807
            903         36.286         96.546       0.726827       0.724807
            904         41.677         66.118       0.613368       0.724807
            905         11.666         89.862       0.885095       0.724807
            906         18.808         35.301       0.652406       0.724807
            907         49.299         65.043       0.568846       0.724807
            908         35.710         83.019       0.699230       0.724807
            909         28.125         32.260       0.534242       0.724807
            910         44.364         58.011       0.566655       0.724807
            911         53.091        114.135       0.682517       0.724807
            912         59.211         49.889       0.457277       0.724807
            913         45.746         49.385       0.519129       0.724807
            914         65.670         74.755       0.532347       0.724807
            915         -6.790         82.314       1.089901       0.732480
            916         41.953         55.746       0.570585       0.724807
            917         28.183         -9.894      -0.540948       0.732480
            918         -7.906         95.732       1.090022       0.732480
            919         37.078         95.783       0.720926       0.724807
            920         13.712        153.645       0.918069       0.724807
            921          5.081        120.739       0.959617       0.724807
            922         32.965         84.038       0.718255       0.724807
            923         38.483         86.231       0.691430       0.724807
            924         40.008         35.045       0.466935       0.724807
            925         38.072         58.565       0.606031       0.724807
            926         27.757        128.133       0.821945       0.724807
            927         29.178         37.724       0.563868       0.724807
            928         22.852         96.332       0.808267       0.724807
            929          5.205         84.534       0.942002       0.724807
            930         26.413         40.259       0.603842       0.724807
            931         15.128         76.072       0.834122       0.724807
            932         50.650         90.359       0.640805       0.724807
            933         16.086         58.966       0.785670       0.724807
            934         20.389        130.353       0.864743       0.724807
            935         22.147         94.493       0.810124       0.724807
            936         46.786         11.751       0.200744       0.732480
            937         -3.073        157.590       1.019885       0.724807
            938          4.463         75.260       0.944021       0.724807
            939         14.207         53.168       0.789142       0.724807
            940         47.542         34.312       0.419187       0.724807
            941         23.239         68.406       0.746426       0.724807
            942        -33.490        103.213       1.480335       0.732480
            943         -7.347         75.112       1.108414       0.732480
            944         27.204         40.647       0.599062       0.724807
            945        -20.503         82.667       1.329825       0.732480
            946         27.590         17.914       0.393687       0.724807
            947          5.379         91.436       0.944444       0.724807
            948         10.064        126.306       0.926202       0.724807
            949         11.252         86.885       0.885340       0.724807
            950        -37.683         92.292       1.690064       0.732480
            951         27.044        112.186       0.805759       0.724807
            952          2.934         60.052       0.953417       0.724807
            953         19.542         78.031       0.799721       0.724807
            954         12.414         65.184       0.840026       0.724807
            955         27.870        115.135       0.805109       0.724807
            956         27.123        104.057       0.793240       0.724807
            957         20.599         14.489       0.412931       0.724807
            958         45.207        106.343       0.701700       0.724807
            959         22.956        -22.630     -69.453048      -0.928672
            960         24.895        133.649       0.842976       0.724807
            961         47.028         62.195       0.569429       0.724807
            962         -9.267        133.033       1.074874       0.732480
            963        -25.909        145.099       1.217374       0.732480
            964          6.923        148.143       0.955357       0.724807
            965         13.716         80.891       0.855018       0.724807
            966         42.067         98.569       0.700882       0.724807
            967         30.054         91.954       0.753674       0.724807
            968         22.175         71.528       0.763345       0.724807
            969         -7.017        107.020       1.070163       0.732480
            970         24.161        191.257       0.887839       0.724807
            971         42.476         94.050       0.688879       0.724807
            972         53.635         97.219       0.644456       0.724807
            973         37.687         83.027       0.687801       0.724807
            974         14.306        106.566       0.881645       0.724807
            975         18.223         35.609       0.661489       0.724807
            976          9.608         54.949       0.851168       0.724807
            977         -2.046         67.807       1.031110       0.724807
            978         23.058         59.686       0.721334       0.724807
            979         24.630         89.321       0.783851       0.724807
            980         11.277         76.765       0.871915       0.724807
            981         20.171         92.713       0.821313       0.724807
            982         34.774        101.568       0.744952       0.724807
            983         25.587         81.836       0.761809       0.724807
            984         21.956        110.059       0.833686       0.724807
            985          7.443         79.458       0.914349       0.724807
            986         -0.423         90.350       1.004708       0.724807
            987         31.662         82.773       0.723322       0.724807
            988         45.878        114.387       0.713736       0.724807
            989         10.798         87.169       0.889779       0.724807
            990        -13.885         44.624       1.451704       0.732480
            991         27.765         67.782       0.709410       0.724807
            992         14.254         85.945       0.857741       0.724807
            993         15.646          9.417       0.375727       0.732480
            994         21.105         36.583       0.634154       0.724807
            995         29.936         86.541       0.742988       0.724807
            996         59.584        103.968       0.635689       0.724807
            997         41.611         40.051       0.490451       0.724807
            998         22.198         83.338       0.789662       0.724807
            999         36.915        145.438       0.797565       0.724807
           1000         57.266         72.836       0.559839       0.724807
