              1         27.939         84.293       0.751063       0.744656
              2        -18.684        136.220       1.158967       0.744656
              3         33.760         42.854       0.559351       0.744656
              4         43.444        129.045       0.748133       0.744656
              5         33.589        130.226       0.794958       0.744656
              6          1.482         95.557       0.984730       0.744656
              7          6.668        122.793       0.948493       0.744656
              8         11.468         25.220       0.687422       0.744656
              9         31.969         38.497       0.546314       0.744656
             10         12.110        133.715       0.916955       0.744656
             11         15.219        100.033       0.867952       0.744656
             12         62.505        120.994       0.659370       0.744656
             13         38.430        149.434       0.795437       0.744656
             14         35.816        135.381       0.790791       0.744656
             15        -20.436        118.452       1.208492       0.744656
             16         18.504         73.073       0.797941       0.744656
             17         36.955        105.428       0.740451       0.744656
             18         24.529        106.545       0.812862       0.744656
             19         19.481        109.842       0.849365       0.744656
             20         15.597         65.402       0.807438       0.744656
             21         37.630         32.606       0.464238       0.744656
             22         22.776         71.899       0.759432       0.744656
             23         30.243         35.657       0.541076       0.744656
             24         32.338         78.777       0.708970       0.744656
             25          8.924        111.383       0.925822       0.744656
             26         30.657        113.463       0.787280       0.744656
             27         17.325         63.659       0.786071       0.744656
             28          5.796         66.565       0.919904       0.744656
             29          9.114         68.315       0.882292       0.744656
             30         27.043         98.107       0.783917       0.744656
             31         19.600        100.385       0.836647       0.744656
             32         35.763         69.723       0.660966       0.744656
             33          6.295        142.731       0.957757       0.744656
             34         -6.229        141.328       1.046104       0.744656
             35         15.298        124.162       0.890308       0.744656
             36         26.104        141.978       0.844697       0.744656
             37          2.949        130.329       0.977873       0.744656
             38          1.334         82.992       0.984182       0.744656
             39         -6.477         11.313       2.339256       0.597105
             40          4.908         82.865       0.944084       0.744656
             41         12.581         81.144       0.865763       0.744656
             42         -5.792        124.762       1.048682       0.744656
             43         38.217         83.814       0.686826       0.744656
             44         -2.918        103.815       1.028917       0.744656
             45         38.218         71.923       0.653011       0.744656
             46         44.161         74.110       0.626612       0.744656
             47         20.916         46.157       0.688161       0.744656
             48         -0.767        106.064       1.007288       0.744656
             49        -10.335        113.405       1.100273       0.744656
             50         31.516         81.012       0.719927       0.744656
             51         52.190         36.473       0.411364       0.744656
             52         45.344         41.931       0.480450       0.744656
             53         11.733        152.132       0.928397       0.744656
             54         25.026         47.996       0.657277       0.744656
             55         56.030         25.667       0.314176       0.744656
             56        -14.277         74.691       1.236328       0.744656
             57         25.115         90.163       0.782137       0.744656
             58         -3.659        119.762       1.031516       0.744656
             59         16.853         98.813       0.854294       0.744656
             60         -0.483         95.148       1.005102       0.744656
             61         58.076         69.301       0.544062       0.744656
             62         36.951        134.667       0.784691       0.744656
             63         63.055         48.868       0.436624       0.744656
             64         29.906         86.954       0.744086       0.744656
             65         27.178        168.437       0.861063       0.744656
             66         13.760         36.393       0.725644       0.744656
             67         29.333        179.121       0.859283       0.744656
             68         17.664         95.505       0.843915       0.744656
             69         19.253        100.660       0.839444       0.744656
             70         -0.999         62.447       1.016261       0.744656
             71         14.423        108.541       0.882708       0.744656
             72          7.023         19.048       0.730616       0.744656
             73         41.753        116.773       0.736619       0.744656
             74         50.782        169.358       0.769318       0.744656
             75         21.385         67.884       0.760443       0.744656
             76         14.969         13.070       0.466141       0.744656
             77         21.770         75.067       0.775187       0.744656
             78         16.949        134.133       0.887817       0.744656
             79          7.618         39.182       0.837230       0.744656
             80          2.032         86.463       0.977037       0.744656
             81         30.001         81.594       0.731160       0.744656
             82         20.154        101.680       0.834582       0.744656
             83         21.772         55.364       0.717742       0.744656
             84         31.052         81.350       0.723741       0.744656
             85         11.393         42.930       0.790278       0.744656
             86         59.770         54.954       0.479008       0.744656
             87         23.566         -8.280      -0.541666       0.597105
             88         41.579        121.373       0.744840       0.744656
             89         24.127        120.335       0.832987       0.744656
             90         26.519         39.908       0.600778       0.744656
             91         14.496         45.152       0.756976       0.744656
             92         53.458         29.765       0.357658       0.744656
             93          6.518         70.737       0.915626       0.744656
             94         47.628         60.060       0.557723       0.744656
             95         41.926         63.970       0.604082       0.744656
             96         15.131         99.411       0.867900       0.744656
             97         49.435         48.337       0.494389       0.744656
             98         33.354         80.842       0.707920       0.744656
             99         33.205        103.296       0.756739       0.744656
            100         32.582         16.954       0.342248       0.744656
            101         16.010         10.804       0.402938       0.744656
            102         19.164        107.414       0.848596       0.744656
            103         33.437         70.553       0.678457       0.744656
            104         55.481         70.840       0.560796       0.744656
            105         24.496         72.062       0.746308       0.744656
            106         44.856         70.675       0.611741       0.744656
            107         24.853         63.477       0.718633       0.744656
            108         -3.203         88.948       1.037358       0.744656
            109         41.933         64.632       0.606501       0.744656
            110          7.930         74.946       0.904315       0.744656
            111         17.531         37.145       0.679363       0.744656
            112         31.498         83.031       0.724976       0.744656
            113         33.385         48.448       0.592034       0.744656
            114         -0.963        116.084       1.008366       0.744656
            115         24.718         77.332       0.757786       0.744656
            116         56.519        104.753       0.649543       0.744656
            117         29.251         69.726       0.704466       0.744656
            118         93.269         96.706       0.509047       0.744656
            119         38.652        123.292       0.761323       0.744656
            120         17.736         56.548       0.761245       0.744656
            121         39.670         32.455       0.449987       0.744656
            122         49.301         88.104       0.641198       0.744656
            123         78.015         90.586       0.537280       0.744656
            124         45.270         74.724       0.622730       0.744656
            125          9.864         83.274       0.894093       0.744656
            126         21.919         59.504       0.730801       0.744656
            127         38.484         91.614       0.704193       0.744656
            128         28.899         75.852       0.724115       0.744656
            129         31.861         36.225       0.532045       0.744656
            130         37.113         67.722       0.645983       0.744656
            131         59.890        106.321       0.639675       0.744656
            132         16.996         51.230       0.750884       0.744656
            133         37.249         82.833       0.689800       0.744656
            134         20.966         60.899       0.743892       0.744656
            135         14.138         81.621       0.852359       0.744656
            136         42.925         70.818       0.622614       0.744656
            137         13.979        105.501       0.882999       0.744656
            138         -5.557         62.132       1.098230       0.744656
            139         24.388         94.764       0.795321       0.744656
            140         44.061         28.675       0.394232       0.744656
            141          5.498         67.974       0.925167       0.744656
            142          7.132        100.797       0.933916       0.744656
            143         17.778         83.243       0.824015       0.744656
            144         33.919         95.163       0.737230       0.744656
            145         20.094         80.205       0.799662       0.744656
            146         17.082         52.413       0.754196       0.744656
            147         21.149         40.684       0.657962       0.744656
            148         18.833         44.293       0.701653       0.744656
            149         21.380         79.783       0.788659       0.744656
            150         48.887        110.370       0.693031       0.744656
            151         61.084         64.914       0.515198       0.744656
            152         43.303         64.087       0.596768       0.744656
            153         48.843         91.337       0.651570       0.744656
            154         37.731        109.772       0.744203       0.744656
            155         34.491         62.769       0.645373       0.744656
            156         -8.930        156.426       1.060547       0.744656
            157         42.337         57.682       0.576710       0.744656
            158         38.127         98.134       0.720194       0.744656
            159         12.455         59.074       0.825870       0.744656
            160         26.492         57.493       0.684565       0.744656
            161         15.674         43.684       0.735943       0.744656
            162         -0.534         89.953       1.005969       0.744656
            163         75.573         27.842       0.269226       0.744656
            164         23.739         14.364       0.376980       0.744656
            165         14.870         87.826       0.855203       0.744656
            166         38.597         17.129       0.307379       0.744656
            167         11.895         63.846       0.842948       0.744656
            168         24.674         89.445       0.783787       0.744656
            169         -6.321         57.602       1.123270       0.744656
            170         46.558         56.770       0.549415       0.744656
            171          2.002        121.418       0.983779       0.744656
            172         21.781         78.631       0.783081       0.744656
            173         20.481         57.028       0.735754       0.744656
            174         47.333         63.365       0.572414       0.744656
            175         10.428        138.344       0.929908       0.744656
            176        -19.096         23.106       5.762591       5.459833
            177         54.259         60.357       0.526601       0.744656
            178         36.851         50.697       0.579075       0.744656
            179         -9.049        112.046       1.087855       0.744656
            180         49.361         47.435       0.490052       0.744656
            181         31.173         60.625       0.660416       0.744656
            182         12.225         31.091       0.717773       0.744656
            183         25.844        112.191       0.812773       0.744656
            184         42.021         28.034       0.400168       0.744656
            185         49.915         64.521       0.563819       0.744656
            186         41.734        100.736       0.707069       0.744656
            187         -3.037        121.299       1.025679       0.744656
            188         23.158        104.515       0.818617       0.744656
            189         63.926         80.258       0.556635       0.744656
            190         22.092         73.099       0.767917       0.744656
            191          9.801         93.794       0.905391       0.744656
            192         17.657         78.707       0.816770       0.744656
            193         30.491         62.888       0.673470       0.744656
            194         47.290         88.163       0.650875       0.744656
            195         24.051         53.010       0.687896       0.744656
            196         22.375         31.222       0.582534       0.744656
            197         19.250         33.179       0.632834       0.744656
            198         36.034         63.339       0.637382       0.744656
            199         15.397        136.563       0.898680       0.744656
            200         72.718        150.665       0.674468       0.744656
            201         33.425         82.410       0.711444       0.744656
            202         27.058         69.654       0.720217       0.744656
            203         32.613          8.118       0.199298       0.744656
            204         22.573        123.982       0.845978       0.744656
            205         27.753        106.358       0.793058       0.744656
            206         47.487         22.577       0.322237       0.744656
            207         17.463         58.750       0.770863       0.744656
            208         18.936         77.960       0.804570       0.744656
            209          7.810         42.318       0.844204       0.744656
            210         30.183        120.170       0.799251       0.744656
            211         12.874         76.279       0.855594       0.744656
            212         59.070         91.353       0.607307       0.744656
            213         37.632         95.582       0.717510       0.744656
            214         28.124        106.169       0.790575       0.744656
            215         38.905         71.370       0.647199       0.744656
            216         52.284         46.461       0.470517       0.744656
            217         56.077        106.176       0.654385       0.744656
            218         17.021         60.291       0.779841       0.744656
            219         42.673         25.324       0.372432       0.744656
            220         27.691          6.080       0.180037       0.744656
            221         55.441         88.444       0.614686       0.744656
            222         13.327         99.613       0.881999       0.744656
            223         44.018        107.257       0.709017       0.744656
            224         43.624         60.288       0.580186       0.744656
            225         20.184         50.641       0.715021       0.744656
            226         51.957        101.182       0.660722       0.744656
            227         63.993         89.487       0.583055       0.744656
            228        -19.204         74.582       1.346776       0.597105
            229          7.814         30.992       0.798648       0.744656
            230         55.335         35.647       0.391801       0.744656
            231         35.401         73.055       0.673591       0.744656
            232         15.427         71.508       0.822549       0.744656
            233         44.599         71.336       0.615312       0.744656
            234         26.414         51.711       0.661896       0.744656
            235         15.209         57.954       0.792124       0.744656
            236         61.865        103.955       0.626917       0.744656
            237         19.008         54.139       0.740144       0.744656
            238         14.961         -9.164      -1.580763       0.597105
            239         33.880         95.699       0.738535       0.744656
            240         13.566         26.991       0.665508       0.744656
            241         13.765         54.777       0.799180       0.744656
            242          8.753         65.737       0.882498       0.744656
            243         39.157         91.119       0.699430       0.744656
            244          5.248         49.686       0.904475       0.744656
            245         18.567         60.227       0.764357       0.744656
            246         32.928         99.011       0.750433       0.744656
            247          5.153         37.809       0.880062       0.744656
            248         72.486         54.287       0.428221       0.744656
            249         56.270         48.070       0.460708       0.744656
            250         11.742        129.190       0.916686       0.744656
            251         -4.801         55.202       1.095260       0.744656
            252         57.275         -7.046      -0.140279       0.597105
            253         45.366         74.621       0.621911       0.744656
            254         33.639         36.139       0.517910       0.744656
            255          8.133         43.919       0.843745       0.744656
            256         20.298         69.042       0.772800       0.744656
            257         45.438         84.278       0.649712       0.744656
            258          3.925         87.722       0.957173       0.744656
            259          6.325        124.933       0.951810       0.744656
            260          8.037         -3.654      -0.833644       0.597105
            261         80.188         62.343       0.437400       0.744656
            262         50.079         50.561       0.502392       0.744656
            263         54.020        101.629       0.652935       0.744656
            264         25.442         90.579       0.780712       0.744656
            265          0.965        133.657       0.992832       0.744656
            266         26.892         26.161       0.493113       0.744656
            267          1.170         80.799       0.985721       0.744656
            268         36.285         31.356       0.463561       0.744656
            269         37.009         91.296       0.711553       0.744656
            270         49.931         95.997       0.657837       0.744656
            271         75.755         45.392       0.374687       0.744656
            272         13.613         57.145       0.807606       0.744656
            273          8.760         70.432       0.889388       0.744656
            274          4.735        120.607       0.962225       0.744656
            275         16.994         34.273       0.668514       0.744656
            276         -1.126         51.536       1.022343       0.744656
            277         74.818         63.247       0.458097       0.744656
            278         -0.740        119.766       1.006214       0.744656
            279         34.204         73.297       0.681826       0.744656
            280         38.649         43.757       0.530993       0.744656
            281         13.732          2.037       0.129186       0.597105
            282         31.156         34.641       0.526483       0.744656
            283         20.815         78.591       0.790610       0.744656
            284         49.813        107.325       0.683000       0.744656
            285         14.575         43.242       0.747909       0.744656
            286         25.873         62.066       0.705782       0.744656
            287         17.343         96.463       0.847609       0.744656
            288         16.522         22.619       0.577889       0.744656
            289         67.563         59.187       0.466958       0.744656
            290         24.657         52.023       0.678446       0.744656
            291         36.072         22.230       0.381290       0.744656
            292         20.514         63.601       0.756120       0.744656
            293          5.486         66.134       0.923403       0.744656
            294         42.530         96.089       0.693186       0.744656
            295         42.637         48.963       0.534535       0.744656
            296         78.680         67.634       0.462255       0.744656
            297         33.698         80.941       0.706053       0.744656
            298         13.864         71.253       0.837118       0.744656
            299         25.909         34.165       0.568716       0.744656
            300         63.751        109.390       0.631799       0.744656
            301        -19.420         62.848       1.447187       0.597105
            302         28.360         41.172       0.592128       0.744656
            303         11.866          0.466       0.037754       0.597105
            304         44.217         93.851       0.679744       0.744656
            305         27.678        101.126       0.785115       0.744656
            306         60.546         31.789       0.344279       0.744656
            307         21.558         33.097       0.605557       0.744656
            308         21.630         69.719       0.763213       0.744656
            309         54.224         54.942       0.503286       0.744656
            310         33.209         81.420       0.710291       0.744656
            311         15.685        112.059       0.877217       0.744656
            312         25.381         70.008       0.733924       0.744656
            313         19.719         80.360       0.802963       0.744656
            314         66.971         73.758       0.524114       0.744656
            315          5.611         44.259       0.887480       0.744656
            316         36.128         44.464       0.551722       0.744656
            317         24.109         43.807       0.645018       0.744656
            318         55.260         73.331       0.570265       0.744656
            319         67.539         90.374       0.572302       0.744656
            320          6.709         57.064       0.894794       0.744656
            321         44.743        102.945       0.697046       0.744656
            322         33.827         95.597       0.738635       0.744656
            323          0.713         81.844       0.991369       0.744656
            324         37.576         51.953       0.580293       0.744656
            325         10.834         38.236       0.779208       0.744656
            326         21.760         23.896       0.523382       0.744656
            327         36.992         71.227       0.658173       0.744656
            328         56.539         66.570       0.540738       0.744656
            329         52.729         51.713       0.495138       0.744656
            330         -2.734         21.858       1.142993       0.744656
            331         36.835         38.727       0.512523       0.744656
            332         49.730        124.093       0.713902       0.744656
            333         44.466         91.493       0.672945       0.744656
            334         18.482         55.900       0.751526       0.744656
            335          4.816        155.257       0.969915       0.744656
            336         56.427         72.617       0.562734       0.744656
            337         61.480         70.936       0.535707       0.744656
            338         30.002        117.319       0.796351       0.744656
            339          0.349         86.748       0.995997       0.744656
            340         64.404         61.428       0.488176       0.744656
            341         84.769         68.820       0.448080       0.744656
            342         39.678        115.971       0.745081       0.744656
            343         44.855         88.703       0.664152       0.744656
            344         33.996         73.659       0.684211       0.744656
            345         41.546        134.071       0.763429       0.744656
            346         -0.664         60.910       1.011014       0.744656
            347        -17.585        111.016       1.188213       0.744656
            348         41.817         27.373       0.395620       0.744656
            349         32.256         80.311       0.713452       0.744656
            350         35.551         59.344       0.625365       0.744656
            351         22.416         97.739       0.813438       0.744656
            352         35.872         60.294       0.626979       0.744656
            353         44.619         17.465       0.281309       0.744656
            354         73.935         32.644       0.306289       0.744656
            355          5.707         61.237       0.914749       0.744656
            356         60.434         40.579       0.401718       0.744656
            357         34.992         47.321       0.574892       0.744656
            358         66.475        104.666       0.611580       0.744656
            359         52.930         30.269       0.363814       0.744656
            360         18.135        103.940       0.851441       0.744656
            361          5.261         82.102       0.939780       0.744656
            362         -9.273        124.564       1.080429       0.744656
            363          2.030         59.010       0.966735       0.744656
            364          6.883         71.388       0.912057       0.744656
            365         21.431         81.699       0.792196       0.744656
            366        -23.600        105.150       1.289395       0.744656
            367        -13.170         74.151       1.215970       0.744656
            368         12.503         60.756       0.829330       0.744656
            369         29.406         99.348       0.771610       0.744656
            370         34.508         91.901       0.727011       0.744656
            371         32.213         92.175       0.741027       0.744656
            372         38.190         81.647       0.681317       0.744656
            373         30.793        107.821       0.777849       0.744656
            374         52.274         14.082       0.212222       0.744656
            375          2.205         33.250       0.937807       0.744656
            376         16.718          4.260       0.203069       0.744656
            377          3.471         18.358       0.841006       0.744656
            378         39.109         54.135       0.580573       0.744656
            379         59.470        101.591       0.630760       0.744656
            380        -13.890         69.060       1.251758       0.744656
            381         31.445         37.710       0.545294       0.744656
            382          8.352        122.583       0.936215       0.744656
            383         36.239        101.157       0.736247       0.744656
            384         -5.402        115.089       1.049251       0.744656
            385         -4.232         48.047       1.096578       0.744656
            386         -7.558         44.073       1.206978       0.744656
            387         33.309         20.110       0.376461       0.744656
            388          1.801         96.962       0.981765       0.744656
            389         25.864         54.671       0.678852       0.744656
            390         22.562        121.883       0.843799       0.744656
            391         25.747        105.496       0.803824       0.744656
            392          4.132        104.012       0.961792       0.744656
            393         25.052         35.293       0.584858       0.744656
            394         13.896        106.699       0.884769       0.744656
            395         20.985         73.731       0.778445       0.744656
            396          0.230        108.701       0.997886       0.744656
            397         38.969         60.719       0.609091       0.744656
            398         38.665         76.324       0.663752       0.744656
            399         18.045         77.290       0.810723       0.744656
            400         16.014         99.235       0.861051       0.744656
            401          4.341        108.435       0.961504       0.744656
            402        -21.645        113.457       1.235753       0.744656
            403         14.172          7.019       0.331216       0.744656
            404         52.710         79.697       0.601910       0.744656
            405         -1.793        144.947       1.012522       0.744656
            406         -7.439         76.233       1.108129       0.744656
            407          8.426         95.048       0.918570       0.744656
            408         45.898         70.159       0.604523       0.744656
            409         14.965         79.439       0.841482       0.744656
            410         26.131         71.042       0.731090       0.744656
            411          9.749         89.372       0.901645       0.744656
            412         44.681        121.246       0.730719       0.744656
            413         61.186         85.648       0.583299       0.744656
            414         28.596         35.224       0.551921       0.744656
            415         14.196         13.383       0.485259       0.744656
            416         33.959         16.395       0.325587       0.744656
            417         41.883         39.402       0.484743       0.744656
            418         60.892         34.589       0.362263       0.744656
            419          2.372        110.418       0.978967       0.744656
            420         -3.312        107.131       1.031898       0.744656
            421         52.588        142.352       0.730236       0.744656
            422         10.000        109.077       0.916021       0.744656
            423         51.664         68.185       0.568923       0.744656
            424         38.145         65.410       0.631643       0.744656
            425         46.819        102.837       0.687154       0.744656
            426         40.911        148.708       0.784247       0.744656
            427         84.306        127.821       0.602569       0.744656
            428         51.853         56.877       0.523107       0.744656
            429         41.884         85.174       0.670355       0.744656
            430         27.651         51.959       0.652667       0.744656
            431         95.417         52.883       0.356594       0.744656
            432         15.348         89.979       0.854283       0.744656
            433          0.660         65.227       0.989983       0.744656
            434         48.592         87.936       0.644088       0.744656
            435         13.667         45.692       0.769759       0.744656
            436         73.938         50.796       0.407236       0.744656
            437         21.329        113.367       0.841649       0.744656
            438         62.449         80.818       0.564110       0.744656
            439         49.980         45.616       0.477177       0.744656
            440          1.792         92.467       0.980990       0.744656
            441         38.977         68.499       0.637341       0.744656
            442         48.727         29.271       0.375279       0.744656
            443         36.633         70.190       0.657071       0.744656
            444         28.849         96.648       0.770121       0.744656
            445         46.355         94.480       0.670857       0.744656
            446          6.501        108.035       0.943243       0.744656
            447         -4.729         82.628       1.060712       0.744656
            448         60.081         45.580       0.431376       0.744656
            449         15.007        157.634       0.913073       0.744656
            450        -32.384        101.638       1.467620       0.597105
            451         18.219         72.964       0.800195       0.744656
            452         10.581        117.325       0.917276       0.744656
            453         -9.249         83.912       1.123870       0.744656
            454         22.465         31.840       0.586311       0.744656
            455         10.773         74.969       0.874358       0.744656
            456         73.802         35.295       0.323521       0.744656
            457         36.874         76.989       0.676157       0.744656
            458         15.369        109.695       0.877114       0.744656
            459         32.425         81.905       0.716389       0.744656
            460         -1.694         11.794       1.167769       0.744656
            461         35.672         64.929       0.645410       0.744656
            462         57.999        109.512       0.653762       0.744656
            463         24.200         94.564       0.796234       0.744656
            464         39.178         54.810       0.583159       0.744656
            465         24.795         14.642       0.371271       0.744656
            466          3.034         45.185       0.937077       0.744656
            467         43.649         55.016       0.557604       0.744656
            468         60.543         36.214       0.374280       0.744656
            469         41.647         93.540       0.691928       0.744656
            470         63.835         47.350       0.425866       0.744656
            471         37.373         39.989       0.516906       0.744656
            472         31.832         96.285       0.751539       0.744656
            473          6.530         94.616       0.935441       0.744656
            474         54.766         25.495       0.317649       0.744656
            475         22.875        106.189       0.822761       0.744656
            476         76.865         32.214       0.295328       0.744656
            477          5.835         77.488       0.929974       0.744656
            478        -11.275         47.382       1.312251       0.744656
            479         84.304         81.142       0.490445       0.744656
            480        -12.285         88.243       1.161741       0.744656
            481         32.255         74.089       0.696691       0.744656
            482         25.698         40.875       0.613990       0.744656
            483         28.546        101.607       0.780676       0.744656
            484         51.059         40.357       0.441467       0.744656
            485         45.228        125.174       0.734580       0.744656
            486         29.484        103.175       0.777747       0.744656
            487         39.161         65.470       0.625722       0.744656
            488         29.231        100.488       0.774659       0.744656
            489          7.215         20.207       0.736889       0.744656
            490         42.894         62.981       0.594862       0.744656
            491         35.081         77.457       0.688275       0.744656
            492         37.159         86.733       0.700072       0.744656
            493         37.346        125.069       0.770058       0.744656
            494         44.130         34.225       0.436797       0.744656
            495         61.549         87.429       0.586859       0.744656
            496         -5.518        138.665       1.041442       0.744656
            497         29.181         59.120       0.669530       0.744656
            498         63.207         14.904       0.190805       0.744656
            499         68.097        125.002       0.647348       0.744656
            500         64.510         68.797       0.516080       0.744656
            501         53.112         86.549       0.619708       0.744656
            502          9.938        135.639       0.931736       0.744656
            503         22.087         75.105       0.772749       0.744656
            504         38.218         82.744       0.684049       0.744656
            505         17.127         59.543       0.776609       0.744656
            506         22.946         61.204       0.727316       0.744656
            507         25.212         29.842       0.542055       0.744656
            508         59.189        101.026       0.630565       0.744656
            509         35.135         35.539       0.502860       0.744656
            510         45.474        109.489       0.706551       0.744656
            511         17.825         90.387       0.835277       0.744656
            512         32.188         74.518       0.698350       0.744656
            513         49.785         63.164       0.559226       0.744656
            514         25.159        101.804       0.801841       0.744656
            515         13.491        108.870       0.889748       0.744656
            516        -18.219         55.522       1.488415       0.597105
            517         17.158         24.599       0.589094       0.744656
            518         24.299        136.685       0.849061       0.744656
            519         41.286         91.276       0.688550       0.744656
            520         20.334        -14.062      -2.242075       5.459833
            521         34.959         99.517       0.740037       0.744656
            522         39.907         71.740       0.642560       0.744656
            523         45.358          5.964       0.116208       0.597105
            524         -0.483         93.318       1.005200       0.744656
            525         13.971         75.073       0.843095       0.744656
            526         27.511         77.961       0.739159       0.744656
            527         -3.982         31.303       1.145732       0.744656
            528         49.941         55.635       0.526963       0.744656
            529          1.592         37.995       0.959777       0.744656
            530         26.216        100.454       0.793038       0.744656
            531         10.598         94.703       0.899351       0.744656
            532          1.747         84.516       0.979744       0.744656
            533         -3.276         75.285       1.045501       0.744656
            534         18.883        128.266       0.871674       0.744656
            535         33.647         44.714       0.570617       0.744656
            536         46.128        103.862       0.692460       0.744656
            537         47.652        101.431       0.680367       0.744656
            538         38.997         21.005       0.350078       0.744656
            539        -30.264         53.638       2.294769       0.597105
            540          4.036         80.585       0.952302       0.744656
            541         17.204        121.213       0.875708       0.744656
            542         28.389        116.997       0.804735       0.744656
            543         43.177        160.879       0.788405       0.744656
            544         19.587         35.911       0.647067       0.744656
            545         -0.194         67.275       1.002886       0.744656
            546         18.679         73.456       0.797261       0.744656
            547         -2.126         80.602       1.027090       0.744656
            548          9.014         74.097       0.891548       0.744656
            549         31.896         58.238       0.646127       0.744656
            550         56.256        114.017       0.669614       0.744656
            551         39.955         75.150       0.652885       0.744656
            552         25.737         25.472       0.497412       0.744656
            553         22.016         63.160       0.741520       0.744656
            554         36.060         37.718       0.511241       0.744656
            555         32.661         76.681       0.701298       0.744656
            556         24.434        -25.397      26.359739       5.459833
            557         -1.421         75.726       1.019122       0.744656
            558         57.817         93.460       0.617806       0.744656
            559         12.792         47.479       0.787756       0.744656
            560         16.194         90.986       0.848908       0.744656
            561         56.334         90.640       0.616706       0.744656
            562         34.191         70.350       0.672942       0.744656
            563         57.401        103.663       0.643612       0.744656
            564         57.660         30.868       0.348685       0.744656
            565         10.887        149.463       0.932107       0.744656
            566         39.296         84.636       0.682925       0.744656
            567         53.340        135.756       0.717921       0.744656
            568         34.450         66.771       0.659655       0.744656
            569         39.855        129.086       0.764088       0.744656
            570          4.507         99.540       0.956685       0.744656
            571         38.417         32.565       0.458778       0.744656
            572          0.100         90.341       0.998893       0.744656
            573         -1.993         94.795       1.021478       0.744656
            574         24.756         74.508       0.750608       0.744656
            575          7.628         58.695       0.884989       0.744656
            576         -5.945        106.843       1.058918       0.744656
            577         23.033         92.940       0.801395       0.744656
            578         12.447        149.262       0.923026       0.744656
            579         14.473        122.753       0.894532       0.744656
            580         25.584         42.929       0.626582       0.744656
            581          5.579         97.312       0.945774       0.744656
            582          8.718         51.003       0.854021       0.744656
            583         31.052        162.575       0.839630       0.744656
            584          8.747        138.340       0.940529       0.744656
            585         30.659         76.883       0.714909       0.744656
            586         43.007        105.181       0.709782       0.744656
            587          7.949         96.371       0.923801       0.744656
            588         35.361        138.632       0.796769       0.744656
            589         11.472         42.061       0.785695       0.744656
            590         18.836         64.359       0.773590       0.744656
            591         48.281         36.692       0.431805       0.744656
            592         38.721         95.677       0.711890       0.744656
            593         23.883         40.873       0.631188       0.744656
            594         18.576        120.300       0.866242       0.744656
            595         14.621        161.827       0.917139       0.744656
            596         21.184         48.792       0.697265       0.744656
            597         43.345         75.089       0.634018       0.744656
            598         16.170         54.601       0.771519       0.744656
            599         41.524         82.073       0.664035       0.744656
            600          1.835        -17.042       1.120639       0.744656
            601         13.429         30.220       0.692333       0.744656
            602          1.574         99.808       0.984476       0.744656
            603         28.724         53.620       0.651173       0.744656
            604         11.589         62.222       0.842989       0.744656
            605         44.571         24.946       0.358849       0.744656
            606         57.514        143.547       0.713947       0.744656
            607         28.370         54.372       0.657127       0.744656
            608         12.990         88.283       0.871737       0.744656
            609         15.795         19.371       0.550840       0.744656
            610          0.641        121.546       0.994755       0.744656
            611         27.505         69.836       0.717436       0.744656
            612         -1.743        152.680       1.011546       0.744656
            613         16.323        120.396       0.880608       0.744656
            614         -1.167        177.937       1.006602       0.744656
            615         24.895         57.281       0.697049       0.744656
            616         12.929         69.924       0.843950       0.744656
            617         17.111         97.726       0.850997       0.744656
            618          6.693         51.822       0.885616       0.744656
            619         11.067         29.273       0.725653       0.744656
            620         22.388         21.561       0.490581       0.744656
            621         -4.122         87.800       1.049264       0.744656
            622         30.807        122.315       0.798806       0.744656
            623         48.372        103.652       0.681812       0.744656
            624         -7.439         41.831       1.216306       0.744656
            625         -6.043         95.286       1.067719       0.744656
            626         46.517         25.632       0.355262       0.744656
            627         47.588         59.511       0.555663       0.744656
            628         10.460         64.339       0.860157       0.744656
            629          3.213         27.928       0.896833       0.744656
            630         38.586         99.980       0.721536       0.744656
            631         38.341         74.518       0.660275       0.744656
            632         16.799         61.714       0.786035       0.744656
            633         13.634         82.893       0.858755       0.744656
            634        -10.785        134.788       1.086971       0.744656
            635         -4.246        109.175       1.040464       0.744656
            636         11.797         57.371       0.829446       0.744656
            637         -7.566         80.907       1.103156       0.744656
            638         25.854         33.476       0.564238       0.744656
            639         10.089         62.114       0.860268       0.744656
            640         18.436        111.994       0.858655       0.744656
            641          7.206         69.607       0.906194       0.744656
            642         30.850        144.292       0.823855       0.744656
            643         16.277         61.745       0.791381       0.744656
            644         22.683        151.995       0.870145       0.744656
            645          7.214         95.983       0.930092       0.744656
            646         19.972        138.675       0.874111       0.744656
            647         23.186         74.330       0.762231       0.744656
            648         -1.048        122.700       1.008614       0.744656
            649         28.858         72.938       0.716509       0.744656
            650          2.605        103.254       0.975391       0.744656
            651         36.120         94.620       0.723729       0.744656
            652         31.621         33.871       0.517178       0.744656
            653         45.783         83.076       0.644704       0.744656
            654         48.973         57.989       0.542144       0.744656
            655         33.218         91.099       0.732797       0.744656
            656         34.701         57.934       0.625400       0.744656
            657         20.531         76.113       0.787559       0.744656
            658         10.687        104.247       0.907020       0.744656
            659         37.527         48.812       0.565354       0.744656
            660         46.352        115.502       0.713619       0.744656
            661         53.966         44.043       0.449380       0.744656
            662         45.630         78.702       0.632999       0.744656
            663          1.886         61.569       0.970273       0.744656
            664         76.190         18.324       0.193879       0.744656
            665         24.151         26.699       0.525055       0.744656
            666         10.575        103.465       0.907268       0.744656
            667         20.100        134.466       0.869956       0.744656
            668         12.400        127.950       0.911652       0.744656
            669         47.966         82.075       0.631146       0.744656
            670         14.407         23.134       0.616234       0.744656
            671         44.334        107.340       0.707700       0.744656
            672         -3.876         94.911       1.042574       0.744656
            673         29.851        127.981       0.810868       0.744656
            674         34.585        133.782       0.794587       0.744656
            675         32.637         64.570       0.664256       0.744656
            676         35.834         31.915       0.471076       0.744656
            677         -5.296        125.173       1.044180       0.744656
            678          9.224         77.253       0.893340       0.744656
            679          5.882        198.470       0.971216       0.744656
            680         45.324         47.712       0.512829       0.744656
            681          8.816        127.916       0.935522       0.744656
            682         14.536         25.247       0.634613       0.744656
            683          5.258         46.029       0.897473       0.744656
            684          2.272        102.687       0.978354       0.744656
            685         39.958         71.113       0.640248       0.744656
            686         21.290         85.283       0.800230       0.744656
            687         12.698         79.225       0.861867       0.744656
            688         20.557        103.283       0.834006       0.744656
            689         33.718         53.633       0.613996       0.744656
            690         -8.542         94.757       1.099074       0.744656
            691         57.960         69.542       0.545419       0.744656
            692         21.386         62.209       0.744175       0.744656
            693         -8.236         90.231       1.100440       0.744656
            694         -1.526         57.582       1.027223       0.744656
            695         19.200        105.306       0.845789       0.744656
            696         36.587        113.476       0.756189       0.744656
            697         32.359        -14.198      -0.781768       0.597105
            698         18.101         69.935       0.794394       0.744656
            699         19.140         77.411       0.801761       0.744656
            700        -11.007         63.688       1.208926       0.744656
            701         10.534         71.337       0.871333       0.744656
            702         21.426         64.926       0.751875       0.744656
            703         28.128         80.960       0.742152       0.744656
            704         18.218         45.113       0.712339       0.744656
            705          3.415         97.815       0.966260       0.744656
            706          9.623         47.635       0.831931       0.744656
            707         43.783         -1.822      -0.043413       0.597105
            708          5.684        104.044       0.948197       0.744656
            709          2.772         63.675       0.958280       0.744656
            710         26.721         66.952       0.714738       0.744656
            711         50.077         80.527       0.616573       0.744656
            712         24.246         96.188       0.798680       0.744656
            713         14.739         80.401       0.845080       0.744656
            714          6.190         86.128       0.932949       0.744656
            715         49.775         32.496       0.394985       0.744656
            716         13.614        100.964       0.881179       0.744656
            717          7.593        102.117       0.930791       0.744656
            718         19.719        126.148       0.864814       0.744656
            719          8.032         60.751       0.883231       0.744656
            720         23.138         99.089       0.810696       0.744656
            721         31.000         55.598       0.642023       0.744656
            722         -4.687        133.961       1.036254       0.744656
            723         -1.686        114.970       1.014887       0.744656
            724         11.715         96.232       0.891472       0.744656
            725         22.285         72.691       0.765364       0.744656
            726         34.204         66.938       0.661821       0.744656
            727         21.934         81.365       0.787667       0.744656
            728         36.756         86.476       0.701736       0.744656
            729         11.017         84.504       0.884669       0.744656
            730         35.781         -4.012      -0.126304       0.597105
            731         12.928         98.115       0.883575       0.744656
            732         36.956         54.273       0.594914       0.744656
            733         29.419         99.761       0.772261       0.744656
            734         42.670         46.970       0.523985       0.744656
            735         41.924         18.889       0.310612       0.744656
            736         12.047         82.797       0.872981       0.744656
            737        -10.365        100.884       1.114504       0.744656
            738         30.345         50.498       0.624645       0.744656
            739         29.131         75.020       0.720302       0.744656
            740         36.938        111.425       0.751031       0.744656
            741         11.965        130.277       0.915883       0.744656
            742         20.067        133.475       0.869306       0.744656
            743         10.434         68.099       0.867135       0.744656
            744         40.482         47.865       0.541786       0.744656
            745         17.386         78.964       0.819554       0.744656
            746         38.720         70.335       0.644952       0.744656
            747         28.434        104.741       0.786490       0.744656
            748          8.905         69.376       0.886243       0.744656
            749          7.449         83.726       0.918303       0.744656
            750         35.199         28.576       0.448074       0.744656
            751          9.243        158.753       0.944980       0.744656
            752         -1.799        101.273       1.018090       0.744656
            753         29.125         40.860       0.583838       0.744656
            754         33.897         58.161       0.631783       0.744656
            755         24.445         72.748       0.748490       0.744656
            756         -4.404         68.114       1.069118       0.744656
            757        -18.458         55.228       1.501968       0.597105
            758         -7.098         78.425       1.099520       0.744656
            759         44.722        136.883       0.753741       0.744656
            760         43.157         39.199       0.475973       0.744656
            761          6.913         61.000       0.898202       0.744656
            762          6.531         77.663       0.922425       0.744656
            763          5.515         76.627       0.932862       0.744656
            764         25.657        125.594       0.830370       0.744656
            765         16.493         67.413       0.803432       0.744656
            766          1.805        124.741       0.985734       0.744656
            767          5.990         92.222       0.939012       0.744656
            768          5.366         14.243       0.726369       0.744656
            769         27.752         60.038       0.683880       0.744656
            770          4.741        109.521       0.958511       0.744656
            771         29.537         68.229       0.697878       0.744656
            772         30.778         87.153       0.739019       0.744656
            773         28.341        100.698       0.780370       0.744656
            774         10.709         73.738       0.873187       0.744656
            775         21.883         86.706       0.798478       0.744656
            776         29.028        147.424       0.835490       0.744656
            777         21.047        101.048       0.827621       0.744656
            778         31.584        109.816       0.776632       0.744656
            779          5.958         74.322       0.925782       0.744656
            780         20.333        132.393       0.866867       0.744656
            781         46.255         63.528       0.578668       0.744656
            782         -0.642         51.582       1.012596       0.744656
            783          1.803         79.473       0.977811       0.744656
            784         39.724          4.637       0.104519       0.597105
            785         14.522         14.341       0.496854       0.744656
            786          0.968         11.456       0.922092       0.744656
            787         30.958        126.882       0.803864       0.744656
            788         10.032        124.820       0.925610       0.744656
            789         28.529         85.024       0.748764       0.744656
            790         -9.251         81.668       1.127752       0.744656
            791          8.168         81.106       0.908509       0.744656
            792         29.513         46.517       0.611824       0.744656
            793         23.163        184.367       0.888387       0.744656
            794         29.460         43.089       0.593928       0.744656
            795         61.106         53.783       0.468128       0.744656
            796         16.914         66.487       0.797202       0.744656
            797         -0.224        137.304       1.001633       0.744656
            798         22.768         99.244       0.813393       0.744656
            799        -32.883        130.634       1.336391       0.597105
            800         19.563         64.782       0.768058       0.744656
            801         17.384        116.232       0.869898       0.744656
            802         10.001        122.624       0.924595       0.744656
            803         35.616         85.129       0.705032       0.744656
            804         13.187        107.071       0.890342       0.744656
            805          2.435         61.913       0.962163       0.744656
            806         12.565         19.266       0.605266       0.744656
            807          9.849         62.499       0.863871       0.744656
            808         28.135         84.517       0.750249       0.744656
            809         27.591          7.019       0.202793       0.744656
            810         56.424        111.050       0.663087       0.744656
            811         -1.753         97.909       1.018234       0.744656
            812          7.811         42.046       0.843337       0.744656
            813         27.313        106.334       0.795632       0.744656
            814          4.047         63.460       0.940058       0.744656
            815         -2.638         65.417       1.042019       0.744656
            816          8.565         67.566       0.887497       0.744656
            817         24.605        116.631       0.825787       0.744656
            818        -15.325        120.869       1.145204       0.744656
            819         35.330         85.934       0.708652       0.744656
            820         19.382        112.457       0.852988       0.744656
            821         23.868         60.848       0.718261       0.744656
            822         41.775        133.815       0.762090       0.744656
            823          7.950         71.187       0.899537       0.744656
            824         -7.320        106.589       1.073736       0.744656
            825         46.422         93.093       0.667264       0.744656
            826         69.730         94.087       0.574341       0.744656
            827          8.346         50.426       0.858001       0.744656
            828         39.106         82.661       0.678844       0.744656
            829         23.087         73.559       0.761118       0.744656
            830         23.642         58.425       0.711916       0.744656
            831         17.377         53.489       0.754786       0.744656
            832         30.577         35.840       0.539619       0.744656
            833         -2.092         73.100       1.029463       0.744656
            834         15.857        108.737       0.872733       0.744656
            835         19.655         71.932       0.785398       0.744656
            836         64.189         54.670       0.459955       0.744656
            837         56.857         41.117       0.419670       0.744656
            838          2.554         46.605       0.948051       0.744656
            839        -29.647        106.252       1.387016       0.597105
            840         42.014         48.201       0.534292       0.744656
            841         78.331         89.969       0.534575       0.744656
            842         27.652        111.559       0.801364       0.744656
            843          1.507         69.142       0.978675       0.744656
            844         17.428         50.858       0.744782       0.744656
            845         57.526        109.592       0.655777       0.744656
            846         60.760        115.839       0.655944       0.744656
            847         44.082         -7.699      -0.211600       0.597105
            848         36.366        112.432       0.755599       0.744656
            849         19.971        102.821       0.837362       0.744656
            850         -3.600         43.645       1.089907       0.744656
            851         35.256         57.892       0.621507       0.744656
            852         31.056         36.897       0.542975       0.744656
            853         47.051        -18.615      -0.654638       0.597105
            854         33.756         29.752       0.468482       0.744656
            855         16.228         61.842       0.792135       0.744656
            856         53.905         57.345       0.515458       0.744656
            857         67.727         53.818       0.442784       0.744656
            858         40.645        122.438       0.750771       0.744656
            859         28.635         72.923       0.718046       0.744656
            860          2.030         -5.703       1.552756       0.597105
            861         21.964         75.374       0.774350       0.744656
            862         55.755         74.678       0.572539       0.744656
            863         26.169         71.724       0.732673       0.744656
            864         40.072         52.688       0.568004       0.744656
            865         29.388        110.439       0.789828       0.744656
            866          7.271         27.646       0.791751       0.744656
            867          7.327         87.152       0.922444       0.744656
            868         62.237        107.790       0.633957       0.744656
            869        -10.953         30.355       1.564539       0.597105
            870         10.477         83.193       0.888152       0.744656
            871         27.144        108.074       0.799258       0.744656
            872         23.224         26.300       0.531052       0.744656
            873         46.149         76.419       0.623482       0.744656
            874         27.870         84.714       0.752450       0.744656
            875         34.457         81.176       0.702018       0.744656
            876         56.310         61.064       0.520251       0.744656
            877         48.941         69.448       0.586609       0.744656
            878         -0.920         39.808       1.023670       0.744656
            879         19.740         27.070       0.578297       0.744656
            880         46.528         49.676       0.516360       0.744656
            881         34.913         42.944       0.551573       0.744656
            882          4.419         81.493       0.948564       0.744656
            883         20.872         20.439       0.494764       0.744656
            884         23.260        -17.584      -3.098103       5.459833
            885         -3.733         62.556       1.063461       0.744656
            886         43.663         28.151       0.391999       0.744656
            887         28.940         92.793       0.762268       0.744656
            888         41.351         81.281       0.662803       0.744656
            889         15.808         38.118       0.706856       0.744656
            890          0.818         36.522       0.978094       0.744656
            891         63.856         79.389       0.554221       0.744656
            892         42.714         38.131       0.471651       0.744656
            893         53.623        122.855       0.696150       0.744656
            894         38.957         81.278       0.675994       0.744656
            895         58.119         92.130       0.613180       0.744656
            896         55.229         36.519       0.398036       0.744656
            897         22.025         58.900       0.727832       0.744656
            898         58.647          4.507       0.071364       0.597105
            899         27.725         53.340       0.657988       0.744656
            900         48.690         80.302       0.622535       0.744656
            901         46.690         98.333       0.678049       0.744656
            902          1.897         89.659       0.979283       0.744656
            903         48.507         58.142       0.545173       0.744656
            904         19.336         77.983       0.801309       0.744656
            905         18.083        126.685       0.875092       0.744656
            906         14.819         55.370       0.788870       0.744656
            907         57.947         98.162       0.628805       0.744656
            908         55.952         70.174       0.556381       0.744656
            909         25.541         67.388       0.725157       0.744656
            910         32.534         68.027       0.676472       0.744656
            911         24.558         32.215       0.567432       0.744656
            912          7.492         20.517       0.732510       0.744656
            913         -8.006         94.408       1.092661       0.744656
            914         87.113         50.438       0.366687       0.744656
            915         38.609         29.260       0.431127       0.744656
            916         19.190         62.436       0.764907       0.744656
            917         65.061         58.906       0.475175       0.744656
            918         38.957        -23.282      -1.485236       0.597105
            919         53.159         77.182       0.592153       0.744656
            920         27.078         82.381       0.752622       0.744656
            921         61.015         87.609       0.589466       0.744656
            922          2.374         57.481       0.960336       0.744656
            923         25.315          3.095       0.108928       0.597105
            924         11.870         38.566       0.764644       0.744656
            925         29.797          7.116       0.192771       0.744656
            926         67.160         84.317       0.556631       0.744656
            927          7.033         55.898       0.888236       0.744656
            928         52.279         28.383       0.351873       0.744656
            929         57.867         36.310       0.385552       0.744656
            930         57.363         70.249       0.550489       0.744656
            931         17.328         32.443       0.651844       0.744656
            932         29.328         91.572       0.757422       0.744656
            933          1.675         84.934       0.980656       0.744656
            934         33.502         85.721       0.718997       0.744656
            935        -14.166         35.987       1.649208       0.597105
            936         64.355         58.169       0.474756       0.744656
            937         42.081         95.269       0.693625       0.744656
            938        -18.570         62.765       1.420190       0.597105
            939         21.988         36.724       0.625496       0.744656
            940         39.611         91.476       0.697825       0.744656
            941         68.733        139.720       0.670270       0.744656
            942         17.462         89.574       0.836857       0.744656
            943         66.143         78.422       0.542469       0.744656
            944         19.879         44.823       0.692762       0.744656
            945         27.732         82.171       0.747666       0.744656
            946         48.265        108.215       0.691556       0.744656
            947         70.276         88.414       0.557148       0.744656
            948         16.193         15.710       0.492438       0.744656
            949         19.927         54.185       0.731121       0.744656
            950          5.705        -30.093       1.233937       0.744656
            951         -0.875         60.138       1.014771       0.744656
            952         82.604         62.784       0.431836       0.744656
            953          2.990         47.490       0.940768       0.744656
            954         29.630         74.723       0.716057       0.744656
            955          4.414        100.140       0.957782       0.744656
            956         24.517         92.200       0.789945       0.744656
            957         -6.579         47.404       1.161150       0.744656
            958          0.836         96.963       0.991455       0.744656
            959         57.989         54.195       0.483092       0.744656
            960         62.267         47.866       0.434620       0.744656
            961         49.128         80.672       0.621512       0.744656
            962         -2.431         99.668       1.025006       0.744656
            963         38.414         59.463       0.607529       0.744656
            964         28.176         82.551       0.745538       0.744656
            965         61.501        107.068       0.635158       0.744656
            966         25.156        114.159       0.819432       0.744656
            967         46.462         68.203       0.594806       0.744656
            968         17.528        111.664       0.864327       0.744656
            969         48.970         36.979       0.430248       0.744656
            970          5.344         28.310       0.841216       0.744656
            971          6.803         12.732       0.651749       0.744656
            972         29.916         85.538       0.740884       0.744656
            973         37.407        104.748       0.736855       0.744656
            974         26.760         50.914       0.655484       0.744656
            975         -8.336         61.737       1.156102       0.744656
            976         42.065         74.380       0.638752       0.744656
            977         54.659         76.522       0.583331       0.744656
            978         24.996         93.094       0.788331       0.744656
            979          8.313         58.650       0.875859       0.744656
            980         19.890         25.346       0.560307       0.744656
            981         20.487         89.936       0.814466       0.744656
            982         24.061        117.855       0.830458       0.744656
            983         46.570        120.595       0.721413       0.744656
            984         -4.008         69.846       1.060873       0.744656
            985         29.994         19.421       0.393016       0.744656
            986         50.249         55.158       0.523286       0.744656
            987         13.671        129.424       0.904464       0.744656
            988         53.367         76.100       0.587794       0.744656
            989         28.145         43.734       0.608436       0.744656
            990         -0.248         92.300       1.002690       0.744656
            991         64.389         79.877       0.553680       0.744656
            992          4.268         58.770       0.932293       0.744656
            993         -1.066         75.781       1.014266       0.744656
            994         45.451         46.177       0.503960       0.744656
            995         20.195         72.800       0.782835       0.744656
            996         54.398         22.520       0.292776       0.744656
            997         54.536        101.151       0.649706       0.744656
            998         17.284         66.899       0.794686       0.744656
            999         14.394         42.126       0.745335       0.744656
           1000         23.273         33.847       0.592562       0.744656
