              1         32.133         84.145       0.723654       0.743375
              2         21.097         38.421       0.645535       0.743375
              3         -8.741         43.064       1.254662       0.747810
              4          6.425         84.305       0.929181       0.743375
              5         20.669        114.057       0.846586       0.743375
              6         20.884         62.199       0.748632       0.743375
              7          6.627         42.083       0.863956       0.743375
              8         20.490         50.015       0.709383       0.743375
              9         25.077        111.104       0.815858       0.743375
             10        -15.588        138.123       1.127210       0.747810
             11         38.088          4.852       0.112995       0.747810
             12         27.799        168.817       0.858612       0.743375
             13         27.514        115.090       0.807060       0.743375
             14         25.083        103.164       0.804419       0.743375
             15         29.511         83.018       0.737746       0.743375
             16         41.607        128.530       0.755448       0.743375
             17         10.492         95.958       0.901438       0.743375
             18         47.129         60.760       0.563172       0.743375
             19          2.880        102.498       0.972671       0.743375
             20         -1.145         31.546       1.037651       0.743375
             21         34.636         27.697       0.444340       0.747810
             22         18.640        122.963       0.868368       0.743375
             23          9.678         60.767       0.862611       0.743375
             24          2.062         59.288       0.966396       0.743375
             25         15.420         54.590       0.779745       0.743375
             26          1.979         23.069       0.921003       0.743375
             27         23.548        131.226       0.847857       0.743375
             28         36.321         97.564       0.728715       0.743375
             29         30.694        100.885       0.766726       0.743375
             30         39.237         49.298       0.556814       0.743375
             31         32.024         46.876       0.594119       0.743375
             32         42.252         91.112       0.683184       0.743375
             33          3.547         45.198       0.927238       0.743375
             34          0.732        133.592       0.994548       0.743375
             35         38.677         73.433       0.655009       0.743375
             36         17.430        104.409       0.856943       0.743375
             37         -1.603         87.321       1.018696       0.747810
             38         39.914         57.695       0.591082       0.743375
             39         16.169        104.843       0.866384       0.743375
             40         29.777         81.797       0.733121       0.743375
             41          1.050         43.348       0.976344       0.743375
             42         14.903         87.013       0.853770       0.743375
             43         17.545         93.350       0.841785       0.743375
             44         38.642        108.666       0.737680       0.743375
             45         14.593          5.701       0.280918       0.747810
             46         29.751         77.538       0.722701       0.743375
             47        -21.858         96.407       1.293206       0.747810
             48         35.152         52.172       0.597456       0.743375
             49         22.530        118.825       0.840613       0.743375
             50          1.543        119.865       0.987290       0.743375
             51         26.487         42.368       0.615319       0.743375
             52          7.017        101.422       0.935287       0.743375
             53         53.518         11.366       0.175179       0.747810
             54         26.924         71.587       0.726689       0.743375
             55         36.233        108.440       0.749554       0.743375
             56         12.013         96.186       0.888975       0.743375
             57         26.904         20.486       0.432278       0.747810
             58         49.757        112.992       0.694274       0.743375
             59         21.170         81.183       0.793169       0.743375
             60         29.531         40.333       0.577308       0.743375
             61         16.293        132.945       0.890824       0.743375
             62         11.109         56.795       0.836397       0.743375
             63         11.260        111.986       0.908637       0.743375
             64         35.988         10.918       0.232766       0.747810
             65         62.506         94.672       0.602324       0.743375
             66         26.080         36.414       0.582675       0.743375
             67         -2.227         71.148       1.032316       0.743375
             68        -11.478         81.740       1.163360       0.747810
             69         35.875         84.788       0.702684       0.743375
             70         -0.029         54.823       1.000526       0.743375
             71         17.194        104.387       0.858583       0.743375
             72         15.093         49.459       0.766183       0.743375
             73        -11.574        157.092       1.079537       0.747810
             74         15.972         57.930       0.783876       0.743375
             75          3.658        106.652       0.966840       0.743375
             76         30.734        124.629       0.802180       0.743375
             77         50.914        156.149       0.754114       0.743375
             78         17.619        147.594       0.893355       0.743375
             79         27.103          7.189       0.209637       0.747810
             80         35.169         79.107       0.692243       0.743375
             81          2.893        104.974       0.973181       0.743375
             82         25.190        145.310       0.852260       0.743375
             83         17.942         99.012       0.846593       0.743375
             84          0.595          0.883       0.597603       0.743375
             85         43.606         55.872       0.561653       0.743375
             86         24.651        151.349       0.859937       0.743375
             87         19.693         98.218       0.832985       0.743375
             88         37.370         76.009       0.670394       0.743375
             89         44.479        121.074       0.731332       0.743375
             90         27.645         75.036       0.730770       0.743375
             91        -22.082         48.925       1.822625      -0.265324
             92         30.876         54.480       0.638271       0.743375
             93         21.753         53.282       0.710090       0.743375
             94         35.387         91.021       0.720061       0.743375
             95         43.627         83.221       0.656068       0.743375
             96         36.561         59.295       0.618588       0.743375
             97         34.915         99.457       0.740161       0.743375
             98         40.867         68.111       0.625000       0.743375
             99         22.034         86.253       0.796520       0.743375
            100         28.695         82.568       0.742098       0.743375
            101         48.163         92.680       0.658036       0.743375
            102         69.557         65.404       0.484616       0.743375
            103         36.506         96.145       0.724797       0.743375
            104         14.522         73.900       0.835762       0.743375
            105         41.418        102.199       0.711608       0.743375
            106         16.575         44.436       0.728329       0.743375
            107         18.971         39.810       0.677256       0.743375
            108         50.601         72.601       0.589285       0.743375
            109          8.354         96.804       0.920559       0.743375
            110         58.552        149.935       0.719157       0.743375
            111         63.432         64.606       0.504585       0.743375
            112         33.988         55.199       0.618915       0.743375
            113         31.913         86.726       0.731005       0.743375
            114          5.069        103.492       0.953309       0.743375
            115         30.380        121.716       0.800259       0.743375
            116         29.638        121.921       0.804449       0.743375
            117          5.682         68.428       0.923327       0.743375
            118         37.780        103.213       0.732044       0.743375
            119         33.111        128.729       0.795410       0.743375
            120         45.670         41.425       0.475634       0.743375
            121         22.223        114.294       0.837216       0.743375
            122         13.271         44.912       0.771907       0.743375
            123          9.787        121.350       0.925369       0.743375
            124         46.937         90.572       0.658664       0.743375
            125         54.525         71.882       0.568655       0.743375
            126         14.995         32.017       0.681040       0.743375
            127         23.027         60.017       0.722711       0.743375
            128         17.249        111.583       0.866112       0.743375
            129         26.469         85.750       0.764129       0.743375
            130         57.709         73.257       0.559362       0.743375
            131         36.715         91.158       0.712878       0.743375
            132         23.797         24.573       0.508013       0.743375
            133        -10.670         50.492       1.267929       0.747810
            134         18.304         39.489       0.683276       0.743375
            135         24.394         66.553       0.731779       0.743375
            136         34.816        108.622       0.757277       0.743375
            137         33.264         69.244       0.675494       0.743375
            138         15.214         49.950       0.766526       0.743375
            139         47.039        107.913       0.696428       0.743375
            140         61.125         69.423       0.531781       0.743375
            141          8.718         71.647       0.891521       0.743375
            142         35.282         46.731       0.569800       0.743375
            143         48.469        126.216       0.722536       0.743375
            144         10.296         29.008       0.738044       0.743375
            145         34.187         72.301       0.678955       0.743375
            146         53.667         78.408       0.593661       0.743375
            147         19.185         61.594       0.762500       0.743375
            148         31.394         77.481       0.711653       0.743375
            149         34.118         81.778       0.705619       0.743375
            150         30.938        161.057       0.838861       0.743375
            151        -15.861         67.676       1.306101       0.747810
            152          8.201         53.258       0.866557       0.743375
            153         14.982        103.225       0.873253       0.743375
            154          4.933         74.015       0.937518       0.743375
            155         -2.822         83.587       1.034946       0.747810
            156         17.379         98.755       0.850353       0.743375
            157         51.759         90.648       0.636543       0.743375
            158         60.394         89.989       0.598400       0.743375
            159         25.798         72.480       0.737499       0.743375
            160         29.942         64.487       0.682912       0.743375
            161         46.820         55.746       0.543511       0.743375
            162          2.043         90.812       0.977999       0.743375
            163          7.232         58.678       0.890270       0.743375
            164         -2.975        164.911       1.018373       0.743375
            165         62.118         48.968       0.440812       0.747810
            166         47.465        208.198       0.814345       0.743375
            167         19.257         51.546       0.728022       0.743375
            168          6.088         59.351       0.906970       0.743375
            169         22.987         72.599       0.759513       0.743375
            170         77.005         55.038       0.416819       0.747810
            171         44.515         75.159       0.628034       0.743375
            172         63.073         98.145       0.608772       0.743375
            173         31.554         15.243       0.325726       0.747810
            174          8.847         86.053       0.906778       0.743375
            175         17.831        104.213       0.853899       0.743375
            176         20.932         68.478       0.765887       0.743375
            177        -12.695         62.930       1.252711       0.747810
            178         11.794         48.275       0.803661       0.743375
            179         40.750         53.868       0.569318       0.743375
            180         45.743        122.257       0.727719       0.743375
            181         51.336         62.390       0.548599       0.743375
            182         55.410         56.472       0.504746       0.743375
            183         42.115        141.817       0.771029       0.743375
            184         30.093         35.700       0.542613       0.743375
            185         29.282         35.327       0.546780       0.743375
            186         17.988         88.855       0.831645       0.743375
            187         41.133         99.878       0.708299       0.743375
            188         37.846         62.362       0.622325       0.743375
            189         40.346         35.183       0.465824       0.747810
            190          3.925        103.970       0.963622       0.743375
            191         65.516         75.439       0.535199       0.743375
            192         65.416         91.562       0.583277       0.743375
            193         63.655         71.235       0.528096       0.743375
            194         30.227         13.439       0.307764       0.747810
            195         14.309         97.989       0.872577       0.743375
            196         38.381         68.310       0.640262       0.743375
            197         18.006         55.714       0.755748       0.743375
            198         16.409         64.721       0.797748       0.743375
            199         43.076         89.272       0.674526       0.743375
            200         19.630         43.314       0.688135       0.743375
            201         24.492         41.946       0.631349       0.743375
            202         18.111        108.859       0.857356       0.743375
            203         59.882        131.283       0.686752       0.743375
            204         28.908         78.174       0.730040       0.743375
            205         21.110         38.120       0.643594       0.743375
            206         46.664         67.515       0.591305       0.743375
            207         18.859        113.098       0.857084       0.743375
            208         39.202         76.471       0.661098       0.743375
            209         24.922         28.747       0.535637       0.743375
            210         49.398         68.459       0.580862       0.743375
            211         19.681         27.019       0.578567       0.743375
            212         27.273         43.544       0.614881       0.743375
            213         28.073         76.663       0.731964       0.743375
            214          9.648         43.245       0.817594       0.743375
            215         36.332         37.047       0.504868       0.743375
            216         25.565        111.100       0.812939       0.743375
            217         32.840         35.864       0.522007       0.743375
            218         21.962         79.863       0.784315       0.743375
            219          5.326         89.026       0.943552       0.743375
            220         12.250        -38.558       1.465663       0.747810
            221         41.168         88.154       0.681664       0.743375
            222         -3.203          1.531      -0.916260      -0.265324
            223         43.236         77.439       0.641714       0.743375
            224         26.208         67.308       0.719753       0.743375
            225         27.600         69.126       0.714655       0.743375
            226         37.523         47.631       0.559349       0.743375
            227         56.313         62.106       0.524458       0.743375
            228         21.880         96.480       0.815138       0.743375
            229         38.719         32.391       0.455505       0.747810
            230          3.298         32.982       0.909095       0.743375
            231         29.627         59.885       0.669017       0.743375
            232         42.156         55.895       0.570059       0.743375
            233         43.063         64.718       0.600457       0.743375
            234         32.906         76.947       0.700451       0.743375
            235          7.137         63.239       0.898590       0.743375
            236         35.461         84.502       0.704399       0.743375
            237         48.478         55.083       0.531889       0.743375
            238         53.807         47.477       0.468753       0.747810
            239         64.696        121.295       0.652155       0.743375
            240         54.404         42.173       0.436681       0.743375
            241         39.218         -9.359      -0.313446      -0.265324
            242         17.932         73.288       0.803419       0.743375
            243         21.555        103.926       0.828221       0.743375
            244         63.847         94.064       0.595675       0.743375
            245         17.718         82.088       0.822477       0.743375
            246         10.142         63.786       0.862815       0.743375
            247         55.482         59.945       0.519335       0.743375
            248         40.689         60.444       0.597667       0.743375
            249         58.587         44.801       0.433329       0.747810
            250         23.846         72.381       0.752188       0.743375
            251         71.215         23.627       0.249123       0.747810
            252        -12.382          5.617      -0.830396      -0.265324
            253         23.373         35.510       0.603057       0.743375
            254         42.616         17.005       0.285218       0.747810
            255        -16.638         68.476       1.320961       0.747810
            256         31.047         81.040       0.723011       0.743375
            257         53.967         89.717       0.624403       0.743375
            258         29.734        135.380       0.819920       0.743375
            259          7.696        101.172       0.929310       0.743375
            260         -3.701         96.027       1.040086       0.747810
            261         30.235         50.859       0.627165       0.743375
            262         85.274         46.795       0.354321       0.747810
            263          9.731        105.890       0.915837       0.743375
            264          8.314         31.226       0.789727       0.743375
            265         46.316         35.526       0.434082       0.747810
            266         52.542         39.063       0.426432       0.747810
            267         30.851         68.504       0.689486       0.743375
            268         48.822        111.641       0.695741       0.743375
            269          5.921         65.271       0.916830       0.743375
            270         35.067         24.855       0.414790       0.747810
            271         24.946         17.599       0.413662       0.747810
            272         25.610         36.709       0.589049       0.743375
            273         16.507         49.121       0.748474       0.743375
            274         11.128         63.780       0.851447       0.743375
            275        -10.206         81.748       1.142649       0.747810
            276         29.931         91.880       0.754287       0.743375
            277         47.259         82.624       0.636144       0.743375
            278          5.407         38.841       0.877800       0.743375
            279         76.292         90.683       0.543094       0.743375
            280         41.122         89.905       0.686156       0.743375
            281         40.996         99.401       0.708002       0.743375
            282         67.199         19.910       0.228564       0.747810
            283         60.112         51.243       0.460177       0.743375
            284         27.277         74.299       0.731460       0.743375
            285         12.628         50.287       0.799282       0.743375
            286         54.169         63.424       0.539350       0.743375
            287         36.319         78.080       0.682523       0.743375
            288         46.401         85.319       0.647730       0.743375
            289         43.530        126.154       0.743464       0.743375
            290         36.284        120.955       0.769245       0.743375
            291         52.037         83.757       0.616795       0.743375
            292         24.677         83.374       0.771613       0.743375
            293         50.414        108.396       0.682552       0.743375
            294         35.812         27.937       0.438234       0.747810
            295         61.154         33.037       0.350743       0.747810
            296         14.567         21.868       0.600183       0.743375
            297         27.758         23.684       0.460401       0.747810
            298         37.465         81.582       0.685292       0.743375
            299         38.396         63.215       0.622129       0.743375
            300         51.212         84.872       0.623673       0.743375
            301        -11.342          6.730      -1.459448      -0.265324
            302         26.321        138.883       0.840674       0.743375
            303          3.200         31.526       0.907843       0.743375
            304          2.534         72.174       0.966082       0.743375
            305          6.826         70.005       0.911153       0.743375
            306         26.081        131.652       0.834653       0.743375
            307         13.951         46.987       0.771063       0.743375
            308         14.721         51.136       0.776475       0.743375
            309         43.084         86.534       0.667606       0.743375
            310         42.636        101.105       0.703385       0.743375
            311         31.503         40.978       0.565364       0.743375
            312         26.553        103.923       0.796490       0.743375
            313         17.246         47.816       0.734934       0.743375
            314         64.459         86.633       0.573378       0.743375
            315         42.268         38.846       0.478908       0.743375
            316         29.705        126.819       0.810220       0.743375
            317         79.789         43.379       0.352194       0.747810
            318         15.081        104.993       0.874402       0.743375
            319         25.765        100.514       0.795970       0.743375
            320         66.421         13.310       0.166932       0.747810
            321         39.675         83.136       0.676945       0.743375
            322         60.083         88.931       0.596797       0.743375
            323        -15.092         74.288       1.254941       0.747810
            324         18.374         94.067       0.836590       0.743375
            325         34.667         43.753       0.557930       0.743375
            326        -15.593         86.117       1.221095       0.747810
            327         64.864         70.810       0.521914       0.743375
            328         -5.889         26.654       1.283573       0.747810
            329         -0.132         56.842       1.002336       0.743375
            330         32.962         90.227       0.732428       0.743375
            331         31.640         61.888       0.661707       0.743375
            332         46.830         55.250       0.541242       0.743375
            333          1.097         65.265       0.983468       0.743375
            334         -1.365         77.103       1.018017       0.743375
            335         43.692         -6.203      -0.165469       0.747810
            336         42.122         51.234       0.548803       0.743375
            337         62.199         83.886       0.574228       0.743375
            338        -10.029         80.543       1.142235       0.747810
            339         46.345         18.145       0.281359       0.747810
            340         21.709         82.506       0.791689       0.743375
            341         10.729        102.904       0.905580       0.743375
            342         28.335         71.855       0.717191       0.743375
            343         38.727         62.866       0.618806       0.743375
            344         -1.371         88.782       1.015681       0.747810
            345         35.944        103.717       0.742634       0.743375
            346         12.547         75.594       0.857652       0.743375
            347        -14.125        116.965       1.137346       0.747810
            348        -19.324         73.477       1.356846       0.747810
            349         40.532         99.543       0.710641       0.743375
            350          8.278        141.753       0.944825       0.743375
            351         23.535         86.922       0.786933       0.743375
            352         32.074         94.945       0.747488       0.743375
            353        -14.786         12.532      -5.561174      -0.265324
            354          5.457         66.308       0.923966       0.743375
            355         27.868          2.211       0.073510       0.747810
            356         14.967         80.693       0.843541       0.743375
            357         20.751         97.085       0.823899       0.743375
            358         16.380         68.749       0.807583       0.743375
            359         19.341        106.427       0.846217       0.743375
            360          9.846         88.612       0.900002       0.743375
            361         10.393        121.405       0.921144       0.743375
            362         19.056         81.450       0.810397       0.743375
            363          8.586         87.004       0.910176       0.743375
            364          2.682         56.677       0.954812       0.743375
            365         42.567        113.683       0.727570       0.743375
            366         24.019         69.392       0.742865       0.743375
            367         23.758         77.729       0.765899       0.743375
            368         47.621         42.315       0.470498       0.747810
            369         10.156        105.563       0.912237       0.743375
            370         40.601         78.224       0.658311       0.743375
            371         17.829        104.388       0.854120       0.743375
            372         32.498         39.185       0.546645       0.743375
            373         22.746         32.582       0.588889       0.743375
            374         -6.824         29.148       1.305705       0.747810
            375         16.031         30.135       0.652749       0.743375
            376         14.471         96.680       0.869808       0.743375
            377         12.308         72.448       0.854780       0.743375
            378         10.163        101.969       0.909363       0.743375
            379         22.034         88.023       0.799796       0.743375
            380         39.114         49.776       0.559974       0.743375
            381         63.882        144.950       0.694098       0.743375
            382         38.253         70.902       0.649557       0.743375
            383         11.855         35.951       0.752021       0.743375
            384         16.555         49.218       0.748301       0.743375
            385         25.169         81.092       0.763144       0.743375
            386         28.134         56.559       0.667809       0.743375
            387         23.598         73.668       0.757388       0.743375
            388          4.346         64.667       0.937022       0.743375
            389         53.540          9.750       0.154056       0.747810
            390        -14.400        127.313       1.127533       0.747810
            391         30.637        112.215       0.785534       0.743375
            392         14.647         41.637       0.739770       0.743375
            393         -7.640        118.179       1.069117       0.747810
            394         21.939        119.729       0.845140       0.743375
            395         33.135         82.517       0.713493       0.743375
            396         31.229         31.987       0.505993       0.743375
            397         37.595         81.984       0.685604       0.743375
            398        -17.631         63.032       1.388348       0.747810
            399         59.759         66.450       0.526508       0.743375
            400         13.914         47.377       0.772981       0.743375
            401         32.231         90.056       0.736434       0.743375
            402         66.533         64.818       0.493470       0.743375
            403         57.188        115.536       0.668904       0.743375
            404         20.477         96.295       0.824639       0.743375
            405         26.266         54.471       0.674671       0.743375
            406         19.006         17.512       0.479536       0.743375
            407         26.565         67.290       0.716958       0.743375
            408         44.480         38.177       0.461876       0.747810
            409         12.201        115.293       0.904304       0.743375
            410         47.299         26.569       0.359678       0.747810
            411         32.658         51.703       0.612880       0.743375
            412         41.545        115.764       0.735903       0.743375
            413         47.912         83.150       0.634435       0.743375
            414         73.460         80.976       0.524335       0.743375
            415         53.819         57.293       0.515633       0.743375
            416         51.575         18.421       0.263171       0.747810
            417         40.888         86.885       0.679994       0.743375
            418         14.048          3.281       0.189343       0.747810
            419         62.326         34.014       0.353062       0.747810
            420         25.709         77.142       0.750038       0.743375
            421          6.716         96.379       0.934860       0.743375
            422        -16.686         36.654       1.835678      -0.265324
            423         15.644        110.733       0.876211       0.743375
            424         56.988         57.277       0.501268       0.743375
            425         33.439        107.756       0.763171       0.743375
            426         12.391         95.200       0.884833       0.743375
            427         27.114        104.538       0.794051       0.743375
            428         20.197         66.148       0.766094       0.743375
            429         30.910         53.361       0.633207       0.743375
            430         59.495        121.127       0.670611       0.743375
            431         39.401         10.745       0.214274       0.747810
            432          2.604         52.344       0.952602       0.743375
            433        -22.659         41.655       2.192835      -0.265324
            434         34.752         36.912       0.515071       0.743375
            435         12.599        127.943       0.910352       0.743375
            436          6.992         84.867       0.923883       0.743375
            437         36.218         66.522       0.647477       0.743375
            438         19.496        120.702       0.860938       0.743375
            439         -4.310         46.749       1.101552       0.747810
            440         38.473         62.177       0.617752       0.743375
            441         13.512         66.972       0.832120       0.743375
            442         41.668        104.597       0.715119       0.743375
            443         30.628        100.588       0.766581       0.743375
            444         19.845         -7.203      -0.569749      -0.265324
            445         33.039        112.148       0.772439       0.743375
            446         25.525         55.804       0.686146       0.743375
            447          2.103         -0.990      -0.890428      -0.265324
            448         45.756         84.062       0.647538       0.743375
            449         51.341         28.420       0.356318       0.747810
            450         17.736        106.240       0.856941       0.743375
            451         29.264         49.522       0.628563       0.743375
            452         45.649         92.871       0.670450       0.743375
            453         16.008         91.850       0.851580       0.743375
            454         37.031         77.495       0.676662       0.743375
            455          8.542        132.487       0.939433       0.743375
            456         52.161         86.823       0.624697       0.743375
            457         76.459         43.472       0.362475       0.747810
            458         19.326        102.398       0.841232       0.743375
            459         33.243         40.286       0.547891       0.743375
            460         52.218         66.034       0.558415       0.743375
            461         54.491         92.550       0.629416       0.743375
            462         27.570         94.477       0.774101       0.743375
            463         36.365         41.033       0.530155       0.743375
            464         -0.172        115.171       1.001498       0.743375
            465         45.437         68.045       0.599611       0.743375
            466         -1.817         46.173       1.040965       0.743375
            467         64.487         47.209       0.422657       0.747810
            468         34.394         95.470       0.735153       0.743375
            469         11.023        122.660       0.917544       0.743375
            470         73.427         85.626       0.538349       0.743375
            471         63.650        116.031       0.645761       0.743375
            472         -8.192         60.269       1.157314       0.747810
            473         16.959         44.769       0.725262       0.743375
            474         44.400        115.271       0.721929       0.743375
            475         -2.843        115.747       1.025184       0.747810
            476          3.518         49.683       0.933871       0.743375
            477         -5.308         42.304       1.143489       0.747810
            478         28.064        103.434       0.786582       0.743375
            479          6.968         78.808       0.918769       0.743375
            480         32.458         74.297       0.695958       0.743375
            481         16.168         95.233       0.854865       0.743375
            482         16.451        106.155       0.865823       0.743375
            483         47.030         66.147       0.584458       0.743375
            484         42.816         13.575       0.240733       0.747810
            485         64.980         61.848       0.487654       0.743375
            486         32.463        103.100       0.760532       0.743375
            487        -17.102         24.426       3.335186      -0.265324
            488         25.167         77.275       0.754332       0.743375
            489         14.836        102.420       0.873477       0.743375
            490          8.835         39.122       0.815775       0.743375
            491         29.560         26.126       0.469166       0.747810
            492         34.683         37.541       0.519788       0.743375
            493         16.859          3.477       0.170968       0.747810
            494         63.435         83.298       0.567683       0.743375
            495         61.528         14.300       0.188582       0.747810
            496          4.972         24.469       0.831131       0.743375
            497        -25.798         94.200       1.377164       0.747810
            498         10.235         33.819       0.767677       0.743375
            499         37.172         67.518       0.644932       0.743375
            500         41.722        132.218       0.760137       0.743375
            501         16.274         88.983       0.845391       0.743375
            502         75.373         78.023       0.508637       0.743375
            503         44.320        120.904       0.731760       0.743375
            504         80.595         37.096       0.315200       0.747810
            505         58.448         86.848       0.597730       0.743375
            506         53.182         99.653       0.652031       0.743375
            507          3.636        142.220       0.975074       0.743375
            508         20.845         51.457       0.711692       0.743375
            509         59.897         28.002       0.318572       0.747810
            510         11.620         66.916       0.852044       0.743375
            511        -18.714         94.022       1.248501       0.747810
            512         10.534         84.073       0.888655       0.743375
            513         15.137        114.607       0.883329       0.743375
            514         15.469         79.123       0.836469       0.743375
            515         21.278         98.057       0.821697       0.743375
            516         25.399         79.445       0.757748       0.743375
            517         11.801        103.591       0.897734       0.743375
            518         43.425         46.848       0.518959       0.743375
            519         20.390         91.159       0.817211       0.743375
            520         27.414         83.574       0.752997       0.743375
            521         41.717         97.793       0.700976       0.743375
            522         24.973         68.868       0.733877       0.743375
            523         27.659        -15.584      -1.290514      -0.265324
            524         52.548         41.662       0.442226       0.743375
            525         48.963         58.545       0.544564       0.743375
            526         -4.444         66.003       1.072192       0.747810
            527         42.184         99.616       0.702511       0.743375
            528         23.613         77.130       0.765614       0.743375
            529         63.008         98.220       0.609200       0.743375
            530         50.191         20.713       0.292124       0.747810
            531         10.954         24.240       0.688766       0.743375
            532         59.621         54.350       0.476873       0.743375
            533         52.697         83.093       0.611923       0.743375
            534         -2.901        117.116       1.025396       0.747810
            535         16.759         39.866       0.704042       0.743375
            536         34.973         53.127       0.603032       0.743375
            537         10.828         40.443       0.788805       0.743375
            538         57.169         44.984       0.440361       0.747810
            539         32.822         60.214       0.647209       0.743375
            540         11.709         78.869       0.870732       0.743375
            541         50.352         75.606       0.600246       0.743375
            542         -5.158         45.685       1.127264       0.747810
            543          4.825         35.985       0.881763       0.743375
            544         23.332         37.380       0.615699       0.743375
            545         56.025         85.974       0.605454       0.743375
            546         43.755        100.933       0.697589       0.743375
            547        -14.686         67.975       1.275582       0.747810
            548         42.822         82.467       0.658216       0.743375
            549         15.381         59.754       0.795289       0.743375
            550         -3.698         44.544       1.090537       0.747810
            551         27.117        166.071       0.859636       0.743375
            552         25.284         79.218       0.758053       0.743375
            553        -25.378         79.730       1.466915       0.747810
            554         33.646         65.655       0.661173       0.743375
            555         10.683         79.660       0.881749       0.743375
            556         37.682         96.264       0.718676       0.743375
            557         34.273        113.498       0.768068       0.743375
            558        -14.212         25.249       2.287584      -0.265324
            559         23.790        103.670       0.813353       0.743375
            560         62.277         94.151       0.601880       0.743375
            561         40.607         19.654       0.326154       0.747810
            562         31.672         42.993       0.575818       0.743375
            563         20.693         35.959       0.634734       0.743375
            564          7.055         77.198       0.916266       0.743375
            565         48.960        107.537       0.687148       0.743375
            566         -0.814         29.179       1.028689       0.747810
            567         19.262        126.128       0.867514       0.743375
            568         51.268         82.211       0.615909       0.743375
            569         32.817         92.732       0.738610       0.743375
            570         31.736         29.251       0.479622       0.743375
            571         15.824        103.374       0.867243       0.743375
            572         20.374        103.446       0.835455       0.743375
            573         36.364         60.602       0.624985       0.743375
            574         21.196         64.655       0.753105       0.743375
            575         30.243         78.040       0.720707       0.743375
            576         50.659         75.982       0.599979       0.743375
            577         19.426          1.387       0.066642       0.747810
            578         49.209         28.352       0.365545       0.747810
            579         69.015         58.213       0.457548       0.743375
            580         22.420         82.762       0.786849       0.743375
            581         20.847         80.979       0.795266       0.743375
            582         21.524         21.091       0.494921       0.743375
            583         52.020         96.139       0.648892       0.743375
            584         73.535         51.875       0.413645       0.747810
            585         30.480         63.022       0.674015       0.743375
            586         47.988         29.773       0.382878       0.747810
            587         46.443         50.137       0.519128       0.743375
            588         17.371         58.565       0.771244       0.743375
            589          4.709         81.806       0.945575       0.743375
            590         65.651         94.521       0.590124       0.743375
            591         21.502        106.552       0.832086       0.743375
            592         52.739        130.429       0.712074       0.743375
            593         39.866         62.899       0.612067       0.743375
            594         32.258         67.478       0.676566       0.743375
            595          9.967         85.999       0.896143       0.743375
            596         62.624         64.527       0.507483       0.743375
            597         46.624         62.642       0.573301       0.743375
            598          5.705        132.638       0.958760       0.743375
            599         40.563         51.588       0.559818       0.743375
            600         50.457        101.586       0.668141       0.743375
            601         52.425         89.497       0.630606       0.743375
            602         23.139        -19.873      -6.085340      -0.265324
            603         34.933         44.383       0.559573       0.743375
            604         47.657         44.227       0.481339       0.743375
            605         32.337         80.403       0.713172       0.743375
            606         17.891         98.938       0.846860       0.743375
            607          8.967         53.341       0.856093       0.743375
            608         52.143         33.033       0.387825       0.747810
            609         31.977         65.328       0.671372       0.743375
            610         73.043         39.685       0.352040       0.747810
            611         33.272         81.801       0.710859       0.743375
            612         59.212         98.062       0.623511       0.743375
            613         19.411         69.598       0.781924       0.743375
            614         16.436         80.212       0.829935       0.743375
            615         46.724         96.651       0.674113       0.743375
            616         15.269         96.342       0.863193       0.743375
            617         29.485         95.200       0.763524       0.743375
            618         62.836         51.260       0.449270       0.747810
            619         22.765         80.306       0.779134       0.743375
            620         40.229        117.060       0.744234       0.743375
            621         18.022         99.351       0.846454       0.743375
            622         29.941         34.912       0.538322       0.743375
            623         51.507         33.282       0.392528       0.747810
            624         39.612         87.483       0.688325       0.743375
            625         10.403          3.681       0.261351       0.747810
            626         48.480         22.093       0.313053       0.747810
            627         25.650        109.940       0.810829       0.743375
            628         60.277         54.540       0.475017       0.743375
            629        -11.745         28.433       1.703774       0.747810
            630         82.065         28.078       0.254927       0.747810
            631         16.895        102.112       0.858032       0.743375
            632         13.567        109.899       0.890119       0.743375
            633          5.225         78.781       0.937801       0.743375
            634          3.964         92.930       0.959086       0.743375
            635         28.259         31.485       0.526996       0.743375
            636         -7.627        111.917       1.073134       0.747810
            637         35.291         96.941       0.733113       0.743375
            638         30.657         45.275       0.596256       0.743375
            639         11.260         61.422       0.845077       0.743375
            640         38.293         95.076       0.712878       0.743375
            641         41.293         40.452       0.494852       0.743375
            642         35.534         72.398       0.670775       0.743375
            643         14.404         66.542       0.822053       0.743375
            644         -6.670        126.175       1.055815       0.747810
            645          1.733        125.644       0.986394       0.743375
            646         50.350         48.061       0.488370       0.743375
            647        -17.118         62.667       1.375823       0.747810
            648         19.295         95.865       0.832448       0.743375
            649         15.610         41.313       0.725774       0.743375
            650         14.752         26.510       0.642471       0.743375
            651         39.991        102.035       0.718424       0.743375
            652         38.087         81.735       0.682139       0.743375
            653         75.459        119.975       0.613890       0.743375
            654         54.792         48.452       0.469293       0.747810
            655         37.799         73.943       0.661726       0.743375
            656         16.534         58.689       0.780197       0.743375
            657         -7.079         48.101       1.172573       0.747810
            658         28.548         46.057       0.617351       0.743375
            659         21.910         99.327       0.819280       0.743375
            660         31.659        101.165       0.761645       0.743375
            661         40.659         91.202       0.691650       0.743375
            662          8.361         38.840       0.822872       0.743375
            663         35.489         92.258       0.722191       0.743375
            664          5.888         10.386       0.638223       0.743375
            665         13.027        111.393       0.895301       0.743375
            666         35.858        105.017       0.745463       0.743375
            667        -12.023         88.199       1.157832       0.747810
            668         19.857         38.072       0.657224       0.743375
            669         29.305         24.373       0.454057       0.747810
            670         36.235        109.162       0.750785       0.743375
            671         76.530         96.033       0.556510       0.743375
            672         12.990         53.673       0.805139       0.743375
            673          4.819        -16.208       1.423082       0.747810
            674         34.165         62.531       0.646678       0.743375
            675         38.501        112.031       0.744232       0.743375
            676         23.713        107.377       0.819107       0.743375
            677         31.964         79.513       0.713266       0.743375
            678         41.447        118.285       0.740520       0.743375
            679          9.243         79.447       0.895787       0.743375
            680         22.571         75.532       0.769924       0.743375
            681         57.881         88.435       0.604412       0.743375
            682         26.092        117.312       0.818050       0.743375
            683         12.337        103.898       0.893860       0.743375
            684         20.353         77.639       0.792301       0.743375
            685         27.485        112.051       0.803023       0.743375
            686         19.401         63.289       0.765376       0.743375
            687         14.575         64.982       0.816795       0.743375
            688         31.168         67.016       0.682555       0.743375
            689         38.384        107.310       0.736544       0.743375
            690         27.400        120.797       0.815113       0.743375
            691          7.386        117.113       0.940670       0.743375
            692         -9.264         42.306       1.280364       0.747810
            693         55.210         75.108       0.576347       0.743375
            694         14.908         54.442       0.785038       0.743375
            695         43.189         29.919       0.409246       0.747810
            696        -11.476         73.757       1.184256       0.747810
            697         -1.898         49.691       1.039716       0.743375
            698          5.565        102.874       0.948677       0.743375
            699         -2.353         85.418       1.028326       0.747810
            700         25.046         87.630       0.777714       0.743375
            701         37.872        139.082       0.785980       0.743375
            702        -20.315         26.986       4.045692      -0.265324
            703         27.583        117.717       0.810165       0.743375
            704         -2.147         76.437       1.028898       0.747810
            705          1.557         17.967       0.920243       0.743375
            706         31.787         66.830       0.677670       0.743375
            707         24.316         71.062       0.745058       0.743375
            708         12.770         16.787       0.567944       0.743375
            709         18.371         76.720       0.806808       0.743375
            710          9.203          1.994       0.178089       0.747810
            711         24.009         87.850       0.785361       0.743375
            712         20.893         21.716       0.509661       0.743375
            713          8.931        131.919       0.936591       0.743375
            714         27.866        104.558       0.789569       0.743375
            715         -7.838         67.982       1.130316       0.747810
            716         30.775         10.208       0.249080       0.747810
            717         37.089        139.669       0.790172       0.743375
            718         21.784         76.588       0.778551       0.743375
            719         19.695         25.491       0.564136       0.743375
            720         23.306        156.179       0.870151       0.743375
            721         -0.700        103.113       1.006838       0.743375
            722         14.769        105.620       0.877323       0.743375
            723         23.572        139.037       0.855040       0.743375
            724         30.299         51.793       0.630917       0.743375
            725         11.014        117.599       0.914360       0.743375
            726          4.221         51.068       0.923648       0.743375
            727         13.390        110.036       0.891514       0.743375
            728         53.047        120.904       0.695047       0.743375
            729         -8.011        120.879       1.070973       0.747810
            730         39.921         61.000       0.604433       0.743375
            731        -10.730         72.331       1.174185       0.747810
            732        -14.750         82.601       1.217386       0.747810
            733         -7.484        115.819       1.069077       0.747810
            734          2.574         79.027       0.968457       0.743375
            735         27.867        129.145       0.822517       0.743375
            736          4.091        140.928       0.971788       0.743375
            737          9.436         79.648       0.894073       0.743375
            738         24.666         78.629       0.761208       0.743375
            739         47.209         57.827       0.550545       0.743375
            740         47.797         96.533       0.668835       0.743375
            741          0.952         76.385       0.987693       0.743375
            742         36.275         20.151       0.357126       0.747810
            743         14.224         67.403       0.825740       0.743375
            744         -7.778         46.474       1.201006       0.747810
            745         40.917         94.612       0.698094       0.743375
            746         41.092         92.553       0.692526       0.743375
            747        -15.893        103.671       1.181061       0.747810
            748         -9.444         52.882       1.217418       0.747810
            749         27.205        106.787       0.796966       0.743375
            750         16.833        102.501       0.858944       0.743375
            751          0.233        100.094       0.997677       0.743375
            752         12.409         82.913       0.869820       0.743375
            753         37.862        136.082       0.782334       0.743375
            754         36.479         16.850       0.315960       0.747810
            755          3.845         43.489       0.918768       0.743375
            756         23.378         60.087       0.719904       0.743375
            757         38.091        128.570       0.771446       0.743375
            758         37.056         54.276       0.594274       0.743375
            759         22.245        106.833       0.827663       0.743375
            760         51.730        116.721       0.692909       0.743375
            761         12.471         74.999       0.857422       0.743375
            762         -0.804         95.701       1.008476       0.743375
            763         52.302         66.808       0.560894       0.743375
            764         16.575        118.309       0.877119       0.743375
            765         44.310         97.542       0.687633       0.743375
            766         22.107        104.498       0.825387       0.743375
            767          6.256         47.375       0.883345       0.743375
            768         38.755         86.693       0.691066       0.743375
            769         15.122        102.840       0.871802       0.743375
            770          5.973         83.601       0.933317       0.743375
            771          7.462         98.609       0.929652       0.743375
            772         40.598         61.603       0.602764       0.743375
            773         22.701         69.390       0.753496       0.743375
            774         -3.427         89.612       1.039763       0.747810
            775         32.752         95.312       0.744255       0.743375
            776         -6.150         77.928       1.085679       0.747810
            777         40.525         98.903       0.709349       0.743375
            778         30.235         96.737       0.761880       0.743375
            779         15.587         79.552       0.836164       0.743375
            780          3.020         64.082       0.954988       0.743375
            781          2.830         95.600       0.971248       0.743375
            782         15.841         64.265       0.802245       0.743375
            783         29.320         69.033       0.701891       0.743375
            784         67.810         57.690       0.459680       0.747810
            785         17.318         49.094       0.739230       0.743375
            786         39.797         69.413       0.635593       0.743375
            787         42.026          7.788       0.156348       0.747810
            788         31.048         80.599       0.721910       0.743375
            789         38.648         91.666       0.703423       0.743375
            790         17.301         92.474       0.842397       0.743375
            791         14.847         10.290       0.409341       0.747810
            792         37.212         54.329       0.593491       0.743375
            793         16.346        185.683       0.919091       0.743375
            794         19.161         70.522       0.786344       0.743375
            795         30.085        129.232       0.811163       0.743375
            796          0.370         39.414       0.990706       0.743375
            797          2.917         74.455       0.962302       0.743375
            798         -2.979        114.732       1.026655       0.747810
            799         29.004        100.954       0.776819       0.743375
            800         21.260         50.684       0.704493       0.743375
            801         21.783         66.485       0.753214       0.743375
            802          2.828         69.430       0.960860       0.743375
            803          5.390         21.896       0.802463       0.743375
            804         23.051         85.632       0.787906       0.743375
            805         17.759         40.105       0.693089       0.743375
            806         36.881         64.602       0.636577       0.743375
            807         16.407         92.495       0.849341       0.743375
            808        -20.122         53.297       1.606542       0.747810
            809         16.416         74.917       0.820266       0.743375
            810         -8.882        116.443       1.082574       0.747810
            811         29.945         79.325       0.725950       0.743375
            812         37.255         42.346       0.531979       0.743375
            813          8.606         75.206       0.897316       0.743375
            814         -0.097         46.826       1.002086       0.743375
            815         21.684         74.777       0.775205       0.743375
            816         32.713         39.109       0.544523       0.743375
            817         42.437         42.032       0.497603       0.743375
            818         22.452         76.606       0.773342       0.743375
            819         23.228         98.907       0.809817       0.743375
            820         -0.588         92.191       1.006414       0.743375
            821         31.400         29.507       0.484456       0.743375
            822          8.082         61.344       0.883582       0.743375
            823         24.898         63.639       0.718782       0.743375
            824         -9.242         98.303       1.103776       0.747810
            825          0.939         54.413       0.983040       0.743375
            826         12.921         74.476       0.852159       0.743375
            827         17.916         39.578       0.688387       0.743375
            828         13.208         98.469       0.881732       0.743375
            829         62.247         78.992       0.559278       0.743375
            830          6.283         72.747       0.920497       0.743375
            831         27.113         19.657       0.420291       0.747810
            832         29.053         91.642       0.759288       0.743375
            833         32.762        149.939       0.820680       0.743375
            834         28.427         74.001       0.722467       0.743375
            835          0.851         84.713       0.990057       0.743375
            836        -24.767         45.762       2.179608      -0.265324
            837        -11.802         86.355       1.158309       0.747810
            838        -24.582        105.738       1.302893       0.747810
            839         -1.325         76.888       1.017532       0.743375
            840         23.128        101.511       0.814443       0.743375
            841          3.849         97.677       0.962087       0.743375
            842         40.072         58.662       0.594143       0.743375
            843         12.196         24.938       0.671556       0.743375
            844         13.771         75.794       0.846244       0.743375
            845         53.569        111.411       0.675300       0.743375
            846        -42.328        114.648       1.585287       0.747810
            847         25.547        126.299       0.831756       0.743375
            848         32.428        108.884       0.770523       0.743375
            849         14.090         20.337       0.590723       0.743375
            850         28.139        124.710       0.815901       0.743375
            851         56.245         56.323       0.500346       0.743375
            852         43.932        152.121       0.775917       0.743375
            853         65.525         56.794       0.464313       0.747810
            854         21.938         71.740       0.765813       0.743375
            855         19.031         76.774       0.801356       0.743375
            856         18.228         92.632       0.835580       0.743375
            857          5.096         75.356       0.936655       0.743375
            858         58.716         56.489       0.490333       0.743375
            859         16.259        115.985       0.877056       0.743375
            860         12.918        103.950       0.889464       0.743375
            861         37.906        108.596       0.741256       0.743375
            862         30.238        120.002       0.798733       0.743375
            863         13.041        147.555       0.918797       0.743375
            864        -14.509         47.957       1.433780       0.747810
            865         25.659        123.174       0.827598       0.743375
            866         19.697        102.801       0.839206       0.743375
            867         25.159         38.435       0.604382       0.743375
            868         62.527         64.780       0.508851       0.743375
            869         40.998         42.461       0.508763       0.743375
            870        -11.704         56.648       1.260411       0.747810
            871         44.461        114.552       0.720394       0.743375
            872          5.092         55.544       0.916028       0.743375
            873         29.090        142.806       0.830772       0.743375
            874         26.698         68.246       0.718799       0.743375
            875         22.877        107.426       0.824430       0.743375
            876         12.672         43.347       0.773790       0.743375
            877        102.882        144.453       0.584036       0.743375
            878          1.002        116.767       0.991488       0.743375
            879         45.145         81.243       0.642806       0.743375
            880         22.376         80.950       0.783443       0.743375
            881          5.079         68.971       0.931412       0.743375
            882         34.539         24.948       0.419380       0.747810
            883          9.392         38.657       0.804531       0.743375
            884         21.603         87.334       0.801689       0.743375
            885         58.378         72.004       0.552251       0.743375
            886         35.456        -18.254      -1.061144      -0.265324
            887         13.268         60.782       0.820828       0.743375
            888         51.736         29.620       0.364076       0.747810
            889          4.068         76.069       0.949239       0.743375
            890         39.102        167.117       0.810384       0.743375
            891          6.815         56.638       0.892595       0.743375
            892        -16.461         33.208       1.982892      -0.265324
            893         15.069         65.985       0.814091       0.743375
            894         16.059         72.693       0.819062       0.743375
            895         72.750         82.311       0.530828       0.743375
            896         59.739         70.903       0.542727       0.743375
            897         44.094         91.416       0.674607       0.743375
            898         17.047         70.087       0.804358       0.743375
            899         52.585        109.543       0.675660       0.743375
            900         54.378         64.688       0.543293       0.743375
            901         32.241         72.504       0.692197       0.743375
            902         16.916         87.237       0.837587       0.743375
            903         17.269        100.658       0.853560       0.743375
            904         11.770         77.998       0.868879       0.743375
            905         67.770         49.711       0.423138       0.747810
            906         28.193         78.418       0.735553       0.743375
            907         47.592         82.872       0.635212       0.743375
            908         24.248         91.433       0.790387       0.743375
            909         46.988        110.758       0.702127       0.743375
            910         52.251         -6.268      -0.136313       0.747810
            911         43.537         31.472       0.419574       0.747810
            912         63.779        119.031       0.651121       0.743375
            913         32.249         -8.860      -0.378787      -0.265324
            914         51.752         83.507       0.617387       0.743375
            915         28.405         86.917       0.753687       0.743375
            916        -26.830         56.641       1.899994      -0.265324
            917         36.025         52.032       0.590888       0.743375
            918         27.744         84.453       0.752718       0.743375
            919         -2.748         53.691       1.053939       0.747810
            920         45.546         50.166       0.524136       0.743375
            921         33.011         65.573       0.665150       0.743375
            922         40.515         22.257       0.354575       0.747810
            923         31.108         91.883       0.747070       0.743375
            924         51.635        124.421       0.706714       0.743375
            925         13.376         46.955       0.778283       0.743375
            926         19.365        -17.818     -11.515714      -0.265324
            927         -3.542         62.676       1.059905       0.747810
            928         31.977         51.508       0.616972       0.743375
            929          4.573         42.535       0.902920       0.743375
            930         51.892          8.068       0.134557       0.747810
            931        -40.865         92.595       1.789972       0.747810
            932         29.239         94.045       0.762831       0.743375
            933         34.172        107.808       0.759317       0.743375
            934         25.207         54.955       0.685549       0.743375
            935         21.498         91.087       0.809050       0.743375
            936          2.396        146.067       0.983862       0.743375
            937         21.995         92.924       0.808601       0.743375
            938        -10.432         64.136       1.194254       0.747810
            939         47.778        101.654       0.680269       0.743375
            940         22.542        163.906       0.879096       0.743375
            941         -3.174        112.233       1.029102       0.747810
            942         38.527         94.254       0.709844       0.743375
            943         12.112         93.072       0.884850       0.743375
            944         16.184         88.775       0.845807       0.743375
            945         24.898        111.854       0.817931       0.743375
            946         68.646         48.553       0.414275       0.747810
            947         35.348        127.788       0.783321       0.743375
            948          1.424        138.151       0.989801       0.743375
            949         23.773         68.282       0.741753       0.743375
            950         24.747         34.641       0.583302       0.743375
            951         28.489         88.357       0.756181       0.743375
            952          6.558        112.289       0.944823       0.743375
            953         26.650         74.025       0.735290       0.743375
            954         42.969         14.357       0.250443       0.747810
            955         14.268         59.418       0.806364       0.743375
            956         14.259         95.079       0.869590       0.743375
            957         42.846         64.113       0.599417       0.743375
            958         32.346         48.916       0.601953       0.743375
            959         67.928         60.783       0.472243       0.743375
            960         10.382         97.182       0.903485       0.743375
            961         51.707         95.677       0.649167       0.743375
            962         21.665         95.487       0.815066       0.743375
            963         52.079         53.956       0.508848       0.743375
            964         -6.286         96.344       1.069796       0.747810
            965         24.582         86.380       0.778463       0.743375
            966         51.146         52.871       0.508289       0.743375
            967         24.799         92.625       0.788808       0.743375
            968         35.256         98.135       0.735694       0.743375
            969         27.737        109.844       0.798394       0.743375
            970         23.360        109.428       0.824081       0.743375
            971         -6.061         43.983       1.159831       0.747810
            972         23.188         66.659       0.741919       0.743375
            973         26.970         75.753       0.737450       0.743375
            974         45.428         52.626       0.536703       0.743375
            975         11.640         95.573       0.891433       0.743375
            976          7.138         55.821       0.886620       0.743375
            977        -16.259         84.828       1.237125       0.747810
            978         43.748         81.458       0.650592       0.743375
            979          7.734          4.107       0.346815       0.747810
            980         36.610         60.791       0.624129       0.743375
            981         58.317         31.508       0.350773       0.747810
            982         45.829         38.209       0.454663       0.743375
            983         67.316         71.165       0.513900       0.743375
            984         20.099         80.869       0.800934       0.743375
            985          1.306        103.048       0.987488       0.743375
            986         25.413         63.154       0.713066       0.743375
            987         37.115         88.537       0.704618       0.743375
            988         31.886        107.716       0.771594       0.743375
            989         24.915         25.744       0.508180       0.743375
            990         15.675        101.631       0.866379       0.743375
            991         47.640         80.029       0.626850       0.743375
            992         26.421         51.066       0.659024       0.743375
            993          5.458         74.832       0.932017       0.743375
            994         24.124         55.984       0.698859       0.743375
            995         35.743          6.456       0.152988       0.747810
            996         11.264         77.313       0.872838       0.743375
            997         19.647        110.973       0.849584       0.743375
            998          4.734        -21.005       1.290975       0.747810
            999         24.938        118.077       0.825628       0.743375
           1000         41.436         95.830       0.698131       0.743375
