              1         59.283         96.191       0.618697       0.725259
              2         30.546         36.146       0.541986       0.725259
              3         60.182         62.646       0.510033       0.725259
              4         44.360         46.731       0.513015       0.725259
              5         62.407         77.845       0.555035       0.725259
              6         16.774         74.561       0.816347       0.725259
              7         39.707         32.226       0.448000       0.725259
              8          4.222         86.553       0.953492       0.725259
              9         29.528        117.389       0.799016       0.725259
             10         48.106         79.310       0.622450       0.725259
             11         47.573         74.833       0.611350       0.725259
             12         58.077         70.969       0.549954       0.725259
             13         52.033         76.166       0.594122       0.725259
             14         30.360         86.993       0.741292       0.725259
             15         45.405         80.950       0.640656       0.725259
             16         33.921         50.749       0.599374       0.725259
             17         48.926         86.441       0.638566       0.725259
             18         46.077         97.843       0.679845       0.725259
             19         25.661         41.426       0.617494       0.725259
             20         33.263         62.888       0.654055       0.725259
             21         46.653         48.824       0.511368       0.725259
             22         49.481        113.072       0.695599       0.725259
             23         64.533        107.175       0.624172       0.725259
             24         27.939         66.627       0.704558       0.725259
             25         36.766         84.127       0.695881       0.725259
             26         51.575        116.704       0.693514       0.725259
             27          9.783          8.209       0.456253       0.725259
             28         15.167         43.311       0.740638       0.725259
             29        -21.076         58.037       1.570207       0.883452
             30         41.245         86.721       0.677690       0.725259
             31          2.546         70.385       0.965087       0.725259
             32          9.708        122.169       0.926384       0.725259
             33         39.068         58.603       0.600004       0.725259
             34         21.890         70.783       0.763793       0.725259
             35         27.253         44.495       0.620159       0.725259
             36        -13.728         89.098       1.182135       0.725259
             37          6.841        106.874       0.939842       0.725259
             38          0.323        125.111       0.997421       0.725259
             39         21.137         49.330       0.700039       0.725259
             40         69.278         96.689       0.582581       0.725259
             41         18.458         78.574       0.809774       0.725259
             42         25.553         83.554       0.765798       0.725259
             43         11.741         61.084       0.838777       0.725259
             44         57.895         59.039       0.504893       0.725259
             45          4.016         91.148       0.957800       0.725259
             46         38.247         62.336       0.619747       0.725259
             47         17.930         83.340       0.822951       0.725259
             48         -4.660         74.529       1.066689       0.725259
             49         42.236        121.588       0.742186       0.725259
             50         50.432        130.534       0.721317       0.725259
             51         21.844         50.069       0.696243       0.725259
             52         -7.326         44.424       1.197469       0.725259
             53         43.529        131.224       0.750912       0.725259
             54         21.035         26.449       0.557012       0.725259
             55         73.250         44.561       0.378241       0.725259
             56        -13.528        110.489       1.139523       0.725259
             57         44.159         94.697       0.681980       0.725259
             58         42.834         72.202       0.627647       0.725259
             59         27.630         63.782       0.697747       0.725259
             60        -10.921         95.645       1.128896       0.725259
             61         39.625         42.563       0.517875       0.725259
             62         37.942         62.091       0.620705       0.725259
             63         33.882         31.051       0.478200       0.725259
             64         61.908         34.836       0.360086       0.725259
             65         33.918         37.489       0.525009       0.725259
             66         38.958          8.106       0.172229       0.725259
             67          4.170         81.009       0.951040       0.725259
             68         45.266         80.434       0.639887       0.725259
             69         30.993         49.222       0.613623       0.725259
             70         35.898         43.177       0.546021       0.725259
             71         54.885         40.436       0.424208       0.725259
             72         25.556         59.998       0.701285       0.725259
             73         17.389         46.212       0.726598       0.725259
             74         -1.228         10.885       1.127212       0.725259
             75         77.105         77.556       0.501461       0.725259
             76          7.016         42.167       0.857347       0.725259
             77          9.250         69.013       0.881808       0.725259
             78         -2.180         92.339       1.024182       0.725259
             79         40.338        104.082       0.720688       0.725259
             80         51.900         78.778       0.602842       0.725259
             81          7.584         27.668       0.784869       0.725259
             82         27.317         66.731       0.709540       0.725259
             83         28.166         -3.164      -0.126557       0.883452
             84         -4.516        103.508       1.045620       0.725259
             85         19.983         61.536       0.754867       0.725259
             86         54.215         47.471       0.466841       0.725259
             87         28.868         38.608       0.572174       0.725259
             88         10.007        138.883       0.932787       0.725259
             89         29.824         75.012       0.715516       0.725259
             90         35.484         77.803       0.686776       0.725259
             91         30.632         76.857       0.715023       0.725259
             92         31.329         41.421       0.569360       0.725259
             93          1.012        111.126       0.990971       0.725259
             94         39.219         73.189       0.651102       0.725259
             95         37.248         96.324       0.721141       0.725259
             96         51.110         11.523       0.183975       0.725259
             97         22.824         93.577       0.803921       0.725259
             98         10.764         47.755       0.816067       0.725259
             99         84.877         93.588       0.524406       0.725259
            100         21.932        121.496       0.847088       0.725259
            101         52.376         41.196       0.440265       0.725259
            102         33.812         71.629       0.679329       0.725259
            103         26.750         66.174       0.712129       0.725259
            104         45.676         95.258       0.675904       0.725259
            105         49.998         51.273       0.506291       0.725259
            106         -0.190         -3.418       0.947421       0.725259
            107         16.813         80.446       0.827133       0.725259
            108         24.132        112.404       0.823255       0.725259
            109         32.617         56.604       0.634424       0.725259
            110         16.879         96.751       0.851454       0.725259
            111         13.611         60.087       0.815317       0.725259
            112         36.652         27.114       0.425206       0.725259
            113         47.601         88.650       0.650639       0.725259
            114          2.958         63.716       0.955634       0.725259
            115         38.636         67.283       0.635232       0.725259
            116         -3.590         96.155       1.038783       0.725259
            117          1.181         45.227       0.974548       0.725259
            118         39.911         40.241       0.502063       0.725259
            119         17.323         99.961       0.852299       0.725259
            120         37.208         30.738       0.452388       0.725259
            121         33.859         29.830       0.468372       0.725259
            122         13.225         66.036       0.833142       0.725259
            123         24.551        106.312       0.812392       0.725259
            124        -14.260         95.034       1.176535       0.725259
            125         39.340         23.798       0.376921       0.725259
            126         13.759         84.203       0.859545       0.725259
            127         62.530         39.766       0.388734       0.725259
            128         46.277         95.260       0.673043       0.725259
            129         21.113         35.257       0.625455       0.725259
            130         20.441         86.575       0.808994       0.725259
            131         23.576         80.681       0.773870       0.725259
            132         10.434         97.153       0.903016       0.725259
            133         19.279         48.273       0.714599       0.725259
            134         41.385         31.191       0.429772       0.725259
            135         38.696         14.897       0.277971       0.725259
            136         42.938         75.235       0.636652       0.725259
            137         27.996         85.592       0.753527       0.725259
            138         35.898         72.711       0.669475       0.725259
            139        -17.108         33.207       2.062611       0.883452
            140         47.217         38.219       0.447341       0.725259
            141         11.615         17.242       0.597500       0.725259
            142         27.741         86.565       0.757309       0.725259
            143         18.845         75.983       0.801273       0.725259
            144         49.907        102.616       0.672793       0.725259
            145         49.913         43.534       0.465869       0.725259
            146         36.892         67.997       0.648276       0.725259
            147         60.167         16.821       0.218486       0.725259
            148         -1.134         56.343       1.020544       0.725259
            149         29.899         47.178       0.612088       0.725259
            150         44.100         24.590       0.357988       0.725259
            151         27.557         68.739       0.713833       0.725259
            152         24.628         69.220       0.737575       0.725259
            153         36.624         83.383       0.694817       0.725259
            154         51.021         72.087       0.585559       0.725259
            155         -0.296         89.615       1.003311       0.725259
            156         58.577        113.233       0.659061       0.725259
            157         30.972         17.884       0.366050       0.725259
            158         29.366         62.007       0.678612       0.725259
            159         19.762         50.437       0.718486       0.725259
            160         19.665         53.577       0.731506       0.725259
            161          0.069         65.461       0.998946       0.725259
            162         15.905         87.284       0.845861       0.725259
            163         43.404         73.498       0.628713       0.725259
            164         18.151         45.612       0.715334       0.725259
            165         19.800        129.670       0.867531       0.725259
            166         22.675         28.971       0.560954       0.725259
            167         -5.559         33.641       1.197961       0.725259
            168         21.915         34.519       0.611671       0.725259
            169         21.379         46.661       0.685784       0.725259
            170         27.127         84.111       0.756137       0.725259
            171         27.926         64.684       0.698454       0.725259
            172          1.124         59.467       0.981449       0.725259
            173         60.221         59.069       0.495176       0.725259
            174         34.638         47.913       0.580409       0.725259
            175         43.739         39.431       0.474098       0.725259
            176         -8.947         29.125       1.443397       0.883452
            177         30.091         53.536       0.640179       0.725259
            178         17.526         61.381       0.777891       0.725259
            179         11.950         55.726       0.823424       0.725259
            180         51.550         69.681       0.574778       0.725259
            181          3.089         86.470       0.965510       0.725259
            182          7.266         73.192       0.909690       0.725259
            183         29.827         71.869       0.706701       0.725259
            184         -7.144         79.850       1.098258       0.725259
            185         15.884          5.781       0.266818       0.725259
            186          4.505         21.267       0.825211       0.725259
            187         28.934         53.231       0.647854       0.725259
            188          6.981         68.061       0.906975       0.725259
            189         22.873         86.834       0.791507       0.725259
            190         34.058         67.123       0.663395       0.725259
            191         34.003         98.278       0.742950       0.725259
            192         54.053         17.028       0.239555       0.725259
            193         34.159         12.309       0.264894       0.725259
            194         14.222         66.100       0.822935       0.725259
            195         42.601         91.701       0.682801       0.725259
            196         44.800         54.621       0.549394       0.725259
            197         21.986         98.335       0.817271       0.725259
            198         20.403         55.767       0.732140       0.725259
            199         46.838         66.751       0.587652       0.725259
            200         32.148        111.366       0.775992       0.725259
            201         16.374         81.802       0.833222       0.725259
            202         48.545         84.769       0.635863       0.725259
            203          1.729         69.718       0.975803       0.725259
            204         -5.597         90.172       1.066184       0.725259
            205         17.353        121.060       0.874630       0.725259
            206         41.524         89.755       0.683695       0.725259
            207         55.495         30.830       0.357138       0.725259
            208         11.078         73.287       0.868687       0.725259
            209        -10.466         36.330       1.404668       0.883452
            210         53.759         69.306       0.563167       0.725259
            211         23.022         65.949       0.741239       0.725259
            212         33.616         78.115       0.699132       0.725259
            213         19.575         44.208       0.693096       0.725259
            214          6.121         44.278       0.878554       0.725259
            215          0.397         65.074       0.993942       0.725259
            216         43.987         32.378       0.423992       0.725259
            217         71.543         95.584       0.571924       0.725259
            218         54.688         35.700       0.394969       0.725259
            219        -12.706         74.719       1.204884       0.725259
            220         52.431         56.162       0.517179       0.725259
            221         43.586         71.563       0.621481       0.725259
            222         28.033        112.902       0.801093       0.725259
            223         53.546        116.456       0.685028       0.725259
            224          9.394        103.747       0.916975       0.725259
            225         19.798         25.533       0.563256       0.725259
            226         44.994         61.667       0.578159       0.725259
            227          5.565         16.088       0.742983       0.725259
            228          3.168         46.758       0.936539       0.725259
            229         48.983        130.535       0.727141       0.725259
            230         57.792         59.940       0.509120       0.725259
            231         59.557        113.754       0.656356       0.725259
            232         38.448         88.607       0.697389       0.725259
            233         37.092         87.693       0.702752       0.725259
            234         58.999         77.322       0.567206       0.725259
            235         14.938        105.961       0.876439       0.725259
            236         55.771         50.545       0.475422       0.725259
            237         21.226        133.395       0.862723       0.725259
            238         42.734         40.295       0.485309       0.725259
            239         36.206         39.117       0.519328       0.725259
            240          4.228          1.189       0.219463       0.725259
            241         23.693         54.525       0.697089       0.725259
            242          4.728        114.116       0.960218       0.725259
            243          5.248         47.016       0.899593       0.725259
            244          6.224         36.883       0.855611       0.725259
            245          1.855        152.998       0.988019       0.725259
            246         20.640         46.995       0.694834       0.725259
            247         -8.323        123.934       1.071993       0.725259
            248         11.084         77.305       0.874599       0.725259
            249         58.440         67.147       0.534666       0.725259
            250         26.994        124.130       0.821378       0.725259
            251         -2.825         29.883       1.104425       0.725259
            252          5.107         73.893       0.935359       0.725259
            253         38.518         77.708       0.668595       0.725259
            254         40.529         63.878       0.611817       0.725259
            255          6.418        123.312       0.950530       0.725259
            256         21.081         36.108       0.631379       0.725259
            257        -11.370         66.999       1.204400       0.725259
            258         17.831        137.387       0.885122       0.725259
            259         18.670         87.439       0.824050       0.725259
            260         16.448         96.603       0.854511       0.725259
            261        -13.371        128.307       1.116338       0.725259
            262          6.294        114.638       0.947955       0.725259
            263         11.125         45.224       0.802566       0.725259
            264         33.692         52.497       0.609093       0.725259
            265         12.761        106.310       0.892826       0.725259
            266         50.170         58.455       0.538135       0.725259
            267         22.826         73.847       0.763883       0.725259
            268         31.911         77.558       0.708494       0.725259
            269         35.071         85.918       0.710133       0.725259
            270         17.447        111.778       0.864988       0.725259
            271         31.729         62.414       0.662971       0.725259
            272         -2.619         79.887       1.033894       0.725259
            273         25.127         18.974       0.430242       0.725259
            274         12.792         30.941       0.707507       0.725259
            275        -18.066         51.195       1.545338       0.883452
            276         37.685        113.091       0.750059       0.725259
            277         23.652         50.524       0.681141       0.725259
            278         41.039         81.973       0.666382       0.725259
            279         30.153         64.222       0.680501       0.725259
            280         67.974        127.236       0.651791       0.725259
            281         16.842        104.564       0.861272       0.725259
            282         48.974         81.445       0.624487       0.725259
            283         50.187         71.896       0.588909       0.725259
            284         19.635         85.438       0.813130       0.725259
            285          4.428        106.007       0.959903       0.725259
            286         61.501         64.690       0.512636       0.725259
            287         17.880         70.925       0.798663       0.725259
            288          7.785         66.417       0.895088       0.725259
            289         19.147         71.296       0.788296       0.725259
            290         12.682         71.077       0.848586       0.725259
            291         18.485         97.655       0.840838       0.725259
            292         25.756         89.373       0.776287       0.725259
            293         20.314         35.847       0.638291       0.725259
            294         30.287         64.844       0.681629       0.725259
            295         11.882        135.102       0.919164       0.725259
            296         15.733         20.516       0.565979       0.725259
            297         -1.741         54.700       1.032870       0.725259
            298         31.194         46.191       0.596902       0.725259
            299         -9.841         53.515       1.225323       0.725259
            300         35.079         48.563       0.580603       0.725259
            301         18.938         79.817       0.808233       0.725259
            302          5.480         98.316       0.947203       0.725259
            303         52.195        149.111       0.740718       0.725259
            304         16.921        120.764       0.877106       0.725259
            305          9.747         83.815       0.895824       0.725259
            306          8.586         89.650       0.912595       0.725259
            307          5.584         66.683       0.922729       0.725259
            308         19.623         21.392       0.521564       0.725259
            309         52.943         62.930       0.543095       0.725259
            310         45.277         76.353       0.627745       0.725259
            311         -8.082         82.518       1.108579       0.725259
            312         32.497         66.290       0.671038       0.725259
            313         18.629        117.536       0.863191       0.725259
            314         26.087         80.824       0.755994       0.725259
            315         46.651        148.516       0.760968       0.725259
            316         27.167         43.727       0.616793       0.725259
            317         12.408        126.369       0.910590       0.725259
            318          2.903        152.040       0.981263       0.725259
            319         26.251         94.088       0.781858       0.725259
            320         -4.745        140.459       1.034961       0.725259
            321         25.249        117.641       0.823299       0.725259
            322         25.264         73.880       0.745177       0.725259
            323        -11.256         73.780       1.180022       0.725259
            324         42.616         87.379       0.672172       0.725259
            325         18.536         78.299       0.808578       0.725259
            326         42.394         35.041       0.452523       0.725259
            327        -10.175         67.973       1.176036       0.725259
            328         28.560         71.781       0.715369       0.725259
            329         -5.920         86.658       1.073322       0.725259
            330         14.157         85.050       0.857297       0.725259
            331         65.042         57.080       0.467403       0.725259
            332         16.581         52.477       0.759901       0.725259
            333         20.858         96.022       0.821546       0.725259
            334         13.761        131.888       0.905523       0.725259
            335        -18.860        101.050       1.229462       0.725259
            336          9.051        119.967       0.929846       0.725259
            337          9.269         74.497       0.889352       0.725259
            338         39.817        120.209       0.751183       0.725259
            339          9.658        104.260       0.915224       0.725259
            340        -11.126         68.495       1.193941       0.725259
            341         33.239         79.211       0.704409       0.725259
            342         31.245         83.327       0.727290       0.725259
            343         11.079         65.358       0.855051       0.725259
            344         28.669         66.709       0.699417       0.725259
            345         13.059        131.868       0.909895       0.725259
            346         29.729        139.075       0.823882       0.725259
            347         64.343        107.736       0.626084       0.725259
            348         46.937         63.004       0.573073       0.725259
            349         65.748         15.360       0.189380       0.725259
            350         45.345         47.235       0.510210       0.725259
            351         18.024         48.388       0.728604       0.725259
            352         32.142         94.299       0.745792       0.725259
            353         15.080         45.801       0.752299       0.725259
            354         38.348         73.499       0.657139       0.725259
            355         29.499         96.021       0.764986       0.725259
            356         17.856         63.851       0.781466       0.725259
            357         53.764        100.849       0.652266       0.725259
            358         38.788         63.942       0.622426       0.725259
            359         27.708         67.165       0.707948       0.725259
            360         18.596         69.092       0.787926       0.725259
            361         92.977         66.228       0.415991       0.725259
            362         -6.236        120.261       1.054690       0.725259
            363         49.603        141.817       0.740870       0.725259
            364         48.020         96.867       0.668571       0.725259
            365         40.488        122.618       0.751769       0.725259
            366         30.614        139.652       0.820199       0.725259
            367         51.584         38.672       0.428469       0.725259
            368         38.861         75.789       0.661049       0.725259
            369         37.044         14.777       0.285157       0.725259
            370         19.979         60.480       0.751689       0.725259
            371         35.665        107.036       0.750075       0.725259
            372         29.292         81.811       0.736353       0.725259
            373         53.516         57.479       0.517852       0.725259
            374         65.877         95.124       0.590830       0.725259
            375         38.336         42.577       0.526210       0.725259
            376        -23.715          2.024      -0.093294       0.883452
            377          9.847         71.365       0.878750       0.725259
            378          1.409         95.875       0.985512       0.725259
            379         -5.109         29.827       1.206703       0.725259
            380        -23.221         66.307       1.538962       0.883452
            381         14.362         99.690       0.874078       0.725259
            382         27.276         32.970       0.547257       0.725259
            383         85.589         87.689       0.506060       0.725259
            384         59.621        106.018       0.640055       0.725259
            385         39.934        100.893       0.716431       0.725259
            386         47.486         38.436       0.447340       0.725259
            387         12.835         13.881       0.519570       0.725259
            388         16.694        117.173       0.875295       0.725259
            389         18.138         63.734       0.778462       0.725259
            390         28.779         81.548       0.739150       0.725259
            391         24.618         18.917       0.434528       0.725259
            392         53.321        -10.213      -0.236904       0.883452
            393         20.107         61.948       0.754957       0.725259
            394         -7.151         31.229       1.297006       0.883452
            395          6.382        116.360       0.948003       0.725259
            396         62.870         23.261       0.270066       0.725259
            397         50.937         70.342       0.579999       0.725259
            398         14.462         58.718       0.802374       0.725259
            399        -26.348         48.009       2.216390       0.883452
            400         31.584         69.219       0.686676       0.725259
            401         55.106         75.750       0.578880       0.725259
            402        -18.902         76.666       1.327236       0.883452
            403         17.063         64.551       0.790927       0.725259
            404        -27.062         37.513       3.589412       0.883452
            405         -9.436         59.016       1.190330       0.725259
            406         66.619        105.722       0.613448       0.725259
            407          1.942         90.192       0.978922       0.725259
            408         61.164         84.852       0.581116       0.725259
            409         20.615         71.645       0.776557       0.725259
            410          4.980        102.371       0.953607       0.725259
            411         36.719         38.689       0.513059       0.725259
            412          8.656         54.963       0.863943       0.725259
            413         26.231         31.039       0.541973       0.725259
            414          6.742         97.426       0.935282       0.725259
            415         15.071         83.909       0.847741       0.725259
            416         -1.459         54.558       1.027468       0.725259
            417         36.056         74.801       0.674750       0.725259
            418         25.461         53.466       0.677416       0.725259
            419          5.156        150.544       0.966887       0.725259
            420         36.074         46.194       0.561508       0.725259
            421         48.148         17.294       0.264267       0.725259
            422         25.664         26.481       0.507837       0.725259
            423         41.761         68.904       0.622633       0.725259
            424         44.810         82.414       0.647789       0.725259
            425         42.988         33.394       0.437197       0.725259
            426         26.116         77.377       0.747658       0.725259
            427         17.435         27.233       0.609675       0.725259
            428        -12.626         60.685       1.262716       0.725259
            429         28.870         81.610       0.738683       0.725259
            430         40.283         95.980       0.704376       0.725259
            431         34.592         96.929       0.736985       0.725259
            432          2.337        153.639       0.985016       0.725259
            433         -0.102         29.257       1.003507       0.725259
            434         40.253         92.719       0.697285       0.725259
            435          0.364         27.306       0.986844       0.725259
            436          0.366         36.306       0.990026       0.725259
            437         39.466         77.707       0.663182       0.725259
            438         37.594         40.236       0.516972       0.725259
            439         35.109         78.917       0.692097       0.725259
            440         20.712         82.120       0.798586       0.725259
            441         24.648         53.251       0.683594       0.725259
            442         12.495         31.618       0.716750       0.725259
            443         -5.247        124.473       1.044008       0.725259
            444         25.348         92.914       0.785661       0.725259
            445         64.481        104.133       0.617580       0.725259
            446         24.277        103.365       0.809801       0.725259
            447         12.646         33.976       0.728763       0.725259
            448         17.214         58.407       0.772365       0.725259
            449         15.642         86.673       0.847117       0.725259
            450         13.605         90.060       0.868763       0.725259
            451         13.781         21.580       0.610278       0.725259
            452         44.743         54.973       0.551293       0.725259
            453         52.506         14.442       0.215720       0.725259
            454         57.410         66.728       0.537533       0.725259
            455         12.897         33.751       0.723526       0.725259
            456         21.728        124.035       0.850939       0.725259
            457         23.364         52.181       0.690733       0.725259
            458         46.932         47.159       0.501205       0.725259
            459        -14.568         78.887       1.226487       0.883452
            460         85.314         10.825       0.112597       0.883452
            461         18.329         25.165       0.578594       0.725259
            462         32.099          4.635       0.126167       0.883452
            463         34.309        109.810       0.761938       0.725259
            464         20.443        138.035       0.871002       0.725259
            465         -3.840        103.896       1.038375       0.725259
            466         36.108         62.362       0.633308       0.725259
            467         13.844         18.156       0.567370       0.725259
            468         60.602         60.018       0.497579       0.725259
            469         58.773         59.372       0.502533       0.725259
            470         69.508        109.335       0.611345       0.725259
            471         24.481         94.888       0.794914       0.725259
            472         39.907        109.769       0.733376       0.725259
            473         35.415        100.809       0.740027       0.725259
            474         17.649         42.493       0.706549       0.725259
            475        -18.022         27.433       2.914962       0.883452
            476         47.533         -5.903      -0.141807       0.883452
            477         65.774        107.059       0.619435       0.725259
            478         10.287        112.634       0.916309       0.725259
            479         15.810        104.472       0.868560       0.725259
            480         60.027         64.848       0.519303       0.725259
            481         34.910        124.210       0.780606       0.725259
            482          4.505         22.677       0.834250       0.725259
            483         -0.862         42.339       1.020784       0.725259
            484          4.773         85.278       0.946998       0.725259
            485         52.390         93.145       0.640016       0.725259
            486         42.933         34.804       0.447712       0.725259
            487         44.952         73.623       0.620899       0.725259
            488          3.687         66.529       0.947493       0.725259
            489         26.432        193.928       0.880049       0.725259
            490         13.629         82.822       0.858695       0.725259
            491          2.176        126.065       0.983031       0.725259
            492         23.450         89.328       0.792069       0.725259
            493         22.999        109.069       0.825853       0.725259
            494         16.462         27.748       0.627636       0.725259
            495         68.184         19.835       0.225347       0.725259
            496         30.712         74.983       0.709427       0.725259
            497         64.485        100.845       0.609961       0.725259
            498        -13.857         97.196       1.166273       0.725259
            499         29.312         94.060       0.762407       0.725259
            500         30.550         86.070       0.738039       0.725259
            501          8.349         42.656       0.836317       0.725259
            502         43.727         82.375       0.653242       0.725259
            503         24.000        124.053       0.837895       0.725259
            504         27.421        112.176       0.803569       0.725259
            505         17.679         71.323       0.801364       0.725259
            506         34.125        106.531       0.757387       0.725259
            507         65.058         14.496       0.182222       0.725259
            508         22.954         53.540       0.699922       0.725259
            509         -4.347         92.660       1.049222       0.725259
            510         13.705         98.035       0.877352       0.725259
            511         61.634         85.465       0.581003       0.725259
            512         32.896         40.891       0.554171       0.725259
            513         48.948         57.083       0.538360       0.725259
            514         -2.350         60.904       1.040131       0.725259
            515         44.929         70.421       0.610498       0.725259
            516         22.417        121.022       0.843720       0.725259
            517         19.263        105.956       0.846168       0.725259
            518          6.877         79.517       0.920401       0.725259
            519         32.892        110.101       0.769974       0.725259
            520         26.737         50.425       0.653497       0.725259
            521         31.431         66.955       0.680531       0.725259
            522         50.159        103.358       0.673268       0.725259
            523         -3.552         62.775       1.059982       0.725259
            524         53.104        121.053       0.695080       0.725259
            525         56.253         69.913       0.554139       0.725259
            526         26.882         81.079       0.751003       0.725259
            527         44.659         74.301       0.624586       0.725259
            528         41.188         87.096       0.678929       0.725259
            529         16.534         49.245       0.748643       0.725259
            530         38.061         38.238       0.501164       0.725259
            531          1.004         59.332       0.983361       0.725259
            532         39.965        108.142       0.730160       0.725259
            533          0.632         58.679       0.989352       0.725259
            534         77.697         38.152       0.329323       0.725259
            535         40.812        125.807       0.755059       0.725259
            536         -8.448         20.185       1.719749       0.883452
            537         -1.006         63.338       1.016132       0.725259
            538         54.916         73.393       0.572003       0.725259
            539         44.904        106.800       0.704004       0.725259
            540         40.284         84.523       0.677229       0.725259
            541         59.404         47.034       0.441888       0.725259
            542         21.583         47.312       0.686730       0.725259
            543         51.238         67.370       0.568005       0.725259
            544         40.111         28.805       0.417976       0.725259
            545         56.474         38.758       0.406986       0.725259
            546         -2.387         59.313       1.041933       0.725259
            547          0.801         68.387       0.988425       0.725259
            548         44.351         38.628       0.465514       0.725259
            549         35.963         42.587       0.542161       0.725259
            550         62.363         66.964       0.517787       0.725259
            551         32.123         61.010       0.655089       0.725259
            552         20.404         30.096       0.595962       0.725259
            553          3.883         28.797       0.881168       0.725259
            554         48.578         80.954       0.624971       0.725259
            555         22.823         72.482       0.760528       0.725259
            556         42.604         67.687       0.613712       0.725259
            557         20.307         78.498       0.794476       0.725259
            558         45.596         90.735       0.665546       0.725259
            559         66.101         79.610       0.546356       0.725259
            560         55.492         -0.541      -0.009852       0.883452
            561        -10.194         39.991       1.342134       0.883452
            562         30.040         91.961       0.753770       0.725259
            563         43.653         92.686       0.679822       0.725259
            564          4.889         69.748       0.934492       0.725259
            565         20.036         63.068       0.758901       0.725259
            566         68.687        112.965       0.621876       0.725259
            567         63.517         74.337       0.539247       0.725259
            568         55.116        130.140       0.702488       0.725259
            569         44.861         75.384       0.626922       0.725259
            570         20.987         67.938       0.763996       0.725259
            571         35.767         50.904       0.587329       0.725259
            572          4.316         67.291       0.939730       0.725259
            573         11.435         22.034       0.658336       0.725259
            574          1.569        100.905       0.984689       0.725259
            575         33.283        110.883       0.769132       0.725259
            576         -6.913         67.530       1.114054       0.725259
            577         18.801         67.575       0.782335       0.725259
            578         75.076         98.821       0.568272       0.725259
            579         44.027        106.412       0.707341       0.725259
            580         10.172         92.680       0.901099       0.725259
            581         20.440         54.464       0.727118       0.725259
            582        -13.917        132.750       1.117118       0.725259
            583         24.410         83.768       0.774351       0.725259
            584          5.993        136.577       0.957963       0.725259
            585         31.179         66.721       0.681520       0.725259
            586         21.592         85.489       0.798356       0.725259
            587         12.776         92.155       0.878242       0.725259
            588         74.761         20.727       0.217065       0.725259
            589         -2.563         28.604       1.098412       0.725259
            590         33.781         83.880       0.712897       0.725259
            591         18.953         52.445       0.734551       0.725259
            592         12.201         42.155       0.775533       0.725259
            593         29.827         20.752       0.410292       0.725259
            594          9.666         89.289       0.902323       0.725259
            595         32.623         55.984       0.631820       0.725259
            596         20.437        107.685       0.840486       0.725259
            597         31.742         94.160       0.747885       0.725259
            598         29.974         43.334       0.591124       0.725259
            599         64.712         60.600       0.483595       0.725259
            600         15.024         54.323       0.783348       0.725259
            601          8.701        102.397       0.921682       0.725259
            602          5.253         16.628       0.759941       0.725259
            603         51.650         21.602       0.294898       0.725259
            604         42.644         56.810       0.571217       0.725259
            605         56.026        122.376       0.685958       0.725259
            606         42.724         87.084       0.670869       0.725259
            607         57.667         41.698       0.419641       0.725259
            608          3.416         92.683       0.964455       0.725259
            609         13.751         78.743       0.851329       0.725259
            610         36.379         99.605       0.732475       0.725259
            611         56.253        121.640       0.683781       0.725259
            612         21.286         61.223       0.742012       0.725259
            613         48.661         67.827       0.582263       0.725259
            614          5.079         43.704       0.895888       0.725259
            615         63.055         42.378       0.401943       0.725259
            616         23.541         55.841       0.703445       0.725259
            617         27.416         54.262       0.664346       0.725259
            618         33.370         86.103       0.720693       0.725259
            619         51.321        132.228       0.720395       0.725259
            620         26.122        132.073       0.834876       0.725259
            621         64.749        110.087       0.629659       0.725259
            622         12.821         56.534       0.815142       0.725259
            623         11.517         36.924       0.762241       0.725259
            624          5.357         60.840       0.919079       0.725259
            625         36.793         95.259       0.721372       0.725259
            626         10.566        105.876       0.909263       0.725259
            627         27.286        145.877       0.842425       0.725259
            628         26.342         83.104       0.759314       0.725259
            629         -3.964         80.001       1.052137       0.725259
            630         67.938         62.719       0.480027       0.725259
            631         46.445         72.764       0.610392       0.725259
            632          3.338         26.556       0.888353       0.725259
            633         17.114        106.029       0.861020       0.725259
            634         32.706         72.726       0.689793       0.725259
            635         48.954         39.050       0.443732       0.725259
            636         27.874        146.871       0.840486       0.725259
            637         42.776         77.169       0.643368       0.725259
            638         28.879         23.256       0.446067       0.725259
            639          2.314         74.487       0.969872       0.725259
            640         69.114         87.365       0.558318       0.725259
            641         28.767        109.400       0.791797       0.725259
            642         -6.941         54.919       1.144683       0.725259
            643         10.119         66.324       0.867625       0.725259
            644          6.822         76.351       0.917975       0.725259
            645         59.935         67.638       0.530192       0.725259
            646          0.806         45.022       0.982410       0.725259
            647         34.365         73.336       0.680926       0.725259
            648         33.686         67.883       0.668343       0.725259
            649          5.989         99.347       0.943146       0.725259
            650          8.396         16.999       0.669379       0.725259
            651         14.453         35.042       0.707991       0.725259
            652         47.844         41.486       0.464408       0.725259
            653         52.319        101.842       0.660623       0.725259
            654         40.331         58.170       0.590554       0.725259
            655         32.455         79.035       0.708900       0.725259
            656         40.734        128.697       0.759583       0.725259
            657         14.848        147.756       0.908688       0.725259
            658          4.398         29.424       0.869958       0.725259
            659         13.957         66.106       0.825672       0.725259
            660         53.020         80.136       0.601820       0.725259
            661         33.745        104.977       0.756742       0.725259
            662         27.908        123.883       0.816140       0.725259
            663         23.277         84.363       0.783751       0.725259
            664          7.289        181.929       0.961481       0.725259
            665         24.557         91.577       0.788546       0.725259
            666          8.991         71.473       0.888257       0.725259
            667          9.046        103.055       0.919305       0.725259
            668         35.436         80.700       0.694875       0.725259
            669         27.195         78.073       0.741658       0.725259
            670         39.957         60.220       0.601137       0.725259
            671         17.590         76.831       0.813702       0.725259
            672          5.218         88.879       0.944545       0.725259
            673         -3.497         56.867       1.065533       0.725259
            674         41.471        104.729       0.716338       0.725259
            675         41.593         24.612       0.371755       0.725259
            676          7.974         89.853       0.918491       0.725259
            677         16.017         86.137       0.843211       0.725259
            678         44.882         63.276       0.585035       0.725259
            679         -1.497        111.570       1.013603       0.725259
            680         44.605         11.497       0.204933       0.725259
            681         13.350        104.190       0.886423       0.725259
            682         55.820         30.727       0.355030       0.725259
            683         43.408        102.932       0.703377       0.725259
            684         19.930         90.858       0.820103       0.725259
            685         40.669        109.826       0.729765       0.725259
            686         27.708         78.559       0.739261       0.725259
            687         27.465         93.976       0.773842       0.725259
            688         29.005         78.578       0.730395       0.725259
            689         39.630         77.174       0.660712       0.725259
            690         14.553        134.969       0.902668       0.725259
            691         15.770         94.095       0.856457       0.725259
            692         11.311         32.513       0.741894       0.725259
            693         24.260         88.289       0.784450       0.725259
            694         23.139        125.505       0.844332       0.725259
            695         23.572         99.116       0.807874       0.725259
            696         -2.097        122.405       1.017428       0.725259
            697         15.846        151.267       0.905179       0.725259
            698         33.432         43.393       0.564829       0.725259
            699         32.697         80.676       0.711597       0.725259
            700         32.255         77.504       0.706130       0.725259
            701         10.803        118.689       0.916573       0.725259
            702          8.734         89.613       0.911193       0.725259
            703         46.662        132.302       0.739266       0.725259
            704        -16.936         64.058       1.359423       0.883452
            705         15.210         23.987       0.611961       0.725259
            706         16.927         80.522       0.826297       0.725259
            707         14.512         25.441       0.636780       0.725259
            708         12.227         60.851       0.832681       0.725259
            709         30.942         35.775       0.536219       0.725259
            710         11.091        136.379       0.924794       0.725259
            711         53.175        167.203       0.758712       0.725259
            712         17.887         88.502       0.831876       0.725259
            713         42.684         98.299       0.697242       0.725259
            714         31.657        156.176       0.831462       0.725259
            715          2.286         63.233       0.965113       0.725259
            716         39.359         78.109       0.664938       0.725259
            717          1.375        120.001       0.988672       0.725259
            718          3.826        116.306       0.968150       0.725259
            719         45.196         46.530       0.507273       0.725259
            720         11.738         79.203       0.870923       0.725259
            721         -0.723         -2.085       0.742540       0.725259
            722        -17.197         49.034       1.540180       0.883452
            723         12.314        114.236       0.902692       0.725259
            724         31.782         15.642       0.329833       0.725259
            725          5.964        121.727       0.953293       0.725259
            726          6.384        113.849       0.946900       0.725259
            727          9.766        114.054       0.921127       0.725259
            728         29.840         44.887       0.600683       0.725259
            729         39.756         54.584       0.578592       0.725259
            730         38.916         51.342       0.568835       0.725259
            731         10.236         53.729       0.839971       0.725259
            732         37.123         82.616       0.689970       0.725259
            733         35.429         46.657       0.568393       0.725259
            734         30.297         93.316       0.754906       0.725259
            735         -6.648         59.233       1.126418       0.725259
            736          5.072        138.356       0.964637       0.725259
            737         -1.408         60.598       1.023788       0.725259
            738         23.959         55.263       0.697574       0.725259
            739          5.548        105.777       0.950165       0.725259
            740          3.879         13.953       0.782464       0.725259
            741          9.086         32.080       0.779278       0.725259
            742         15.979         80.017       0.833547       0.725259
            743         -4.213         60.811       1.074439       0.725259
            744          9.376         77.305       0.891829       0.725259
            745         17.699        101.480       0.851495       0.725259
            746         21.111         35.219       0.625223       0.725259
            747          6.368         87.280       0.931995       0.725259
            748         50.606        161.567       0.761488       0.725259
            749        -11.732        102.254       1.129609       0.725259
            750         13.479         63.992       0.826009       0.725259
            751        -16.995         13.601      -4.007017     -24.591287
            752         22.582        138.710       0.859993       0.725259
            753         17.922         77.419       0.812020       0.725259
            754         53.450         83.405       0.609440       0.725259
            755         46.139         71.766       0.608676       0.725259
            756         59.708         80.190       0.573203       0.725259
            757         18.815         92.004       0.830217       0.725259
            758         33.372         68.389       0.672055       0.725259
            759         25.526        106.227       0.806260       0.725259
            760         29.592         60.639       0.672040       0.725259
            761         18.053         51.581       0.740748       0.725259
            762         17.390         77.561       0.816855       0.725259
            763          1.990        126.288       0.984485       0.725259
            764         21.234         59.328       0.736428       0.725259
            765         15.301         99.000       0.866134       0.725259
            766         25.342         90.938       0.782062       0.725259
            767         -4.980         67.987       1.079044       0.725259
            768         33.500         46.856       0.583108       0.725259
            769         21.247         38.915       0.646835       0.725259
            770         24.759        113.901       0.821442       0.725259
            771         19.013        114.944       0.858064       0.725259
            772         15.786         59.041       0.789035       0.725259
            773         25.529         71.046       0.735659       0.725259
            774         21.901         74.008       0.771646       0.725259
            775         42.204         96.833       0.696453       0.725259
            776         21.011         93.048       0.815790       0.725259
            777         32.375         97.680       0.751067       0.725259
            778         12.287          8.150       0.398779       0.725259
            779         33.263         87.967       0.725624       0.725259
            780         12.337         73.580       0.856407       0.725259
            781         17.872        143.954       0.889560       0.725259
            782         39.161         73.868       0.653529       0.725259
            783         46.298         81.644       0.638131       0.725259
            784         55.076         97.145       0.638186       0.725259
            785         59.833         93.437       0.609625       0.725259
            786         26.857         35.683       0.570565       0.725259
            787         -6.430         46.502       1.160459       0.725259
            788         51.341         95.020       0.649215       0.725259
            789         29.292         60.480       0.673709       0.725259
            790         50.365         22.657       0.310275       0.725259
            791         40.891         94.753       0.698542       0.725259
            792         39.709         83.042       0.676508       0.725259
            793         17.333         93.394       0.843464       0.725259
            794         13.746         63.751       0.822629       0.725259
            795         82.372         87.161       0.514123       0.725259
            796         35.191         61.822       0.637252       0.725259
            797         43.754        111.290       0.717796       0.725259
            798         22.825         52.405       0.696591       0.725259
            799         29.103         70.730       0.708481       0.725259
            800         54.416         55.103       0.503137       0.725259
            801        -11.383         37.292       1.439357       0.883452
            802         -3.863        119.973       1.033271       0.725259
            803         46.521         84.169       0.644034       0.725259
            804         53.962         56.493       0.511453       0.725259
            805         66.141         98.547       0.598385       0.725259
            806         23.379         53.845       0.697255       0.725259
            807         72.230         30.114       0.294241       0.725259
            808          4.851         61.881       0.927310       0.725259
            809         21.981         63.268       0.742156       0.725259
            810         48.831         33.143       0.404313       0.725259
            811         55.488         84.240       0.602886       0.725259
            812         51.931         57.256       0.524386       0.725259
            813         -1.471         58.503       1.025790       0.725259
            814         30.197        113.004       0.789127       0.725259
            815         -2.933         51.947       1.059845       0.725259
            816         27.276         80.376       0.746626       0.725259
            817         20.625          7.259       0.260339       0.725259
            818         16.628         47.928       0.742428       0.725259
            819         28.937         85.947       0.748122       0.725259
            820         23.397        116.732       0.833034       0.725259
            821         40.711         19.884       0.328146       0.725259
            822         27.217         80.520       0.747375       0.725259
            823         59.576         93.513       0.610839       0.725259
            824          5.821         -5.730     -62.934874     -24.591287
            825         35.116         74.890       0.680778       0.725259
            826         58.585         84.963       0.591878       0.725259
            827         20.272         82.208       0.802186       0.725259
            828         46.871         39.224       0.455591       0.725259
            829         33.336         77.670       0.699692       0.725259
            830         54.474         64.681       0.542831       0.725259
            831         49.992         68.037       0.576443       0.725259
            832         16.006         31.779       0.665034       0.725259
            833         46.277         52.391       0.530987       0.725259
            834         52.352         38.872       0.426115       0.725259
            835         -4.159        118.450       1.036385       0.725259
            836         37.940         43.027       0.531414       0.725259
            837         53.817         65.514       0.549012       0.725259
            838         30.426         88.424       0.743995       0.725259
            839         64.559         63.087       0.494232       0.725259
            840         -0.364         88.503       1.004129       0.725259
            841         18.349         48.274       0.724580       0.725259
            842         53.001         87.207       0.621981       0.725259
            843         35.821        104.691       0.745068       0.725259
            844         50.023        132.238       0.725544       0.725259
            845         40.415        118.236       0.745258       0.725259
            846         41.623         13.192       0.240656       0.725259
            847         35.542        110.209       0.756145       0.725259
            848         33.033         96.972       0.745909       0.725259
            849          4.400        -22.981       1.236837       0.725259
            850         52.360         61.039       0.538266       0.725259
            851         49.123        133.462       0.730956       0.725259
            852         25.884         37.906       0.594229       0.725259
            853         21.987         61.059       0.735244       0.725259
            854         39.873         12.900       0.244451       0.725259
            855         26.926         28.184       0.511405       0.725259
            856         45.053         58.497       0.564918       0.725259
            857         22.706         88.436       0.795702       0.725259
            858         35.225         77.923       0.688684       0.725259
            859         36.813          8.176       0.181735       0.725259
            860         56.202         49.354       0.467563       0.725259
            861          8.322         55.856       0.870329       0.725259
            862         26.116        103.126       0.797927       0.725259
            863          6.669         24.493       0.786001       0.725259
            864         55.467         92.994       0.626388       0.725259
            865         14.873        131.667       0.898505       0.725259
            866         10.343         69.152       0.869894       0.725259
            867         43.336        173.970       0.800575       0.725259
            868         41.555         91.686       0.688120       0.725259
            869         26.272        102.068       0.795291       0.725259
            870         30.127        109.124       0.783651       0.725259
            871        -19.826         38.365       2.069405       0.883452
            872         32.478         62.084       0.656544       0.725259
            873         51.053        118.295       0.698534       0.725259
            874         31.837         66.666       0.676793       0.725259
            875         21.749         71.048       0.765626       0.725259
            876         72.216         54.263       0.429027       0.725259
            877         15.334        104.220       0.871741       0.725259
            878         -8.906         26.214       1.514592       0.883452
            879         14.488        114.811       0.887949       0.725259
            880          7.099        -10.426       3.133687       0.883452
            881         50.027         58.042       0.537082       0.725259
            882         33.626         86.542       0.720175       0.725259
            883         41.672         22.947       0.355112       0.725259
            884         41.102        114.909       0.736543       0.725259
            885         23.093         82.520       0.781340       0.725259
            886         37.014         48.887       0.569109       0.725259
            887         29.700         93.211       0.758364       0.725259
            888         31.223         85.043       0.731449       0.725259
            889         14.294         36.593       0.719101       0.725259
            890          9.508         35.894       0.790588       0.725259
            891         62.153        -17.385      -0.388337       0.883452
            892         51.069          2.581       0.048114       0.883452
            893         49.951         93.553       0.651919       0.725259
            894         24.642         32.412       0.568093       0.725259
            895         17.730         73.422       0.805486       0.725259
            896         17.281         22.343       0.563883       0.725259
            897         36.723         79.587       0.684263       0.725259
            898         25.885        145.686       0.849131       0.725259
            899         30.963        -11.559      -0.595697       0.883452
            900         24.497        106.437       0.812907       0.725259
            901         50.207         93.895       0.651588       0.725259
            902         29.941         57.027       0.655726       0.725259
            903         14.452         60.354       0.806812       0.725259
            904         15.342         61.945       0.801488       0.725259
            905         76.442         65.031       0.459668       0.725259
            906          3.183         66.198       0.954125       0.725259
            907         58.005        127.401       0.687144       0.725259
            908         50.718         29.314       0.366279       0.725259
            909         25.550         43.252       0.628647       0.725259
            910         25.488         16.602       0.394449       0.725259
            911         33.164         72.179       0.685178       0.725259
            912         45.378         35.502       0.438945       0.725259
            913         24.523        117.949       0.827877       0.725259
            914         27.429        105.648       0.793885       0.725259
            915         16.686         28.167       0.627987       0.725259
            916         14.283         35.427       0.712682       0.725259
            917         17.597         21.112       0.545405       0.725259
            918         50.727        106.849       0.678078       0.725259
            919         12.192         18.727       0.605681       0.725259
            920         37.124         75.706       0.670977       0.725259
            921         22.437         74.893       0.769470       0.725259
            922         16.115         98.102       0.858906       0.725259
            923         10.064         81.761       0.890403       0.725259
            924         10.059         50.117       0.832846       0.725259
            925         26.545         16.160       0.378407       0.725259
            926         24.149         93.719       0.795119       0.725259
            927         10.324          6.100       0.371408       0.725259
            928         39.152         57.869       0.596456       0.725259
            929         22.570        108.902       0.828328       0.725259
            930         19.505         71.359       0.785337       0.725259
            931         28.527        146.028       0.836575       0.725259
            932         -7.857        104.336       1.081436       0.725259
            933         59.879         74.707       0.555090       0.725259
            934         10.536         53.293       0.834937       0.725259
            935         52.471         95.386       0.645125       0.725259
            936         49.618         67.713       0.577113       0.725259
            937         35.280        123.115       0.777267       0.725259
            938         26.019         90.451       0.776600       0.725259
            939         28.192         74.851       0.726405       0.725259
            940         19.998         37.542       0.652455       0.725259
            941        -24.061        125.565       1.237047       0.725259
            942         38.266         84.338       0.687888       0.725259
            943         57.185        -29.341      -1.053772       0.883452
            944         20.382         58.488       0.741571       0.725259
            945         35.339          2.500       0.066066       0.883452
            946         32.574         55.938       0.631983       0.725259
            947         40.154         27.825       0.409318       0.725259
            948         37.571         70.810       0.653342       0.725259
            949         62.835         73.721       0.539861       0.725259
            950         33.658         58.512       0.634827       0.725259
            951         51.751         48.908       0.485878       0.725259
            952         51.679        171.318       0.768250       0.725259
            953         35.402         78.550       0.689325       0.725259
            954         55.536         95.257       0.631708       0.725259
            955         15.033         86.913       0.852542       0.725259
            956          8.604         81.505       0.904513       0.725259
            957         62.893         79.092       0.557043       0.725259
            958         63.747         47.781       0.428419       0.725259
            959         39.376        111.184       0.738472       0.725259
            960         17.202         90.921       0.840904       0.725259
            961         51.554         69.025       0.572448       0.725259
            962         20.990         93.374       0.816466       0.725259
            963         86.603         55.288       0.389650       0.725259
            964          0.995         86.113       0.988577       0.725259
            965         13.180         77.264       0.854272       0.725259
            966         34.292         -8.614      -0.335477       0.883452
            967         15.922         73.061       0.821068       0.725259
            968         31.661         14.893       0.319898       0.725259
            969         24.535         90.557       0.786824       0.725259
            970         27.320         52.022       0.655666       0.725259
            971         59.915         23.262       0.279667       0.725259
            972         70.093         73.077       0.510420       0.725259
            973         52.793         34.340       0.394111       0.725259
            974          2.417         57.166       0.959430       0.725259
            975          5.413        120.876       0.957142       0.725259
            976         52.477         44.963       0.461443       0.725259
            977         26.895         28.507       0.514547       0.725259
            978         38.547         89.043       0.697883       0.725259
            979         53.366        118.121       0.688805       0.725259
            980          6.978        138.666       0.952086       0.725259
            981          3.502         82.406       0.959232       0.725259
            982         51.657         29.691       0.364986       0.725259
            983         31.729         28.696       0.474900       0.725259
            984          0.849         98.518       0.991455       0.725259
            985         12.124         73.373       0.858195       0.725259
            986         41.052        118.629       0.742913       0.725259
            987         38.053         66.979       0.637697       0.725259
            988         54.416         81.916       0.600856       0.725259
            989         70.131         83.335       0.543021       0.725259
            990         48.520         83.574       0.632688       0.725259
            991        -28.371         57.234       1.982976       0.883452
            992         34.084         97.458       0.740887       0.725259
            993         50.562         67.355       0.571206       0.725259
            994          9.631        123.423       0.927616       0.725259
            995         61.775         81.441       0.568658       0.725259
            996         21.070         79.265       0.790003       0.725259
            997         59.276        113.768       0.657451       0.725259
            998         28.392         77.686       0.732344       0.725259
            999         20.263        114.296       0.849414       0.725259
           1000         38.769        128.313       0.767963       0.725259
