              1          9.603         92.613       0.906051       0.742712
              2         43.333         41.912       0.491669       0.742712
              3         61.079         48.459       0.442396       0.742712
              4         46.848         85.786       0.646789       0.742712
              5         19.319         46.791       0.707774       0.742712
              6         12.375         38.762       0.758010       0.742712
              7         32.520         63.350       0.660790       0.742712
              8         60.156         39.653       0.397292       0.717857
              9          8.060         98.910       0.924647       0.742712
             10         19.599         25.028       0.560820       0.742712
             11         17.957         26.310       0.594341       0.742712
             12         98.474        100.336       0.504682       0.742712
             13         39.542         25.769       0.394558       0.717857
             14         22.699         37.907       0.625463       0.742712
             15         24.893         -1.844      -0.079985       0.717857
             16         58.879         96.251       0.620454       0.742712
             17         22.346         58.838       0.724748       0.742712
             18         26.649         73.188       0.733076       0.742712
             19         35.025          9.035       0.205062       0.717857
             20         54.248        156.153       0.742167       0.742712
             21         24.600         41.603       0.628419       0.742712
             22         26.533         70.946       0.727807       0.742712
             23         23.059         41.355       0.642015       0.742712
             24         46.607         43.193       0.480987       0.742712
             25         47.654         81.887       0.632133       0.742712
             26         29.836         48.180       0.617563       0.742712
             27         36.184         22.005       0.378163       0.742712
             28        -35.880         47.746       4.023968       0.809673
             29         10.297         94.427       0.901673       0.742712
             30         28.759         69.375       0.706943       0.742712
             31         43.810         68.939       0.611435       0.742712
             32         10.081         77.049       0.884295       0.742712
             33         36.515        104.614       0.741266       0.742712
             34         39.895         18.360       0.315161       0.717857
             35         36.383        109.587       0.750751       0.742712
             36         28.190         40.879       0.591860       0.742712
             37         17.103         92.702       0.844241       0.742712
             38        -12.342         68.622       1.219295       0.717857
             39         35.507         90.798       0.718881       0.742712
             40         49.587         59.212       0.544230       0.742712
             41         61.700         96.199       0.609246       0.742712
             42         22.486         52.400       0.699732       0.742712
             43         12.820         51.906       0.801928       0.742712
             44         19.447         58.527       0.750600       0.742712
             45         61.469         73.896       0.545902       0.742712
             46         66.199        108.375       0.620796       0.742712
             47         38.643         70.043       0.644454       0.742712
             48        -13.465         71.141       1.233459       0.717857
             49         23.481        132.647       0.849606       0.742712
             50         97.591         74.774       0.433814       0.742712
             51          8.608         46.524       0.843866       0.742712
             52         32.744         56.924       0.634832       0.742712
             53         51.804        133.899       0.721040       0.742712
             54          0.001         67.207       0.999987       0.742712
             55         31.096         50.191       0.617454       0.742712
             56         53.780         50.356       0.483560       0.742712
             57         11.106         56.579       0.835916       0.742712
             58         21.006         30.286       0.590462       0.742712
             59         30.984         72.847       0.701595       0.742712
             60         49.686         -1.958      -0.041026       0.717857
             61         16.140         32.115       0.665523       0.742712
             62         36.654         81.040       0.688562       0.742712
             63         32.403         37.165       0.534227       0.742712
             64         20.154        100.758       0.833318       0.742712
             65          9.541         31.916       0.769857       0.742712
             66         13.995        164.532       0.921610       0.742712
             67         -0.755         80.368       1.009486       0.742712
             68         24.757         95.148       0.793530       0.742712
             69          4.118         13.152       0.761560       0.742712
             70          5.985         46.395       0.885733       0.742712
             71         28.065         73.236       0.722952       0.742712
             72         22.588         40.663       0.642884       0.742712
             73          7.741          3.999       0.340621       0.717857
             74         20.946        114.964       0.845886       0.742712
             75          7.911         88.902       0.918290       0.742712
             76         34.782         73.486       0.678739       0.742712
             77          5.272         69.842       0.929812       0.742712
             78         14.481         76.765       0.841295       0.742712
             79         13.187         82.005       0.861465       0.742712
             80         18.870         46.545       0.711528       0.742712
             81         27.457          8.533       0.237087       0.717857
             82         32.230        141.155       0.814112       0.742712
             83         24.205         86.695       0.781738       0.742712
             84         54.196         22.939       0.297386       0.717857
             85         43.001        134.356       0.757544       0.742712
             86         37.207         98.764       0.726361       0.742712
             87         41.783         76.265       0.646052       0.742712
             88         -9.935        103.423       1.106265       0.717857
             89         27.051         83.312       0.754891       0.742712
             90         27.943         54.300       0.660234       0.742712
             91         12.697        146.444       0.920215       0.742712
             92         22.304         93.738       0.807798       0.742712
             93          5.954         10.745       0.643455       0.742712
             94         -1.169        136.170       1.008656       0.742712
             95          5.866         73.695       0.926272       0.742712
             96         24.257         49.728       0.672139       0.742712
             97         49.860         50.503       0.503203       0.742712
             98         16.234         57.325       0.779301       0.742712
             99         -2.318         36.030       1.068762       0.742712
            100          6.883         81.729       0.922329       0.742712
            101         12.689         78.204       0.860399       0.742712
            102         46.464         36.544       0.440248       0.742712
            103         10.371        118.384       0.919452       0.742712
            104         24.936         73.634       0.747026       0.742712
            105         28.267         88.494       0.757909       0.742712
            106         39.397         91.419       0.698834       0.742712
            107         28.493         85.334       0.749684       0.742712
            108         29.826        142.307       0.826728       0.742712
            109         -0.327         -3.973       0.923896       0.742712
            110         40.720         88.473       0.684815       0.742712
            111         -9.754        121.487       1.087300       0.717857
            112         31.730         83.417       0.724443       0.742712
            113         45.864         59.583       0.565053       0.742712
            114         29.669        105.904       0.781161       0.742712
            115         16.903         79.462       0.824595       0.742712
            116         73.219        116.279       0.613617       0.742712
            117         10.310         93.984       0.901147       0.742712
            118          1.712        103.084       0.983662       0.742712
            119         47.324         62.979       0.570964       0.742712
            120         45.438         56.584       0.554625       0.742712
            121         23.723         82.906       0.777520       0.742712
            122         30.482         90.313       0.747656       0.742712
            123         39.146         58.125       0.597559       0.742712
            124         28.390         46.517       0.620999       0.742712
            125         26.076         37.655       0.590844       0.742712
            126         15.436         25.404       0.622043       0.742712
            127         19.263         43.897       0.695010       0.742712
            128         23.758         33.642       0.586102       0.742712
            129         -2.773         72.562       1.039732       0.742712
            130         29.460         85.759       0.744314       0.742712
            131         22.436         95.122       0.809153       0.742712
            132          4.110         83.984       0.953341       0.742712
            133         18.827         98.704       0.839812       0.742712
            134         36.008        115.011       0.761569       0.742712
            135         11.061         98.250       0.898811       0.742712
            136          5.430         21.520       0.798510       0.742712
            137         37.737         14.667       0.279876       0.717857
            138         39.191        110.885       0.738858       0.742712
            139          6.441         76.174       0.922041       0.742712
            140         -2.560         97.397       1.026995       0.742712
            141         13.643         65.214       0.826987       0.742712
            142         54.040        106.569       0.663530       0.742712
            143         -1.559         58.787       1.027247       0.742712
            144         27.916         97.133       0.776756       0.742712
            145         17.865         97.359       0.844953       0.742712
            146         31.977        111.709       0.777454       0.742712
            147         -7.604        124.225       1.065202       0.742712
            148         29.568          4.657       0.136061       0.717857
            149         15.862         65.505       0.805055       0.742712
            150         40.308        112.314       0.735894       0.742712
            151         21.426         32.142       0.600022       0.742712
            152         18.818         17.490       0.481704       0.742712
            153         39.423        139.191       0.779282       0.742712
            154         43.322         68.200       0.611540       0.742712
            155         35.338        107.388       0.752404       0.742712
            156          0.844        124.006       0.993242       0.742712
            157        -11.711         71.534       1.195765       0.717857
            158         23.067         34.961       0.602490       0.742712
            159        -34.215        118.189       1.407443       0.717857
            160         57.722        166.033       0.742029       0.742712
            161         22.387        139.740       0.861917       0.742712
            162        -12.085        108.467       1.125384       0.717857
            163         29.104         84.591       0.744018       0.742712
            164        -29.659         89.710       1.493894       0.717857
            165         38.904         42.763       0.523627       0.742712
            166         40.054         40.261       0.501290       0.742712
            167         44.121         88.764       0.667976       0.742712
            168         40.164         76.391       0.655406       0.742712
            169         34.264         34.745       0.503490       0.742712
            170         12.807         76.817       0.857100       0.742712
            171         35.308         89.897       0.717999       0.742712
            172         51.473        147.833       0.741740       0.742712
            173         18.119         87.095       0.827788       0.742712
            174         -8.361         59.468       1.163589       0.717857
            175         34.163        146.162       0.810546       0.742712
            176         25.670         77.996       0.752381       0.742712
            177         19.000         91.232       0.827638       0.742712
            178         19.022        131.492       0.873619       0.742712
            179         -7.993         54.555       1.171673       0.717857
            180         13.670         97.728       0.877285       0.742712
            181         21.552         48.170       0.690884       0.742712
            182         30.170        117.415       0.795575       0.742712
            183         -8.921        134.043       1.071302       0.742712
            184         39.292         28.799       0.422948       0.742712
            185         23.412         97.897       0.807008       0.742712
            186         30.586        135.559       0.815911       0.742712
            187         13.293         84.395       0.863928       0.742712
            188         76.851         82.124       0.516584       0.742712
            189         52.325         96.338       0.648030       0.742712
            190         10.317         60.486       0.854290       0.742712
            191         19.366        128.188       0.868756       0.742712
            192         -1.288         90.134       1.014502       0.742712
            193         -0.310         47.705       1.006546       0.742712
            194         48.790         16.862       0.256840       0.717857
            195         26.787         86.658       0.763875       0.742712
            196         40.270         62.258       0.607227       0.742712
            197         24.235        102.166       0.808270       0.742712
            198         27.462        128.847       0.824311       0.742712
            199         57.273         59.558       0.509776       0.742712
            200         15.670         28.699       0.646831       0.742712
            201         74.497         66.591       0.471983       0.742712
            202         44.878         29.098       0.393346       0.717857
            203         29.555         30.268       0.505958       0.742712
            204         36.486         77.910       0.681058       0.742712
            205          8.154        101.451       0.925609       0.742712
            206         39.575         81.597       0.673400       0.742712
            207         68.805         57.438       0.454978       0.742712
            208         50.522         67.909       0.573408       0.742712
            209         42.669         73.076       0.631355       0.742712
            210         36.294          9.606       0.209280       0.717857
            211         12.729         98.892       0.885958       0.742712
            212         11.177         67.545       0.858019       0.742712
            213         45.700         38.197       0.455289       0.742712
            214        -12.851         79.642       1.192408       0.717857
            215         30.783         49.986       0.618874       0.742712
            216          9.391         76.036       0.890068       0.742712
            217         22.415        -11.262      -1.009675       0.809673
            218         20.848         84.748       0.802565       0.742712
            219         37.923         28.901       0.432494       0.742712
            220         59.382         78.013       0.567800       0.742712
            221         53.546         16.445       0.234954       0.717857
            222         34.759         24.310       0.411554       0.742712
            223         19.628         67.945       0.775870       0.742712
            224         42.985         76.872       0.641362       0.742712
            225         54.834         99.418       0.644517       0.742712
            226         11.983         39.586       0.767635       0.742712
            227         -3.454         88.744       1.040498       0.742712
            228         27.624        124.179       0.818024       0.742712
            229         45.876         55.022       0.545324       0.742712
            230         14.975         38.550       0.720221       0.742712
            231         54.021         89.180       0.622762       0.742712
            232         32.840         99.193       0.751276       0.742712
            233          3.235         36.685       0.918956       0.742712
            234        -15.818         28.386       2.258524       0.809673
            235         31.256         51.423       0.621961       0.742712
            236         34.170         73.729       0.683314       0.742712
            237         41.382        119.599       0.742939       0.742712
            238         68.299         51.748       0.431067       0.742712
            239          3.816        157.801       0.976386       0.742712
            240        -30.040         40.910       3.763614       0.809673
            241         20.353         75.311       0.787246       0.742712
            242         -1.573         92.892       1.017228       0.742712
            243          6.514         72.267       0.917311       0.742712
            244         39.456         46.538       0.541179       0.742712
            245         13.194         79.453       0.857587       0.742712
            246         23.642         71.290       0.750958       0.742712
            247         32.468         72.684       0.691228       0.742712
            248         56.521         20.541       0.266552       0.717857
            249         21.836        118.202       0.844069       0.742712
            250         -9.201         72.696       1.144909       0.717857
            251         23.995         30.536       0.559976       0.742712
            252         21.192        113.437       0.842589       0.742712
            253         40.869         79.059       0.659219       0.742712
            254         15.962          9.009       0.360791       0.717857
            255         73.180         89.874       0.551189       0.742712
            256         21.798         42.150       0.659130       0.742712
            257         37.906         67.466       0.640267       0.742712
            258         62.847         76.871       0.550185       0.742712
            259          6.080         74.274       0.924335       0.742712
            260         32.818         53.628       0.620367       0.742712
            261         44.321         62.234       0.584054       0.742712
            262         51.338        113.374       0.688317       0.742712
            263         45.267         78.014       0.632815       0.742712
            264         37.808         79.904       0.678810       0.742712
            265         44.637         67.683       0.602591       0.742712
            266         12.765         71.658       0.848793       0.742712
            267         37.491         17.528       0.318575       0.717857
            268         40.487          1.619       0.038461       0.717857
            269         46.407         59.990       0.563831       0.742712
            270          8.462         49.094       0.852981       0.742712
            271         52.219         51.445       0.496268       0.742712
            272         23.918        100.089       0.807125       0.742712
            273         20.616        114.385       0.847291       0.742712
            274         28.391         48.152       0.629081       0.742712
            275          2.707         52.952       0.951364       0.742712
            276         40.353        114.093       0.738724       0.742712
            277         63.342         51.082       0.446429       0.742712
            278         -2.599         95.747       1.027907       0.742712
            279         51.577         33.236       0.391870       0.717857
            280         52.990         89.079       0.627012       0.742712
            281         23.816         55.523       0.699817       0.742712
            282         50.665        136.543       0.729365       0.742712
            283         64.618         91.081       0.584981       0.742712
            284         42.830         69.294       0.618011       0.742712
            285         17.471         67.234       0.793745       0.742712
            286          9.643         69.103       0.877548       0.742712
            287         14.467        129.007       0.899169       0.742712
            288         34.866        116.476       0.769621       0.742712
            289         52.153         86.052       0.622641       0.742712
            290         65.513         32.708       0.333001       0.717857
            291          3.123         89.525       0.966295       0.742712
            292         40.449         95.892       0.703327       0.742712
            293         36.139         36.576       0.503008       0.742712
            294          9.888        135.520       0.931996       0.742712
            295         40.271        103.669       0.720226       0.742712
            296         64.815         49.926       0.435116       0.742712
            297         14.301         99.009       0.873791       0.742712
            298         11.140         73.248       0.867989       0.742712
            299         -0.203        127.897       1.001588       0.742712
            300         36.888        124.278       0.771120       0.742712
            301         43.083         91.409       0.679662       0.742712
            302         24.751         88.232       0.780929       0.742712
            303        -17.571        125.967       1.162104       0.717857
            304        -11.629         31.210       1.593867       0.717857
            305          8.582         77.385       0.900175       0.742712
            306         49.739         69.891       0.584224       0.742712
            307         70.978         25.664       0.265558       0.717857
            308         70.999         95.596       0.573825       0.742712
            309         49.998         67.806       0.575584       0.742712
            310         19.645         51.927       0.725515       0.742712
            311          4.938         70.995       0.934973       0.742712
            312         43.187        124.199       0.741990       0.742712
            313         15.305         68.378       0.817106       0.742712
            314         63.132        -25.757      -0.689168       0.809673
            315         32.827         -3.781      -0.130190       0.717857
            316         17.377         61.974       0.781010       0.742712
            317         25.702         69.970       0.731351       0.742712
            318         19.633         32.770       0.625351       0.742712
            319         53.727         53.102       0.497075       0.742712
            320         39.927         33.778       0.458284       0.742712
            321         61.236         42.561       0.410040       0.717857
            322         61.090         83.489       0.577463       0.742712
            323         26.777         90.562       0.771797       0.742712
            324         26.775         33.732       0.557492       0.742712
            325         36.544         43.004       0.540607       0.742712
            326         17.552         39.912       0.694559       0.742712
            327         40.221         84.245       0.676853       0.742712
            328         -2.498         78.847       1.032724       0.742712
            329          8.949         44.071       0.831207       0.742712
            330         26.409         23.853       0.474567       0.742712
            331         56.001          8.902       0.137160       0.717857
            332         21.399         38.667       0.643741       0.742712
            333         18.045        105.004       0.853348       0.742712
            334         51.943         63.464       0.549914       0.742712
            335        -21.647        103.608       1.264110       0.717857
            336         17.176        111.874       0.866903       0.742712
            337         32.953         65.228       0.664364       0.742712
            338         38.119         50.919       0.571881       0.742712
            339         15.001         65.487       0.813629       0.742712
            340         10.809        117.777       0.915942       0.742712
            341         64.647         68.849       0.515738       0.742712
            342         30.784         59.033       0.657260       0.742712
            343         14.238         77.314       0.844481       0.742712
            344         28.072          5.527       0.164509       0.717857
            345         22.866         33.945       0.597506       0.742712
            346         82.745         49.902       0.376199       0.717857
            347         64.856         82.504       0.559882       0.742712
            348          8.661         47.287       0.845192       0.742712
            349         21.457         74.904       0.777329       0.742712
            350         -3.620         39.507       1.100875       0.717857
            351          1.591         75.909       0.979467       0.742712
            352         48.181        104.699       0.684845       0.742712
            353         -1.025         97.588       1.010613       0.742712
            354         31.356         96.065       0.753917       0.742712
            355         47.163         33.342       0.414163       0.717857
            356         40.165         86.021       0.681703       0.742712
            357         33.212        100.284       0.751212       0.742712
            358         43.912         22.647       0.340251       0.717857
            359         25.659         53.637       0.676409       0.742712
            360         31.247         18.308       0.369455       0.717857
            361         15.103         93.278       0.860645       0.742712
            362         62.924        -20.714      -0.490737       0.809673
            363        -10.908         77.913       1.162798       0.717857
            364         58.878        142.018       0.706923       0.742712
            365         -4.558         38.157       1.135643       0.717857
            366         17.782        103.438       0.853310       0.742712
            367         16.177         21.594       0.571713       0.742712
            368         51.075        122.766       0.706196       0.742712
            369         21.540         78.604       0.784911       0.742712
            370         11.870         56.776       0.827079       0.742712
            371         34.898         65.131       0.651120       0.742712
            372         49.658         95.448       0.657781       0.742712
            373         25.564        118.448       0.822490       0.742712
            374         23.095         52.457       0.694315       0.742712
            375         31.378         68.247       0.685036       0.742712
            376         32.391        129.941       0.800464       0.742712
            377         14.708         82.349       0.848461       0.742712
            378         53.506         37.769       0.413792       0.717857
            379         62.597         58.205       0.481821       0.742712
            380         29.648         88.916       0.749940       0.742712
            381         -7.732         84.882       1.100223       0.717857
            382         49.977         73.646       0.595732       0.742712
            383          5.982         52.060       0.896938       0.742712
            384         -4.780         58.010       1.089795       0.717857
            385         20.737         31.665       0.604274       0.742712
            386         34.226         81.276       0.703674       0.742712
            387         52.359         82.096       0.610581       0.742712
            388         32.823         50.885       0.607888       0.742712
            389         56.458        113.191       0.667209       0.742712
            390         23.841        137.676       0.852395       0.742712
            391         46.715        101.281       0.684349       0.742712
            392         22.342         89.939       0.801020       0.742712
            393        -15.269         33.639       1.831197       0.717857
            394         10.882         60.724       0.848035       0.742712
            395         11.913         51.773       0.812946       0.742712
            396         13.947        106.751       0.884448       0.742712
            397         38.620        115.504       0.749421       0.742712
            398         14.120        134.216       0.904814       0.742712
            399         49.644         60.318       0.548536       0.742712
            400         33.167         50.483       0.603502       0.742712
            401          4.060         12.768       0.758743       0.742712
            402        -10.547         48.591       1.277228       0.717857
            403         11.220        103.451       0.902151       0.742712
            404          9.461         60.277       0.864337       0.742712
            405         43.425         54.101       0.554735       0.742712
            406         10.796         95.647       0.898573       0.742712
            407         -2.346         98.152       1.024484       0.742712
            408         17.303        118.626       0.872708       0.742712
            409         16.266        121.043       0.881536       0.742712
            410         13.618         81.553       0.856908       0.742712
            411         26.082        115.607       0.815920       0.742712
            412         32.563         87.007       0.727666       0.742712
            413         12.118         98.324       0.890276       0.742712
            414         20.553         52.946       0.720367       0.742712
            415         23.135         75.166       0.764650       0.742712
            416         50.024         75.982       0.603003       0.742712
            417          9.596        162.855       0.944355       0.742712
            418         13.210         52.472       0.798885       0.742712
            419         11.705         65.105       0.847613       0.742712
            420         49.793        136.449       0.732644       0.742712
            421          4.400        111.766       0.962119       0.742712
            422         28.850         25.875       0.472821       0.742712
            423         26.219        105.376       0.800758       0.742712
            424          3.014         96.768       0.969798       0.742712
            425          3.958         97.398       0.960953       0.742712
            426         31.038        123.385       0.799007       0.742712
            427         26.555         91.505       0.775073       0.742712
            428         39.916         47.233       0.541983       0.742712
            429         25.092         70.242       0.736795       0.742712
            430          6.756         39.615       0.854308       0.742712
            431         43.315         35.603       0.451141       0.742712
            432         16.451        177.349       0.915115       0.742712
            433         -1.364        138.554       1.009941       0.742712
            434          1.966        148.415       0.986929       0.742712
            435         35.898         62.573       0.635447       0.742712
            436         39.335         82.491       0.677123       0.742712
            437         -3.807         13.806       1.380659       0.717857
            438          9.479         70.696       0.881768       0.742712
            439         40.570         47.321       0.538404       0.742712
            440         36.078         92.352       0.719082       0.742712
            441          5.171         91.457       0.946487       0.742712
            442         15.919         22.223       0.582640       0.742712
            443         55.732         63.569       0.532844       0.742712
            444          4.199        142.131       0.971302       0.742712
            445         12.569        131.989       0.913055       0.742712
            446        -34.674         59.166       2.415732       0.809673
            447         16.829         90.191       0.842751       0.742712
            448         31.757        143.076       0.818358       0.742712
            449        -11.741         38.893       1.432398       0.717857
            450          9.578         14.872       0.608265       0.742712
            451          0.761        102.567       0.992634       0.742712
            452          0.018        116.871       0.999850       0.742712
            453         45.005        110.539       0.710659       0.742712
            454          0.608        120.387       0.994977       0.742712
            455         23.127        145.685       0.862999       0.742712
            456        -16.510         83.990       1.244662       0.717857
            457         38.916         55.514       0.587884       0.742712
            458         16.542         53.745       0.764649       0.742712
            459         11.278         80.443       0.877038       0.742712
            460         18.672         81.623       0.813831       0.742712
            461          4.729         33.697       0.876936       0.742712
            462         43.684         65.280       0.599096       0.742712
            463         27.823        156.753       0.849262       0.742712
            464          6.100         49.005       0.889304       0.742712
            465         -8.400         24.094       1.535219       0.717857
            466         32.285         43.794       0.575636       0.742712
            467        -34.753         38.018      11.644130       0.809673
            468         29.966         97.053       0.764082       0.742712
            469         35.364         15.923       0.310465       0.717857
            470         15.246         71.624       0.824499       0.742712
            471          8.742         62.134       0.876657       0.742712
            472         31.151          0.268       0.008530       0.717857
            473         45.884         38.541       0.456509       0.742712
            474         65.543        109.500       0.625560       0.742712
            475         16.583         72.929       0.814742       0.742712
            476         53.536         70.623       0.568809       0.742712
            477         37.123         35.249       0.487053       0.742712
            478          3.873         44.882       0.920553       0.742712
            479         43.551        110.449       0.717199       0.742712
            480         60.221         77.336       0.562211       0.742712
            481         35.670         69.347       0.660337       0.742712
            482         -3.006         59.509       1.053195       0.742712
            483         -1.616         74.426       1.022191       0.742712
            484         -4.891        126.130       1.040344       0.742712
            485         34.109         33.033       0.491991       0.742712
            486        -12.866         78.393       1.196348       0.717857
            487         40.034         93.470       0.700129       0.742712
            488         29.496         11.019       0.271969       0.717857
            489         27.840         41.066       0.595972       0.742712
            490         53.224         78.183       0.594969       0.742712
            491          8.864        134.993       0.938381       0.742712
            492         12.033         13.313       0.525239       0.742712
            493         86.316         66.298       0.434415       0.742712
            494         54.421         77.313       0.586890       0.742712
            495         41.072         88.466       0.682935       0.742712
            496         18.133         -9.954      -1.217110       0.809673
            497         65.630         29.712       0.311639       0.717857
            498         23.167         77.719       0.770363       0.742712
            499         34.883         81.874       0.701233       0.742712
            500         29.681         98.584       0.768599       0.742712
            501         37.746        116.263       0.754910       0.742712
            502         30.816         90.946       0.746920       0.742712
            503         62.663         30.253       0.325598       0.717857
            504        -15.714         64.870       1.319685       0.717857
            505         92.068         52.728       0.364155       0.717857
            506          6.133         68.635       0.917977       0.742712
            507          9.186         90.535       0.907885       0.742712
            508         21.334         84.462       0.798348       0.742712
            509         -1.298         29.845       1.045480       0.742712
            510         51.435         76.103       0.596711       0.742712
            511         29.958         45.133       0.601038       0.742712
            512         12.441         28.644       0.697184       0.742712
            513         62.962         59.621       0.486374       0.742712
            514         28.675         88.917       0.756147       0.742712
            515         31.512        117.157       0.788040       0.742712
            516         55.706         43.192       0.436733       0.742712
            517        -23.366         72.167       1.478807       0.717857
            518         37.119        144.736       0.795888       0.742712
            519         43.806        103.344       0.702303       0.742712
            520         72.093         85.980       0.543927       0.742712
            521         49.192         97.284       0.664164       0.742712
            522          9.022         62.998       0.874731       0.742712
            523         14.390        110.690       0.884950       0.742712
            524         34.110         86.655       0.717551       0.742712
            525         28.631        107.466       0.789629       0.742712
            526         45.142         42.600       0.485511       0.742712
            527         40.021        136.128       0.772802       0.742712
            528         24.574         94.795       0.794134       0.742712
            529         48.056        113.005       0.701630       0.742712
            530         15.845         54.488       0.774715       0.742712
            531        104.087         83.999       0.446598       0.742712
            532         51.119        107.368       0.677458       0.742712
            533         46.410         37.335       0.445822       0.742712
            534         51.944         85.405       0.621811       0.742712
            535         17.476         17.369       0.498471       0.742712
            536         33.766        108.782       0.763128       0.742712
            537         22.884        122.983       0.843119       0.742712
            538          7.316         62.072       0.894564       0.742712
            539         -0.575         53.635       1.010831       0.742712
            540         26.464         62.675       0.703118       0.742712
            541         51.333         80.163       0.609624       0.742712
            542         76.358         58.630       0.434336       0.742712
            543         48.157         35.039       0.421164       0.742712
            544         40.400        117.713       0.744485       0.742712
            545         13.598        140.743       0.911895       0.742712
            546         30.635         46.669       0.603711       0.742712
            547          3.176        111.165       0.972227       0.742712
            548         22.599         31.309       0.580782       0.742712
            549         18.713          2.014       0.097179       0.717857
            550         71.448        114.991       0.616776       0.742712
            551         56.993         70.067       0.551446       0.742712
            552         32.500        103.618       0.761237       0.742712
            553         74.065         88.214       0.543596       0.742712
            554         72.140        100.615       0.582413       0.742712
            555         12.668         45.769       0.783225       0.742712
            556         65.978         97.107       0.595438       0.742712
            557         18.223         65.055       0.781182       0.742712
            558          2.198        107.747       0.980004       0.742712
            559         66.473         72.660       0.522232       0.742712
            560         21.176         42.815       0.669078       0.742712
            561         34.802         22.835       0.396182       0.742712
            562         -2.472         23.634       1.116816       0.717857
            563         -6.598        157.824       1.043632       0.742712
            564         32.309         49.645       0.605763       0.742712
            565         13.377        103.300       0.885347       0.742712
            566         51.704         82.398       0.614441       0.742712
            567         36.247         43.381       0.544796       0.742712
            568         44.566        133.894       0.750277       0.742712
            569         39.392         73.670       0.651588       0.742712
            570         31.945         15.810       0.331056       0.717857
            571         14.654        110.313       0.882740       0.742712
            572         16.058        105.089       0.867448       0.742712
            573         -3.337        167.416       1.020339       0.742712
            574         39.800        146.097       0.785903       0.742712
            575         35.591         79.132       0.689768       0.742712
            576         16.626         81.993       0.831412       0.742712
            577         44.013         71.007       0.617341       0.742712
            578         44.076         64.961       0.595771       0.742712
            579         30.966         83.242       0.728864       0.742712
            580         31.419         56.218       0.641490       0.742712
            581         14.726         27.912       0.654631       0.742712
            582          3.956         76.280       0.950697       0.742712
            583         15.111         38.224       0.716679       0.742712
            584          7.934         82.084       0.911861       0.742712
            585         43.639        108.365       0.712911       0.742712
            586          1.733         24.962       0.935071       0.742712
            587         27.661         51.435       0.650288       0.742712
            588         28.191        115.342       0.803592       0.742712
            589         -2.075         96.203       1.022047       0.742712
            590         17.164        159.035       0.902587       0.742712
            591         23.623         80.610       0.773362       0.742712
            592         31.454         93.004       0.747270       0.742712
            593         26.049        156.372       0.857206       0.742712
            594         26.744         46.873       0.636717       0.742712
            595         36.647         31.477       0.462055       0.742712
            596         25.266        101.520       0.800723       0.742712
            597         16.943         96.557       0.850721       0.742712
            598         30.955         79.669       0.720182       0.742712
            599         47.690        126.048       0.725504       0.742712
            600         35.271        172.645       0.830360       0.742712
            601         23.787         24.055       0.502797       0.742712
            602         14.327         78.777       0.846119       0.742712
            603         16.532         12.113       0.422860       0.742712
            604         22.843         80.745       0.779485       0.742712
            605         15.122         80.079       0.841159       0.742712
            606         14.873         94.729       0.864301       0.742712
            607         40.427         55.242       0.577426       0.742712
            608         32.468        125.943       0.795040       0.742712
            609         50.058         78.025       0.609175       0.742712
            610         45.760         69.848       0.604179       0.742712
            611         36.788        108.683       0.747110       0.742712
            612         10.197         53.026       0.838711       0.742712
            613          6.417        118.929       0.948803       0.742712
            614         24.714          8.757       0.261619       0.717857
            615         16.323         49.754       0.752970       0.742712
            616         29.278         75.983       0.721853       0.742712
            617         27.060        123.729       0.820543       0.742712
            618         33.540         86.632       0.720898       0.742712
            619          2.192         96.122       0.977705       0.742712
            620        -14.303        130.661       1.122923       0.717857
            621         30.895         78.226       0.716875       0.742712
            622         -0.468         20.729       1.023121       0.742712
            623         50.526         88.520       0.636627       0.742712
            624         10.047         80.150       0.888612       0.742712
            625         43.295        108.618       0.715002       0.742712
            626          4.294         -1.307      -0.437478       0.717857
            627          6.879         25.071       0.784687       0.742712
            628         -0.608         47.770       1.012891       0.742712
            629         -2.245         49.425       1.047592       0.742712
            630         37.258          9.233       0.198601       0.717857
            631         -6.437         69.508       1.102054       0.742712
            632          3.546        102.081       0.966424       0.742712
            633         26.065         48.490       0.650396       0.742712
            634         47.197         87.972       0.650828       0.742712
            635         36.029         90.622       0.715528       0.742712
            636         11.097         62.874       0.849979       0.742712
            637        -13.903         74.107       1.230940       0.717857
            638         -1.355         95.870       1.014338       0.742712
            639         23.521         98.105       0.806614       0.742712
            640         -1.119         74.102       1.015331       0.742712
            641         42.588        105.138       0.711709       0.742712
            642         10.356        109.210       0.913389       0.742712
            643         28.645        138.649       0.828776       0.742712
            644        -18.117         86.585       1.264601       0.717857
            645         35.910        113.316       0.759360       0.742712
            646         41.843         76.138       0.645342       0.742712
            647         58.502         63.531       0.520602       0.742712
            648         33.578         93.146       0.735031       0.742712
            649         42.196         47.225       0.528120       0.742712
            650         39.871        120.328       0.751117       0.742712
            651         31.048         46.213       0.598143       0.742712
            652         14.256         75.846       0.841776       0.742712
            653         56.216         28.222       0.334235       0.717857
            654         34.884         39.079       0.528358       0.742712
            655         17.929         67.066       0.789060       0.742712
            656         -0.402         51.030       1.007949       0.742712
            657        -11.279         62.019       1.222281       0.717857
            658         26.985         71.870       0.727026       0.742712
            659         16.041        108.875       0.871586       0.742712
            660         76.590        115.920       0.602152       0.742712
            661         38.460         80.096       0.675598       0.742712
            662         24.144        100.979       0.807040       0.742712
            663         35.376         57.398       0.618688       0.742712
            664         45.746         18.467       0.287583       0.717857
            665         49.123         98.085       0.666305       0.742712
            666          8.637         60.630       0.875304       0.742712
            667        -15.220         65.400       1.303303       0.717857
            668         35.085         65.085       0.649743       0.742712
            669         21.079         73.721       0.777648       0.742712
            670         17.940         63.945       0.780914       0.742712
            671         24.367        114.046       0.823952       0.742712
            672         65.840        -14.266      -0.276602       0.717857
            673         19.065         28.500       0.599184       0.742712
            674         13.227        100.897       0.884099       0.742712
            675         40.241         53.026       0.568538       0.742712
            676         41.870         49.492       0.541710       0.742712
            677          3.300        138.295       0.976692       0.742712
            678         23.433        100.755       0.811313       0.742712
            679         30.510         78.867       0.721057       0.742712
            680         48.044         84.709       0.638095       0.742712
            681         37.997         92.598       0.709048       0.742712
            682         17.575         62.413       0.780275       0.742712
            683         32.737         57.114       0.635654       0.742712
            684         17.423         53.407       0.754019       0.742712
            685         30.985         70.018       0.693225       0.742712
            686         59.867         84.134       0.584258       0.742712
            687         68.570         99.509       0.592038       0.742712
            688         74.311         26.242       0.260978       0.717857
            689         12.261         66.454       0.844237       0.742712
            690          4.122         66.860       0.941932       0.742712
            691         21.932         51.941       0.703108       0.742712
            692         49.450        103.122       0.675892       0.742712
            693         21.647         68.622       0.760197       0.742712
            694         34.685         40.293       0.537392       0.742712
            695         16.085         81.975       0.835972       0.742712
            696          9.863         58.348       0.855403       0.742712
            697          4.568         58.294       0.927334       0.742712
            698         30.700         60.131       0.662014       0.742712
            699         22.914         56.051       0.709822       0.742712
            700         58.630         96.022       0.620892       0.742712
            701         13.854         56.809       0.803941       0.742712
            702        -16.980         23.484       3.611037       0.809673
            703         -7.660        105.978       1.077909       0.717857
            704         25.854         90.945       0.778643       0.742712
            705         54.919         27.036       0.329894       0.717857
            706         42.363         65.527       0.607351       0.742712
            707         18.068         38.880       0.682731       0.742712
            708         26.386         76.595       0.743782       0.742712
            709         13.526         87.053       0.865518       0.742712
            710         -1.585         31.765       1.052522       0.742712
            711         21.613         42.097       0.660762       0.742712
            712         41.627        107.282       0.720452       0.742712
            713          8.517         98.997       0.920786       0.742712
            714         23.505        -19.779      -5.308906       0.809673
            715         18.751         -4.109      -0.280640       0.717857
            716         51.615         88.548       0.631753       0.742712
            717          4.277         98.760       0.958488       0.742712
            718         -5.965         82.732       1.077698       0.742712
            719          0.589        122.372       0.995211       0.742712
            720         -1.591        101.313       1.015959       0.742712
            721         46.477         62.031       0.571674       0.742712
            722         17.337         19.614       0.530806       0.742712
            723         21.785         90.627       0.806201       0.742712
            724         -1.113         85.299       1.013223       0.742712
            725         21.424         36.598       0.630760       0.742712
            726         42.993         76.668       0.640708       0.742712
            727         50.309         48.684       0.491791       0.742712
            728         43.920         16.081       0.268011       0.717857
            729         16.694          0.870       0.049513       0.717857
            730         66.702         80.657       0.547351       0.742712
            731         43.176        119.125       0.733975       0.742712
            732         51.916         89.782       0.633616       0.742712
            733         16.087         38.703       0.706385       0.742712
            734         38.161        144.728       0.791342       0.742712
            735        -16.660         64.488       1.348326       0.717857
            736         43.476         85.703       0.663445       0.742712
            737         45.214         36.307       0.445371       0.742712
            738         21.163         67.619       0.761631       0.742712
            739         24.620         80.973       0.766844       0.742712
            740          3.426        146.569       0.977158       0.742712
            741         75.591         87.818       0.537411       0.742712
            742         11.690         91.768       0.887004       0.742712
            743         85.396         27.701       0.244935       0.717857
            744        -32.533        111.765       1.410596       0.717857
            745         49.658         76.839       0.607437       0.742712
            746         27.439         71.793       0.723486       0.742712
            747         25.747         70.034       0.731188       0.742712
            748         40.542        111.789       0.733856       0.742712
            749         16.907         82.782       0.830403       0.742712
            750        -11.130         85.794       1.149073       0.717857
            751         49.514         19.582       0.283401       0.717857
            752         32.808         69.460       0.679195       0.742712
            753         59.387         68.298       0.534893       0.742712
            754          8.106         35.449       0.813899       0.742712
            755         19.280         76.762       0.799255       0.742712
            756         52.315         65.328       0.555308       0.742712
            757         72.648         90.875       0.555732       0.742712
            758         42.063         93.771       0.690338       0.742712
            759         46.634         70.955       0.603418       0.742712
            760         14.884        120.741       0.890258       0.742712
            761         21.523         74.879       0.776739       0.742712
            762         48.055         77.551       0.617413       0.742712
            763         22.494         19.493       0.464261       0.742712
            764         41.130         98.441       0.705312       0.742712
            765         63.812         83.985       0.568246       0.742712
            766         29.917         97.555       0.765303       0.742712
            767         25.893         34.109       0.568467       0.742712
            768         21.661        124.305       0.851603       0.742712
            769         55.977        141.627       0.716722       0.742712
            770         15.319         19.872       0.564689       0.742712
            771          4.555        112.274       0.961009       0.742712
            772         30.976         81.839       0.725428       0.742712
            773         66.701         57.090       0.461182       0.742712
            774          4.006        108.283       0.964323       0.742712
            775         30.851         37.518       0.548761       0.742712
            776         50.222         26.223       0.343030       0.717857
            777         84.560         50.893       0.375725       0.742712
            778         10.263        105.393       0.911261       0.742712
            779         51.533        118.593       0.697090       0.742712
            780         40.862         76.570       0.652035       0.742712
            781          6.179         80.021       0.928314       0.742712
            782          6.044         43.729       0.878560       0.742712
            783         42.012         45.518       0.520031       0.742712
            784         47.873         83.935       0.636799       0.742712
            785         44.026         60.524       0.578901       0.742712
            786         15.034         74.668       0.832404       0.742712
            787         19.651          5.784       0.227409       0.717857
            788         63.630         46.539       0.422430       0.742712
            789         37.646         66.740       0.639359       0.742712
            790         17.453         11.465       0.396460       0.717857
            791         33.452        114.337       0.773649       0.742712
            792         28.535         82.932       0.744004       0.742712
            793         31.302         77.683       0.712786       0.742712
            794         36.630        133.364       0.784521       0.742712
            795         51.630        114.846       0.689866       0.742712
            796          1.206         84.201       0.985881       0.742712
            797         37.082         57.525       0.608042       0.742712
            798         15.738         83.838       0.841948       0.742712
            799         11.250         86.016       0.884333       0.742712
            800         31.516         89.686       0.739974       0.742712
            801        -22.524         94.613       1.312445       0.717857
            802         39.756         69.565       0.636340       0.742712
            803         49.149        124.438       0.716860       0.742712
            804         13.039         54.992       0.808330       0.742712
            805         29.393         90.182       0.754190       0.742712
            806         19.012         96.235       0.835030       0.742712
            807         15.601         63.289       0.802247       0.742712
            808         32.185        -28.303      -7.289571       0.809673
            809         38.226         85.027       0.689858       0.742712
            810         41.266         16.815       0.289511       0.717857
            811         26.942         43.522       0.617645       0.742712
            812          7.797         34.560       0.815921       0.742712
            813          3.522         21.261       0.857875       0.742712
            814         30.193         42.865       0.586726       0.742712
            815          6.895         16.936       0.710668       0.742712
            816          9.977        126.804       0.927059       0.742712
            817         -0.112        105.167       1.001063       0.742712
            818         64.130         65.700       0.506046       0.742712
            819         38.713          6.705       0.147623       0.717857
            820         35.201         61.169       0.634728       0.742712
            821         66.384         28.164       0.297884       0.717857
            822         36.795         46.696       0.559298       0.742712
            823         20.278         88.840       0.814165       0.742712
            824          5.651         48.704       0.896033       0.742712
            825         51.106         60.408       0.541706       0.742712
            826         33.556         93.707       0.736325       0.742712
            827         13.194         99.471       0.882893       0.742712
            828          1.751        101.729       0.983080       0.742712
            829         16.689         97.244       0.853518       0.742712
            830         20.078        135.535       0.870977       0.742712
            831         37.286         85.228       0.695659       0.742712
            832          3.230         94.618       0.966991       0.742712
            833        -11.593         73.595       1.186982       0.717857
            834         38.659         58.252       0.601087       0.742712
            835         52.506         69.939       0.571188       0.742712
            836         63.684         80.111       0.557119       0.742712
            837         41.007         83.366       0.670290       0.742712
            838         14.787         89.380       0.858046       0.742712
            839         30.022         85.663       0.740482       0.742712
            840         26.276         45.250       0.632642       0.742712
            841          9.142         78.521       0.895716       0.742712
            842          1.738         45.226       0.962985       0.742712
            843         25.337         10.551       0.294001       0.717857
            844         37.535         55.867       0.598135       0.742712
            845          7.153         57.948       0.890120       0.742712
            846         75.804        189.053       0.713793       0.742712
            847          4.521         66.831       0.936633       0.742712
            848         32.487         79.504       0.709913       0.742712
            849         -4.352         66.435       1.070102       0.742712
            850         57.758         76.408       0.569504       0.742712
            851         31.406         89.566       0.740389       0.742712
            852         75.473         57.290       0.431524       0.742712
            853         25.157        121.877       0.828902       0.742712
            854          5.237         60.693       0.920563       0.742712
            855         20.786        105.925       0.835959       0.742712
            856         10.451         89.919       0.895877       0.742712
            857         32.805         33.750       0.507102       0.742712
            858         48.712          9.003       0.155997       0.717857
            859         39.658        112.621       0.739569       0.742712
            860         19.427         25.268       0.565349       0.742712
            861         27.653         60.465       0.686181       0.742712
            862         18.360         48.739       0.726374       0.742712
            863          3.810        127.462       0.970978       0.742712
            864        -10.126         53.220       1.234981       0.717857
            865         17.957         45.448       0.716783       0.742712
            866         28.429         34.989       0.551716       0.742712
            867         53.907         78.051       0.591485       0.742712
            868         13.378         51.088       0.792476       0.742712
            869         35.164         29.370       0.455108       0.742712
            870         -7.840        114.163       1.073740       0.742712
            871         18.410         95.310       0.838112       0.742712
            872         33.274         59.843       0.642668       0.742712
            873         27.056         94.684       0.777756       0.742712
            874         -1.894         37.849       1.052666       0.742712
            875         21.283         79.969       0.789800       0.742712
            876         25.057         66.189       0.725391       0.742712
            877         -9.855        146.653       1.072042       0.742712
            878        -11.187         80.638       1.161075       0.717857
            879         16.066         78.747       0.830554       0.742712
            880         25.752         66.782       0.721705       0.742712
            881         18.316        105.382       0.851932       0.742712
            882         12.691         82.287       0.866381       0.742712
            883          9.662        105.677       0.916229       0.742712
            884         -0.831         59.070       1.014275       0.742712
            885        -26.467        121.288       1.279122       0.717857
            886         14.256         55.969       0.796997       0.742712
            887         30.449         83.489       0.732757       0.742712
            888         31.897         83.909       0.724565       0.742712
            889          4.814         99.386       0.953802       0.742712
            890         54.607         47.652       0.465989       0.742712
            891         24.909        102.036       0.803784       0.742712
            892          8.184         94.248       0.920104       0.742712
            893         -5.362         78.000       1.073812       0.742712
            894        -10.309         77.529       1.153369       0.717857
            895         17.282         97.087       0.848890       0.742712
            896         23.004        -10.330      -0.815012       0.809673
            897         13.330         74.793       0.848731       0.742712
            898         14.595         20.910       0.588924       0.742712
            899         21.045        116.615       0.847126       0.742712
            900         -3.037         46.670       1.069615       0.742712
            901         31.018        121.629       0.796799       0.742712
            902         33.138         69.702       0.677768       0.742712
            903         27.866         26.522       0.487643       0.742712
            904         -0.270         65.782       1.004114       0.742712
            905         76.801         48.422       0.386686       0.717857
            906         50.957        108.952       0.681340       0.742712
            907         72.803         61.608       0.458356       0.742712
            908         80.986        107.040       0.569284       0.742712
            909         39.690         36.068       0.476099       0.742712
            910         19.971         63.101       0.759597       0.742712
            911         27.059         86.427       0.761564       0.742712
            912         35.493         77.356       0.685482       0.742712
            913         65.675         14.549       0.181359       0.717857
            914         28.680         46.871       0.620393       0.742712
            915         13.909         85.733       0.860411       0.742712
            916          2.121        122.706       0.983008       0.742712
            917         36.018         47.641       0.569467       0.742712
            918         29.725         49.197       0.623364       0.742712
            919         43.102         40.360       0.483571       0.742712
            920         43.814         78.142       0.640739       0.742712
            921         27.890        127.060       0.820008       0.742712
            922         -0.954         82.579       1.011687       0.742712
            923         32.275         92.465       0.741262       0.742712
            924         30.214        106.476       0.778959       0.742712
            925         11.033        109.945       0.908801       0.742712
            926        -32.373        119.520       1.371469       0.717857
            927         39.391        107.076       0.731059       0.742712
            928         18.958         89.640       0.825431       0.742712
            929         26.279         36.283       0.579959       0.742712
            930         39.617         48.581       0.550818       0.742712
            931         -1.164         57.381       1.020698       0.742712
            932         10.907         56.238       0.837562       0.742712
            933         34.193         90.105       0.724911       0.742712
            934         50.744         53.115       0.511413       0.742712
            935          6.396         69.104       0.915290       0.742712
            936         -1.856         84.512       1.022455       0.742712
            937         28.376         49.213       0.634276       0.742712
            938         29.440        151.529       0.837319       0.742712
            939         28.163         33.946       0.546551       0.742712
            940         36.622         78.945       0.683113       0.742712
            941         11.955         51.883       0.812730       0.742712
            942          9.851        123.569       0.926168       0.742712
            943         23.030         28.417       0.552348       0.742712
            944          9.387         55.560       0.855470       0.742712
            945         38.244         47.184       0.552330       0.742712
            946         41.395         94.863       0.696201       0.742712
            947         39.691        106.934       0.729302       0.742712
            948         17.204         80.484       0.823890       0.742712
            949         -2.713         39.776       1.073193       0.742712
            950         20.488         69.364       0.771982       0.742712
            951         31.118         74.699       0.705928       0.742712
            952        -11.842        162.292       1.078713       0.742712
            953         17.930        168.392       0.903770       0.742712
            954         22.693          4.087       0.152605       0.717857
            955         21.181         70.886       0.769941       0.742712
            956         14.866         86.385       0.853179       0.742712
            957         28.772         73.599       0.718943       0.742712
            958         38.946         88.250       0.693812       0.742712
            959         47.921        145.019       0.751629       0.742712
            960         61.748         48.557       0.440205       0.742712
            961          9.765        120.717       0.925159       0.742712
            962          3.427         23.428       0.872380       0.742712
            963          1.367         71.515       0.981249       0.742712
            964          1.767        149.092       0.988288       0.742712
            965         -1.871         55.018       1.035210       0.742712
            966         27.962         39.687       0.586661       0.742712
            967         28.509        118.560       0.806150       0.742712
            968         -4.853         82.293       1.062673       0.742712
            969          0.259        115.137       0.997756       0.742712
            970         37.664        114.805       0.752974       0.742712
            971         26.989        117.935       0.813771       0.742712
            972         18.170         78.700       0.812430       0.742712
            973         17.772         58.142       0.765896       0.742712
            974         21.497         79.012       0.786120       0.742712
            975         -0.663         98.205       1.006795       0.742712
            976         42.987         79.906       0.650206       0.742712
            977         24.603         97.581       0.798640       0.742712
            978         20.603         91.536       0.816273       0.742712
            979          3.863         83.955       0.956013       0.742712
            980         27.415        133.443       0.829570       0.742712
            981        -12.539         36.012       1.534172       0.717857
            982          3.032         64.300       0.954971       0.742712
            983         28.572         82.427       0.742593       0.742712
            984          5.774         28.309       0.830589       0.742712
            985         44.474         82.805       0.650575       0.742712
            986         31.924         42.363       0.570259       0.742712
            987         25.838         69.430       0.728786       0.742712
            988         35.809        104.516       0.744815       0.742712
            989         12.307        109.393       0.898876       0.742712
            990          4.414         99.996       0.957726       0.742712
            991         14.855         63.023       0.809250       0.742712
            992         18.336         29.130       0.613705       0.742712
            993         54.374         92.683       0.630252       0.742712
            994         59.414         76.868       0.564040       0.742712
            995         45.788         25.269       0.355620       0.717857
            996          4.797         73.319       0.938587       0.742712
            997         36.049         87.879       0.709115       0.742712
            998         15.240         60.695       0.799299       0.742712
            999         34.392         75.918       0.688223       0.742712
           1000         51.905        117.749       0.694052       0.742712
