              1         24.089         81.473       0.771799       0.804221
              2         23.087         68.067       0.746724       0.804221
              3         23.464         84.761       0.783195       0.804221
              4         26.391         77.282       0.745441       0.804221
              5         10.598         79.386       0.882227       0.804221
              6         21.278         72.138       0.772220       0.804221
              7         16.657         85.024       0.836186       0.804221
              8         24.693         59.742       0.707556       0.804221
              9         21.553         73.994       0.774423       0.804221
             10         26.697         81.415       0.753061       0.804221
             11         22.525         93.565       0.805969       0.804221
             12         24.797         74.359       0.749922       0.804221
             13         22.668         86.197       0.791776       0.804221
             14         18.902         74.317       0.797232       0.804221
             15         13.096         75.270       0.851798       0.804221
             16         15.866         81.630       0.837264       0.804221
             17         28.052         66.878       0.704500       0.697264
             18         26.025         71.925       0.734307       0.697264
             19         38.208         72.568       0.655089       0.697264
             20         37.192         61.526       0.623252       0.697264
             21         23.312         73.032       0.758034       0.697264
             22         29.230         73.401       0.715191       0.697264
             23         25.541         64.302       0.715714       0.697264
             24         38.628         64.930       0.626992       0.697264
             25         21.556         82.981       0.793799       0.697264
             26         30.986         68.702       0.689168       0.697264
             27         13.859         63.072       0.819850       0.697264
             28         33.775         69.785       0.673862       0.697264
             29         22.963         78.128       0.772849       0.697264
             30         34.117         79.065       0.698562       0.697264
             31         32.483         70.485       0.684531       0.697264
             32         32.818         75.516       0.697065       0.697264
             33         26.580         72.681       0.732226       0.697264
             34         32.398         79.971       0.711685       0.697264
             35         26.293         79.201       0.750767       0.697264
             36         33.770         86.926       0.720206       0.697264
             37         24.349         70.986       0.744595       0.697264
             38         23.584         71.516       0.752006       0.697264
             39         28.794         75.612       0.724211       0.697264
             40         23.144         54.862       0.703300       0.697264
             41         26.003         65.217       0.714940       0.697264
             42         37.606         57.820       0.605916       0.697264
             43         30.614         71.097       0.699011       0.697264
             44         13.769         77.407       0.848980       0.697264
             45         33.629         69.387       0.673552       0.697264
             46         40.629         68.491       0.627666       0.697264
             47         25.297         67.734       0.728082       0.697264
             48         31.732         61.430       0.659391       0.697264
             49         25.588         86.760       0.772241       0.804221
             50         24.269         79.388       0.765873       0.804221
             51         21.318         78.070       0.785507       0.804221
             52         23.589         67.036       0.739705       0.804221
             53         26.377         86.914       0.767172       0.804221
             54         24.204         84.325       0.776984       0.804221
             55          9.298         86.552       0.902996       0.804221
             56         20.244         78.234       0.794430       0.804221
             57         28.433         76.736       0.729645       0.804221
             58         13.622         79.978       0.854468       0.804221
             59         17.218         77.924       0.819027       0.804221
             60         12.918         81.942       0.863824       0.804221
             61         15.368         75.246       0.830405       0.804221
             62         40.411         60.118       0.598017       0.697264
             63         36.042         78.047       0.684088       0.697264
             64         19.667         58.449       0.748236       0.697264
             65         32.790         68.645       0.676736       0.697264
             66         28.519         65.062       0.695247       0.697264
             67         26.899         69.828       0.721906       0.697264
             68         36.516         70.844       0.659874       0.697264
             69         32.374         68.579       0.679312       0.697264
             70         26.415         74.306       0.737742       0.697264
             71         34.001         72.349       0.680289       0.697264
             72         26.020         76.636       0.746536       0.697264
             73         22.099         72.863       0.767284       0.697264
             74         31.035         76.297       0.710853       0.697264
             75         27.437         73.714       0.728754       0.697264
             76         28.368         62.067       0.686315       0.697264
             77         26.091         84.506       0.764091       0.697264
             78         25.108         65.444       0.722726       0.697264
             79         30.885         82.000       0.726407       0.697264
             80         31.122         64.918       0.675950       0.697264
             81         40.564         67.302       0.623938       0.697264
             82         40.162         69.514       0.633814       0.697264
             83         25.417         66.042       0.722090       0.697264
             84         36.080         64.666       0.641872       0.697264
             85         30.870         69.820       0.693416       0.697264
             86         26.533         84.360       0.760732       0.697264
             87         31.574         77.195       0.709713       0.697264
             88         20.471         73.741       0.782712       0.697264
             89         38.898         76.808       0.663819       0.697264
             90         31.185         74.657       0.705359       0.697264
             91         30.932         77.466       0.714642       0.697264
             92         35.132         67.122       0.656420       0.697264
             93         40.275         82.753       0.672635       0.697264
             94         38.728         73.652       0.655384       0.697264
             95         26.103         64.182       0.710884       0.697264
             96         29.064         68.480       0.702040       0.697264
             97         20.958         75.021       0.781639       0.697264
             98         27.612         55.603       0.668185       0.697264
             99         21.706         72.763       0.770233       0.697264
            100         27.087         77.020       0.739819       0.697264
            101         35.210         66.955       0.655362       0.697264
            102         25.399         55.461       0.685891       0.697264
            103         28.137         77.410       0.733419       0.697264
            104         26.224         67.233       0.719401       0.697264
            105         32.130         67.772       0.678385       0.697264
            106         19.468         75.341       0.794662       0.697264
            107         25.525         71.109       0.735859       0.697264
            108         23.504         51.830       0.688003       0.697264
            109         27.549         68.477       0.713106       0.697264
            110         39.757         71.608       0.643001       0.697264
            111         34.490         69.005       0.666744       0.697264
            112         23.936         61.890       0.721107       0.697264
            113         26.984         64.899       0.706321       0.697264
            114         25.318         70.445       0.735614       0.697264
            115         24.997         64.087       0.719400       0.697264
            116         28.081         67.403       0.705907       0.697264
            117         22.717         75.059       0.767660       0.697264
            118         32.492         56.781       0.636037       0.697264
            119         37.076         83.547       0.692629       0.697264
            120         30.825         65.032       0.678429       0.697264
            121         33.592         78.116       0.699288       0.697264
            122         34.660         60.760       0.636767       0.697264
            123         21.283         81.887       0.793709       0.697264
            124         30.740         67.194       0.686114       0.697264
            125         36.601         76.494       0.676370       0.697264
            126         26.973         76.733       0.739912       0.697264
            127         39.686         64.163       0.617848       0.697264
            128         31.213         78.458       0.715393       0.697264
            129         29.794         75.666       0.717484       0.697264
            130         27.626         67.923       0.710867       0.697264
            131         31.070         60.539       0.660839       0.697264
            132         32.838         72.530       0.688349       0.697264
            133         25.166         61.098       0.708269       0.697264
            134         31.304         63.244       0.668906       0.697264
            135         23.149         45.043       0.660534       0.697264
            136         26.595         59.949       0.692700       0.697264
            137         30.309         74.884       0.711875       0.697264
            138         24.542         73.257       0.749057       0.697264
            139         35.383         63.683       0.642832       0.697264
            140         37.409         87.148       0.699665       0.697264
            141         19.898         73.302       0.786505       0.697264
            142         27.555         73.937       0.728499       0.697264
            143         42.749         53.505       0.555873       0.697264
            144         41.182         61.470       0.598818       0.697264
            145         36.135         59.441       0.621926       0.697264
            146         25.857         76.953       0.748500       0.697264
            147         34.077         57.033       0.625978       0.697264
            148         31.566         70.368       0.690329       0.697264
            149         33.005         66.648       0.668797       0.697264
            150         24.433         95.579       0.796411       0.697264
            151         37.619         53.436       0.586858       0.697264
            152         31.535         71.029       0.692533       0.697264
            153         28.771         89.228       0.756176       0.697264
            154         36.947         70.953       0.657580       0.697264
            155         23.549         61.655       0.723612       0.697264
            156         30.662         65.530       0.681237       0.697264
            157         42.148         60.614       0.589851       0.697264
            158         30.311         70.085       0.698088       0.697264
            159         35.613         70.286       0.663709       0.697264
            160         44.103         69.245       0.610904       0.697264
            161         31.769         70.683       0.689915       0.697264
            162         28.365         75.546       0.727028       0.697264
            163         34.014         58.292       0.631504       0.697264
            164         42.310         61.253       0.591455       0.697264
            165         27.706         69.746       0.715694       0.697264
            166         23.075         75.871       0.766792       0.697264
            167         32.332         67.979       0.677679       0.697264
            168         28.404         64.160       0.693140       0.697264
            169         33.638         78.907       0.701112       0.697264
            170         30.309         69.302       0.695726       0.697264
            171         21.656         81.073       0.789195       0.697264
            172         28.858         60.223       0.676049       0.697264
            173         25.684         75.039       0.745004       0.697264
            174         32.739         65.666       0.667303       0.697264
            175         31.496         59.020       0.652040       0.697264
            176         34.120         58.980       0.633510       0.697264
            177         34.841         83.196       0.704827       0.697264
            178         34.228         71.046       0.674866       0.697264
            179         35.835         63.854       0.640532       0.697264
            180         36.644         70.947       0.659416       0.697264
            181         27.224         64.556       0.703378       0.697264
            182         43.100         65.085       0.601606       0.697264
            183         29.873         60.170       0.668236       0.697264
            184         25.719         69.213       0.729083       0.697264
            185         31.567         73.254       0.698849       0.697264
            186         28.413         85.667       0.750939       0.697264
            187         27.024         76.964       0.740124       0.697264
            188         33.221         73.802       0.689589       0.697264
            189         35.467         57.506       0.618525       0.697264
            190         37.260         55.150       0.596800       0.697264
            191         36.225         56.268       0.608346       0.697264
            192         32.586         74.842       0.696672       0.697264
            193         26.302         77.393       0.746353       0.697264
            194         24.191         58.497       0.707443       0.697264
            195         31.868         56.706       0.640212       0.697264
            196         24.447         67.099       0.732956       0.697264
            197         36.356         82.987       0.695364       0.697264
            198         31.124         60.229       0.659299       0.697264
            199         29.700         73.804       0.713054       0.697264
            200         26.831         71.009       0.725763       0.697264
            201         28.582         67.824       0.703522       0.697264
            202         20.304         60.856       0.749827       0.697264
            203         32.645         63.386       0.660057       0.697264
            204         33.234         78.343       0.702141       0.697264
            205         31.508         68.995       0.686493       0.697264
            206         29.912         61.554       0.672974       0.697264
            207         37.631         82.945       0.687906       0.697264
            208         32.321         77.084       0.704577       0.697264
            209         36.434         85.300       0.700708       0.697264
            210         25.471         61.140       0.705915       0.697264
            211         33.733         74.206       0.687480       0.697264
            212         39.807         75.222       0.653942       0.697264
            213         30.714         67.641       0.687720       0.697264
            214         35.829         53.954       0.600939       0.697264
            215         28.995         80.375       0.734890       0.697264
            216         27.425         62.361       0.694552       0.697264
            217         27.192         77.284       0.739731       0.697264
            218         27.631         69.796       0.716392       0.697264
            219         32.637         66.341       0.670259       0.697264
            220         29.940         73.128       0.709509       0.697264
            221         29.902         63.005       0.678151       0.697264
            222         32.547         70.068       0.682828       0.697264
            223         42.371         76.778       0.644386       0.697264
            224         27.777         72.541       0.723109       0.697264
            225         26.533         63.371       0.704875       0.697264
            226         27.563         69.692       0.716591       0.697264
            227         27.458         65.922       0.705956       0.697264
            228         27.546         71.945       0.723130       0.697264
            229         38.395         67.738       0.638239       0.697264
            230         38.626         60.057       0.608581       0.697264
            231         35.207         67.724       0.657954       0.697264
            232         26.075         71.790       0.733563       0.697264
            233         35.599         51.258       0.590141       0.697264
            234         27.122         80.615       0.748260       0.697264
            235         24.017         72.333       0.750731       0.697264
            236         24.438         80.500       0.767120       0.697264
            237         31.233         80.016       0.719249       0.697264
            238         27.911         74.702       0.727999       0.697264
            239         37.333         73.128       0.662026       0.697264
            240         25.202         68.416       0.730797       0.697264
            241         29.453         74.335       0.716221       0.697264
            242         32.325         74.249       0.696692       0.697264
            243         23.919         52.438       0.686744       0.697264
            244         25.455         76.323       0.749898       0.697264
            245         30.016         66.472       0.688911       0.697264
            246         35.977         73.718       0.672028       0.697264
            247         29.929         64.290       0.682343       0.697264
            248         23.054         70.599       0.753833       0.697264
            249         25.196         71.209       0.738645       0.697264
            250         28.120         70.118       0.713758       0.697264
            251         25.794         56.016       0.684708       0.697264
            252         36.674         75.998       0.674506       0.697264
            253         24.299         62.402       0.719735       0.697264
            254         23.865         81.680       0.773891       0.697264
            255         30.292         81.569       0.729199       0.697264
            256         32.269         71.969       0.690426       0.697264
            257         27.878         74.769       0.728407       0.697264
            258         26.512         63.689       0.706080       0.697264
            259         37.439         58.486       0.609706       0.697264
            260         23.048         82.741       0.782131       0.697264
            261         44.811         64.900       0.591552       0.697264
            262         25.265         70.121       0.735127       0.697264
            263         35.145         73.716       0.677156       0.697264
            264         33.404         65.163       0.661105       0.697264
            265         29.557         83.996       0.739707       0.697264
            266         23.545         72.851       0.755748       0.697264
            267         38.466         70.245       0.646165       0.697264
            268         26.098         82.319       0.759281       0.697264
            269         27.655         72.872       0.724902       0.697264
            270         33.874         77.118       0.694809       0.697264
            271         23.004         85.922       0.788813       0.697264
            272         31.388         83.625       0.727089       0.697264
            273         22.047         78.470       0.780667       0.697264
            274         34.762         76.685       0.688081       0.697264
            275         36.799         61.377       0.625177       0.697264
            276         31.474         70.020       0.689890       0.697264
            277         23.194         69.836       0.750684       0.697264
            278         30.437         73.201       0.706315       0.697264
            279         34.096         67.450       0.664232       0.697264
            280         33.262         83.597       0.715365       0.697264
            281         36.611         68.299       0.651025       0.697264
            282         27.124         58.610       0.683624       0.697264
            283         25.067         66.080       0.724982       0.697264
            284         29.104         67.477       0.698652       0.697264
            285         36.629         74.988       0.671833       0.697264
            286         32.850         66.878       0.670608       0.697264
            287         26.793         68.530       0.718927       0.697264
            288         37.046         59.440       0.616048       0.697264
            289         36.338         78.628       0.683925       0.697264
            290         28.011         65.739       0.701213       0.697264
            291         28.379         77.565       0.732131       0.697264
            292         25.859         63.973       0.712142       0.697264
            293         36.831         56.720       0.606300       0.697264
            294         30.688         57.822       0.653283       0.697264
            295         39.511         75.663       0.656943       0.697264
            296         30.700         64.684       0.678143       0.697264
            297         35.430         77.945       0.687496       0.697264
            298         32.473         82.435       0.717402       0.697264
            299         28.667         74.350       0.721728       0.697264
            300         30.744         55.528       0.643640       0.697264
            301         30.552         56.120       0.647496       0.697264
            302         29.675         57.526       0.659689       0.697264
            303         30.553         69.334       0.694122       0.697264
            304         36.280         65.924       0.645025       0.697264
            305         29.258         77.352       0.725557       0.697264
            306         37.224         62.976       0.628507       0.697264
            307         29.789         73.130       0.710559       0.697264
            308         38.820         74.174       0.656442       0.697264
            309         25.820         74.201       0.741852       0.697264
            310         24.423         67.876       0.735391       0.697264
            311         29.038         77.666       0.727865       0.697264
            312         27.517         57.174       0.675090       0.697264
            313         35.318         78.704       0.690253       0.697264
            314         35.828         64.289       0.642136       0.697264
            315         26.605         51.065       0.657462       0.697264
            316         38.558         74.198       0.658042       0.697264
            317         28.224         63.403       0.691963       0.697264
            318         29.281         75.444       0.720404       0.697264
            319         28.074         64.213       0.695801       0.697264
            320         33.769         60.549       0.641970       0.697264
            321         19.549         70.384       0.782630       0.697264
            322         27.232         72.184       0.726078       0.697264
            323         27.872         70.827       0.717604       0.697264
            324         31.741         61.380       0.659146       0.697264
            325         29.424         73.771       0.714873       0.697264
            326         24.655         63.343       0.719824       0.697264
            327         27.915         70.636       0.716745       0.697264
            328         29.781         76.435       0.719617       0.697264
            329         25.032         74.180       0.747696       0.697264
            330         27.680         66.070       0.704747       0.697264
            331         38.742         73.950       0.656212       0.697264
            332         33.637         75.890       0.692891       0.697264
            333         43.069         57.039       0.569772       0.697264
            334         23.739         62.526       0.724814       0.697264
            335         35.805         66.951       0.651553       0.697264
            336         22.369         78.832       0.778964       0.697264
            337         33.431         67.006       0.667149       0.697264
            338         19.066         75.446       0.798266       0.697264
            339         27.459         84.481       0.754700       0.697264
            340         32.767         85.097       0.721991       0.697264
            341         32.442         64.982       0.667004       0.697264
            342         24.835         69.550       0.736873       0.697264
            343         33.590         60.058       0.641317       0.697264
            344         31.215         76.296       0.709656       0.697264
            345         27.773         69.610       0.714805       0.697264
            346         27.658         66.349       0.705788       0.697264
            347         33.516         74.472       0.689634       0.697264
            348         26.095         61.980       0.703718       0.697264
            349         31.132         65.128       0.676583       0.697264
            350         32.895         76.669       0.699766       0.697264
            351         33.394         66.521       0.665777       0.697264
            352         27.968         68.322       0.709542       0.697264
            353         29.338         66.870       0.695055       0.697264
            354         20.568         60.321       0.745723       0.697264
            355         27.389         78.757       0.741968       0.697264
            356         23.743         63.543       0.727987       0.697264
            357         25.572         76.062       0.748388       0.697264
            358         23.670         63.672       0.728995       0.697264
            359         23.292         62.360       0.728064       0.697264
            360         28.604         54.007       0.653748       0.697264
            361         25.067         71.083       0.739290       0.697264
            362         24.237         68.323       0.738153       0.697264
            363         33.542         68.077       0.669926       0.697264
            364         33.702         52.076       0.607105       0.697264
            365         38.547         75.382       0.661657       0.697264
            366         23.614         69.196       0.745567       0.697264
            367         27.978         59.949       0.681804       0.697264
            368         25.962         67.935       0.723506       0.697264
            369         30.895         78.091       0.716524       0.697264
            370         26.144         70.608       0.729785       0.697264
            371         29.746         70.566       0.703462       0.697264
            372         25.332         59.469       0.701280       0.697264
            373         20.342         78.199       0.793569       0.697264
            374         26.649         68.056       0.718615       0.697264
            375         20.389         72.792       0.781188       0.697264
            376         27.766         59.862       0.683136       0.697264
            377         28.273         63.681       0.692532       0.697264
            378         32.250         66.948       0.674893       0.697264
            379         26.162         69.307       0.725966       0.697264
            380         39.758         58.657       0.596014       0.697264
            381         28.935         63.713       0.687691       0.697264
            382         23.568         57.132       0.707955       0.697264
            383         22.510         58.947       0.723661       0.697264
            384         36.255         62.308       0.632166       0.697264
            385         24.023         59.647       0.712879       0.697264
            386         31.294         63.169       0.668715       0.697264
            387         28.038         79.327       0.738850       0.697264
            388         28.244         65.736       0.699471       0.697264
            389         33.398         67.685       0.669597       0.697264
            390         30.973         89.809       0.743563       0.697264
            391         31.182         67.615       0.684382       0.697264
            392         34.339         73.368       0.681180       0.697264
            393         32.698         69.199       0.679110       0.697264
            394         27.931         74.770       0.728033       0.697264
            395         28.558         76.612       0.728461       0.697264
            396         28.067         70.490       0.715221       0.697264
            397         28.031         80.717       0.742236       0.697264
            398         37.333         71.331       0.656439       0.697264
            399         37.837         69.583       0.647768       0.697264
            400         36.955         69.331       0.652307       0.697264
            401         16.890         78.606       0.823133       0.697264
            402         32.806         74.582       0.694507       0.697264
            403         26.400         81.611       0.755579       0.697264
            404         16.462         65.926       0.800190       0.697264
            405         34.575         70.856       0.672058       0.697264
            406         30.609         52.838       0.633194       0.697264
            407         30.733         68.024       0.688802       0.697264
            408         26.763         67.278       0.715410       0.697264
            409         27.395         70.043       0.718850       0.697264
            410         23.727         77.750       0.766186       0.697264
            411         31.937         64.315       0.668197       0.697264
            412         47.494         60.512       0.560265       0.697264
            413         37.055         65.430       0.638436       0.697264
            414         25.639         73.060       0.740233       0.697264
            415         27.342         70.492       0.720523       0.697264
            416         29.586         73.916       0.714149       0.697264
            417         34.965         75.081       0.682268       0.697264
            418         32.239         69.400       0.682809       0.697264
            419         37.467         53.610       0.588622       0.697264
            420         26.979         80.038       0.747900       0.697264
            421         17.760         48.939       0.733732       0.697264
            422         33.464         67.255       0.667747       0.697264
            423         34.348         70.604       0.672724       0.697264
            424         33.607         76.508       0.694799       0.697264
            425         32.995         80.184       0.708468       0.697264
            426         27.240         63.761       0.700665       0.697264
            427         24.526         73.488       0.749772       0.697264
            428         36.013         76.927       0.681133       0.697264
            429         27.890         72.277       0.721565       0.697264
            430         22.819         77.010       0.771424       0.697264
            431         30.472         58.435       0.657255       0.697264
            432         37.612         58.185       0.607382       0.697264
            433         31.331         73.469       0.701038       0.697264
            434         32.777         73.309       0.691036       0.697264
            435         24.966         69.764       0.736449       0.697264
            436         23.485         74.887       0.761267       0.697264
            437         35.035         72.281       0.673532       0.697264
            438         24.473         71.545       0.745121       0.697264
            439         33.128         69.368       0.676787       0.697264
            440         24.887         69.130       0.735292       0.697264
            441         32.483         77.572       0.704848       0.697264
            442         23.312         70.570       0.751690       0.697264
            443         31.883         68.220       0.681499       0.697264
            444         22.137         89.292       0.801336       0.697264
            445         21.791         68.025       0.757384       0.697264
            446         25.275         75.236       0.748531       0.697264
            447         27.387         70.780       0.721014       0.697264
            448         29.721         69.852       0.701515       0.697264
            449         24.885         63.738       0.719205       0.697264
            450         32.148         48.835       0.603030       0.697264
            451         36.476         67.352       0.648686       0.697264
            452         38.178         78.387       0.672476       0.697264
            453         38.738         87.003       0.691925       0.697264
            454         34.039         67.554       0.664950       0.697264
            455         32.954         83.167       0.716208       0.697264
            456         21.389         69.246       0.764013       0.697264
            457         28.760         54.576       0.654888       0.697264
            458         36.885         80.961       0.687004       0.697264
            459         29.951         75.608       0.716260       0.697264
            460         33.702         65.307       0.659608       0.697264
            461         33.256         78.274       0.701821       0.697264
            462         29.827         75.097       0.715724       0.697264
            463         30.258         70.813       0.700623       0.697264
            464         21.361         69.735       0.765512       0.697264
            465         24.936         70.430       0.738523       0.697264
            466         26.233         75.830       0.742969       0.697264
            467         27.118         65.212       0.706295       0.697264
            468         20.174         72.374       0.782017       0.697264
            469         33.780         70.193       0.675111       0.697264
            470         30.124         66.577       0.688484       0.697264
            471         28.524         78.538       0.733572       0.697264
            472         32.984         83.781       0.717516       0.697264
            473         37.706         65.636       0.635134       0.697264
            474         27.501         64.776       0.701971       0.697264
            475         31.179         57.843       0.649763       0.697264
            476         33.688         56.076       0.624705       0.697264
            477         31.697         85.243       0.728945       0.697264
            478         29.658         61.651       0.675190       0.697264
            479         37.401         61.065       0.620166       0.697264
            480         26.092         73.193       0.737197       0.697264
            481         38.738         79.940       0.673589       0.697264
            482         30.079         73.953       0.710865       0.697264
            483         23.017         56.852       0.711820       0.697264
            484         31.357         65.581       0.676527       0.697264
            485         33.375         68.104       0.671114       0.697264
            486         35.852         67.214       0.652148       0.697264
            487         30.296         71.194       0.701490       0.697264
            488         29.837         59.285       0.665216       0.697264
            489         29.131         57.811       0.664934       0.697264
            490         28.667         62.742       0.686388       0.697264
            491         34.431         67.100       0.660883       0.697264
            492         34.320         71.215       0.674799       0.697264
            493         34.774         72.428       0.675622       0.697264
            494         28.821         67.827       0.701792       0.697264
            495         21.405         77.887       0.784421       0.697264
            496         29.384         79.861       0.731026       0.697264
            497         36.409         78.396       0.682863       0.697264
            498         29.942         68.228       0.695000       0.697264
            499         29.672         76.254       0.719881       0.697264
            500         24.622         58.662       0.704359       0.697264
            501         30.438         63.304       0.675301       0.697264
            502         36.480         73.344       0.667833       0.697264
            503         28.962         73.253       0.716655       0.697264
            504         30.658         67.696       0.688288       0.697264
            505         30.243         62.469       0.673793       0.697264
            506         28.264         62.703       0.689293       0.697264
            507         29.630         78.579       0.726181       0.697264
            508         23.036         81.007       0.778594       0.697264
            509         20.249         65.115       0.762791       0.697264
            510         29.554         69.289       0.701003       0.697264
            511         27.216         65.491       0.706433       0.697264
            512         25.654         76.089       0.747858       0.697264
            513         28.539         78.239       0.732723       0.697264
            514         35.598         65.355       0.647379       0.697264
            515         29.052         82.354       0.739225       0.697264
            516         31.697         54.973       0.634282       0.697264
            517         32.756         63.435       0.659470       0.697264
            518         34.113         52.113       0.604376       0.697264
            519         32.673         55.982       0.631455       0.697264
            520         22.408         61.321       0.732372       0.697264
            521         33.589         70.376       0.676923       0.697264
            522         34.903         66.270       0.655016       0.697264
            523         23.846         70.249       0.746578       0.697264
            524         35.098         67.562       0.658116       0.697264
            525         21.847         66.245       0.751993       0.697264
            526         18.787         72.213       0.793553       0.697264
            527         24.847         70.883       0.740450       0.697264
            528         19.227         54.885       0.740569       0.697264
            529         33.878         87.383       0.720617       0.697264
            530         38.567         59.689       0.607481       0.697264
            531         28.965         77.805       0.728719       0.697264
            532         30.243         71.372       0.702376       0.697264
            533         34.434         74.176       0.682958       0.697264
            534         23.420         77.306       0.767487       0.697264
            535         35.307         74.885       0.679585       0.697264
            536         24.954         76.107       0.753077       0.697264
            537         28.955         62.903       0.684783       0.697264
            538         34.244         57.501       0.626747       0.697264
            539         40.043         63.380       0.612824       0.697264
            540         34.299         82.686       0.706806       0.697264
            541         23.096         60.793       0.724681       0.697264
            542         25.467         71.178       0.736487       0.697264
            543         28.447         54.113       0.655437       0.697264
            544         21.283         67.829       0.761165       0.697264
            545         26.812         59.237       0.688411       0.697264
            546         29.239         75.451       0.720712       0.697264
            547         26.965         58.872       0.685855       0.697264
            548         29.486         59.954       0.670327       0.697264
            549         37.980         56.932       0.599838       0.697264
            550         21.421         65.703       0.754130       0.697264
            551         27.372         72.570       0.726124       0.697264
            552         23.278         71.394       0.754123       0.697264
            553         26.460         75.039       0.739311       0.697264
            554         27.470         58.027       0.678701       0.697264
            555         33.554         71.115       0.679430       0.697264
            556         39.198         54.261       0.580585       0.697264
            557         21.322         85.471       0.800341       0.697264
            558         31.163         71.657       0.696922       0.697264
            559         34.019         67.855       0.666068       0.697264
            560         36.679         66.045       0.642939       0.697264
            561         26.041         61.588       0.702831       0.697264
            562         28.663         57.465       0.667208       0.697264
            563         29.057         57.151       0.662939       0.697264
            564         28.100         73.104       0.722341       0.697264
            565         26.836         72.049       0.728612       0.697264
            566         36.514         70.624       0.659185       0.697264
            567         25.988         68.832       0.725924       0.697264
            568         28.848         56.779       0.663093       0.697264
            569         25.162         64.275       0.718666       0.697264
            570         30.384         63.365       0.675896       0.697264
            571         22.156         65.956       0.748547       0.697264
            572         30.038         69.837       0.699246       0.697264
            573         24.698         82.111       0.768763       0.697264
            574         30.418         73.561       0.707462       0.697264
            575         27.652         72.225       0.723144       0.697264
            576         36.313         69.661       0.657337       0.697264
            577         27.591         62.302       0.693070       0.697264
            578         33.652         81.202       0.707000       0.697264
            579         37.875         76.014       0.667442       0.697264
            580         32.574         71.412       0.686742       0.697264
            581         29.137         70.484       0.707524       0.697264
            582         33.516         79.076       0.702326       0.697264
            583         26.055         72.479       0.735576       0.697264
            584         31.589         59.246       0.652240       0.697264
            585         28.172         63.364       0.692229       0.697264
            586         30.216         58.804       0.660568       0.697264
            587         33.976         62.114       0.646416       0.697264
            588         28.492         78.116       0.732741       0.697264
            589         35.411         66.566       0.652757       0.697264
            590         34.895         72.725       0.675756       0.697264
            591         28.986         67.515       0.699633       0.697264
            592         33.927         56.463       0.624659       0.697264
            593         35.380         57.630       0.619609       0.697264
            594         25.046         86.899       0.776269       0.697264
            595         37.791         68.118       0.643176       0.697264
            596         40.817         62.816       0.606139       0.697264
            597         35.168         65.122       0.649339       0.697264
            598         31.343         70.198       0.691322       0.697264
            599         26.722         56.413       0.678568       0.697264
            600         32.247         62.486       0.659596       0.697264
            601         28.228         66.768       0.702853       0.697264
            602         25.232         68.880       0.731892       0.697264
            603         29.785         55.651       0.651378       0.697264
            604         24.454         61.568       0.715719       0.697264
            605         33.097         75.893       0.696333       0.697264
            606         38.476         62.367       0.618460       0.697264
            607         39.120         59.116       0.601774       0.697264
            608         18.126         60.524       0.769541       0.697264
            609         32.997         56.140       0.629820       0.697264
            610         26.839         67.661       0.715993       0.697264
            611         31.629         66.685       0.678290       0.697264
            612         22.611         69.004       0.753199       0.697264
            613         35.645         79.724       0.691036       0.697264
            614         21.421         68.905       0.762852       0.697264
            615         27.002         58.617       0.684627       0.697264
            616         28.956         71.160       0.710777       0.697264
            617         29.689         63.736       0.682219       0.697264
            618         28.886         70.217       0.708523       0.697264
            619         32.277         70.639       0.686374       0.697264
            620         30.867         71.834       0.699448       0.697264
            621         29.020         71.031       0.709951       0.697264
            622         31.680         73.928       0.700019       0.697264
            623         35.429         59.895       0.628331       0.697264
            624         28.256         70.190       0.712984       0.697264
            625         41.935         85.859       0.671855       0.697264
            626         27.816         68.512       0.711240       0.697264
            627         35.119         66.397       0.654054       0.697264
            628         34.352         50.256       0.593983       0.697264
            629         35.553         71.835       0.668928       0.697264
            630         22.861         67.459       0.746886       0.697264
            631         27.701         72.255       0.722872       0.697264
            632         25.132         61.996       0.711554       0.697264
            633         34.100         60.365       0.639021       0.697264
            634         32.216         73.767       0.696027       0.697264
            635         35.354         66.088       0.651488       0.697264
            636         28.748         71.470       0.713142       0.697264
            637         35.333         55.399       0.610581       0.697264
            638         28.307         56.866       0.667655       0.697264
            639         21.694         83.818       0.794395       0.697264
            640         21.254         85.484       0.800881       0.697264
            641         25.696         69.088       0.728899       0.697264
            642         24.519         70.233       0.741233       0.697264
            643         26.922         70.678       0.724157       0.697264
            644         38.403         71.509       0.650602       0.697264
            645         24.478         63.045       0.720323       0.697264
            646         34.314         69.232       0.668612       0.697264
            647         32.571         65.890       0.669202       0.697264
            648         26.838         83.321       0.756367       0.697264
            649         40.925         70.673       0.633280       0.697264
            650         17.445         63.896       0.785528       0.697264
            651         26.831         61.054       0.694702       0.697264
            652         29.070         65.440       0.692414       0.697264
            653         20.505         74.900       0.785075       0.697264
            654         23.093         67.183       0.744195       0.697264
            655         20.748         80.481       0.795039       0.697264
            656         29.644         50.684       0.630964       0.697264
            657         32.059         53.380       0.624771       0.697264
            658         35.754         65.793       0.647909       0.697264
            659         31.137         82.915       0.726994       0.697264
            660         22.163         70.245       0.760159       0.697264
            661         31.254         81.462       0.722717       0.697264
            662         26.744         81.349       0.752585       0.697264
            663         27.287         78.636       0.742388       0.697264
            664         25.573         67.342       0.724772       0.697264
            665         40.394         65.069       0.616982       0.697264
            666         30.278         72.447       0.705251       0.697264
            667         30.502         76.449       0.714800       0.697264
            668         30.516         72.476       0.703703       0.697264
            669         29.449         62.040       0.678116       0.697264
            670         31.585         63.947       0.669380       0.697264
            671         26.122         59.327       0.694296       0.697264
            672         20.127         60.804       0.751303       0.697264
            673         24.360         80.817       0.768389       0.697264
            674         35.629         77.655       0.685490       0.697264
            675         38.583         66.531       0.632942       0.697264
            676         37.033         77.158       0.675694       0.697264
            677         17.627         66.346       0.790086       0.697264
            678         29.477         70.150       0.704125       0.697264
            679         31.212         74.439       0.704575       0.697264
            680         34.921         62.641       0.642060       0.697264
            681         26.174         72.021       0.733447       0.697264
            682         26.768         69.634       0.722331       0.697264
            683         17.825         69.895       0.796798       0.697264
            684         29.557         61.597       0.675744       0.697264
            685         34.115         49.796       0.593436       0.697264
            686         24.462         62.656       0.719205       0.697264
            687         28.713         58.912       0.672317       0.697264
            688         25.672         73.535       0.741230       0.697264
            689         20.162         57.821       0.741457       0.697264
            690         35.282         62.002       0.637328       0.697264
            691         38.992         72.399       0.649951       0.697264
            692         23.890         68.480       0.741363       0.697264
            693         21.875         71.463       0.765641       0.697264
            694         32.447         63.694       0.662507       0.697264
            695         28.752         78.739       0.732516       0.697264
            696         22.129         72.402       0.765904       0.697264
            697         29.724         69.892       0.701611       0.697264
            698         33.093         69.149       0.676324       0.697264
            699         31.750         59.836       0.653334       0.697264
            700         31.860         62.266       0.661519       0.697264
            701         35.727         68.164       0.656109       0.697264
            702         34.190         64.612       0.653952       0.697264
            703         37.675         74.531       0.664236       0.697264
            704         30.808         89.334       0.743572       0.697264
            705         40.838         56.062       0.578558       0.697264
            706         34.255         71.879       0.677245       0.697264
            707         42.517         72.253       0.629546       0.697264
            708         22.988         76.969       0.770023       0.697264
            709         30.315         75.327       0.713039       0.697264
            710         33.119         81.243       0.710400       0.697264
            711         24.291         61.381       0.716466       0.697264
            712         27.591         78.887       0.740880       0.697264
            713         35.448         76.849       0.684338       0.697264
            714         17.504         72.629       0.805797       0.697264
            715         28.891         62.003       0.682148       0.697264
            716         33.998         66.357       0.661221       0.697264
            717         24.017         70.856       0.746853       0.697264
            718         30.843         58.519       0.654854       0.697264
            719         30.194         64.966       0.682705       0.697264
            720         38.146         68.664       0.642862       0.697264
            721         35.393         71.049       0.667490       0.697264
            722         37.077         52.749       0.587236       0.697264
            723         29.961         65.150       0.684992       0.697264
            724         27.936         67.810       0.708227       0.697264
            725         27.299         70.639       0.721266       0.697264
            726         31.045         58.856       0.654678       0.697264
            727         31.147         83.264       0.727763       0.697264
            728         19.260         66.371       0.775079       0.697264
            729         37.838         67.739       0.641608       0.697264
            730         32.036         83.269       0.722165       0.697264
            731         33.342         68.683       0.673199       0.697264
            732         35.779         77.148       0.683170       0.697264
            733         25.376         70.692       0.735856       0.697264
            734         43.189         59.499       0.579415       0.697264
            735         30.058         70.333       0.700593       0.697264
            736         33.403         71.743       0.682318       0.697264
            737         20.260         66.084       0.765356       0.697264
            738         21.932         78.567       0.781769       0.697264
            739         23.442         62.568       0.727447       0.697264
            740         33.783         52.660       0.609187       0.697264
            741         26.099         77.783       0.748763       0.697264
            742         30.427         61.706       0.669751       0.697264
            743         25.770         81.717       0.760251       0.697264
            744         24.557         65.002       0.725805       0.697264
            745         29.971         64.767       0.683644       0.697264
            746         27.008         70.537       0.723122       0.697264
            747         27.646         80.767       0.744993       0.697264
            748         34.111         51.365       0.600926       0.697264
            749         38.219         73.765       0.658707       0.697264
            750         39.272         59.297       0.601580       0.697264
            751         27.536         67.446       0.710096       0.697264
            752         28.509         87.200       0.753617       0.697264
            753         35.715         74.229       0.675150       0.697264
            754         25.399         68.489       0.729477       0.697264
            755         31.157         82.942       0.726931       0.697264
            756         32.377         73.127       0.693121       0.697264
            757         25.214         59.386       0.701963       0.697264
            758         34.657         66.250       0.656546       0.697264
            759         39.481         65.145       0.622647       0.697264
            760         33.515         69.520       0.674719       0.697264
            761         29.628         68.983       0.699544       0.697264
            762         22.802         83.628       0.785757       0.804221
            763         23.565         88.736       0.790164       0.804221
            764         26.271         89.424       0.772926       0.804221
            765         14.377         85.643       0.856261       0.804221
            766         16.161         81.212       0.834026       0.804221
            767         28.249         92.550       0.766147       0.804221
            768         20.249         74.315       0.785868       0.804221
            769         19.752         77.620       0.797146       0.804221
            770         13.750         76.176       0.847095       0.804221
            771         11.462         85.275       0.881510       0.804221
            772         21.306         88.997       0.806838       0.804221
            773         14.587         82.844       0.850282       0.804221
            774         19.342         76.525       0.798238       0.804221
            775         11.502         83.564       0.879007       0.804221
            776         23.329         73.222       0.758377       0.804221
            777         15.331         80.750       0.840436       0.804221
            778         19.312         94.418       0.830194       0.804221
            779         19.820         75.479       0.792024       0.804221
            780         10.760         78.428       0.879356       0.804221
            781         20.271         78.759       0.795300       0.804221
            782         16.921         86.679       0.836672       0.804221
            783         21.625         70.895       0.766268       0.804221
            784         27.274         77.763       0.740341       0.804221
            785         22.105         72.999       0.767574       0.804221
            786         25.737         77.126       0.749795       0.804221
            787         18.082         75.139       0.806034       0.804221
            788         21.721         78.227       0.782679       0.804221
            789         23.048         83.441       0.783568       0.804221
            790         26.823         69.328       0.721031       0.697264
            791         34.606         72.955       0.678269       0.697264
            792         28.369         83.088       0.745475       0.697264
            793         26.782         70.412       0.724451       0.697264
            794         27.107         74.948       0.734388       0.697264
            795         31.474         59.988       0.655880       0.697264
            796         36.232         70.657       0.661029       0.697264
            797         25.178         77.080       0.753783       0.697264
            798         30.267         68.361       0.693122       0.697264
            799         29.293         58.305       0.665596       0.697264
            800         22.453         74.597       0.768647       0.697264
            801         30.088         72.875       0.707782       0.697264
            802         34.487         63.041       0.646388       0.697264
            803         28.609         73.736       0.720468       0.697264
            804         28.126         80.133       0.740195       0.697264
            805         31.293         67.977       0.684770       0.697264
            806         18.196         58.602       0.763065       0.697264
            807         31.297         55.995       0.641469       0.697264
            808         35.539         67.585       0.655377       0.697264
            809         31.333         67.885       0.684199       0.697264
            810         39.258         74.519       0.654955       0.697264
            811         30.823         69.925       0.694057       0.697264
            812         30.372         80.117       0.725115       0.697264
            813         30.302         64.432       0.680139       0.697264
            814         31.016         63.443       0.671646       0.697264
            815         28.400         62.228       0.686630       0.697264
            816         31.592         68.233       0.683525       0.697264
            817         33.927         77.535       0.695617       0.697264
            818         28.508         61.131       0.681967       0.697264
            819         41.434         86.005       0.674873       0.697264
            820         30.168         77.303       0.719293       0.697264
            821         28.372         77.692       0.732505       0.697264
            822         28.976         60.399       0.675789       0.697264
            823         22.928         65.274       0.740051       0.697264
            824         38.773         81.228       0.676898       0.697264
            825         35.335         87.545       0.712442       0.697264
            826         31.355         76.167       0.708384       0.697264
            827         24.077         63.703       0.725714       0.697264
            828         44.836         78.952       0.637799       0.697264
            829         20.878         64.415       0.755220       0.697264
            830         37.243         81.925       0.687474       0.697264
            831         31.206         69.698       0.690735       0.697264
            832         26.700         58.208       0.685539       0.697264
            833         19.015         83.437       0.814398       0.697264
            834         37.568         70.792       0.653303       0.697264
            835         29.979         58.632       0.661674       0.697264
            836         29.711         76.085       0.719169       0.697264
            837         33.393         77.934       0.700046       0.697264
            838         36.145         72.153       0.666245       0.697264
            839         25.972         62.788       0.707394       0.697264
            840         21.434         68.364       0.761308       0.697264
            841         32.606         61.108       0.652067       0.697264
            842         27.000         65.515       0.708155       0.697264
            843         34.132         66.001       0.659135       0.697264
            844         32.646         77.861       0.704580       0.697264
            845         33.904         61.393       0.644228       0.697264
            846         31.823         66.508       0.676370       0.697264
            847         40.308         68.634       0.630005       0.697264
            848         27.142         67.645       0.713649       0.697264
            849         33.746         63.748       0.653868       0.697264
            850         36.495         96.337       0.725253       0.697264
            851         41.039         86.058       0.677107       0.697264
            852         25.080         72.875       0.743965       0.697264
            853         28.023         81.952       0.745185       0.697264
            854         35.205         87.915       0.714058       0.697264
            855         27.751         85.331       0.754596       0.697264
            856         35.526         60.142       0.628652       0.697264
            857         29.528         65.318       0.688675       0.697264
            858         22.551         71.552       0.760359       0.697264
            859         27.436         64.400       0.701249       0.697264
            860         27.540         78.912       0.741291       0.697264
            861         30.229         55.050       0.645529       0.697264
            862         28.775         74.681       0.721862       0.697264
            863         29.455         75.243       0.718669       0.697264
            864         35.488         64.135       0.643776       0.697264
            865         23.873         84.532       0.779777       0.697264
            866         31.853         82.291       0.720939       0.697264
            867         24.868         70.545       0.739368       0.697264
            868         29.272         70.630       0.706995       0.697264
            869         35.029         66.582       0.655263       0.697264
            870         17.263         76.020       0.814935       0.697264
            871         29.640         73.767       0.713364       0.697264
            872         26.123         62.304       0.704578       0.697264
            873         31.382         65.546       0.676229       0.697264
            874         40.789         70.193       0.632471       0.697264
            875         32.478         60.659       0.651290       0.697264
            876         36.617         86.845       0.703413       0.697264
            877         35.668         87.897       0.711342       0.697264
            878         27.948         69.471       0.713116       0.697264
            879         35.639         80.877       0.694131       0.697264
            880         22.636         61.670       0.731507       0.697264
            881         27.161         74.337       0.732395       0.697264
            882         31.918         69.764       0.686097       0.697264
            883         32.045         70.034       0.686078       0.697264
            884         23.412         61.356       0.723811       0.697264
            885         28.043         72.595       0.721347       0.697264
            886         34.163         64.197       0.652675       0.697264
            887         26.917         72.223       0.728496       0.697264
            888         24.283         56.199       0.698284       0.697264
            889         23.109         63.695       0.733781       0.697264
            890         30.046         62.358       0.674842       0.697264
            891         34.666         76.349       0.687736       0.697264
            892         18.154         78.206       0.811607       0.697264
            893         40.200         60.602       0.601196       0.697264
            894         21.164         80.252       0.791313       0.697264
            895         38.425         68.780       0.641575       0.697264
            896         29.396         64.760       0.687797       0.697264
            897         29.026         84.369       0.744027       0.697264
            898         39.308         79.402       0.668876       0.697264
            899         32.862         68.473       0.675708       0.697264
            900         26.467         49.294       0.650650       0.697264
            901         27.581         68.054       0.711604       0.697264
            902         31.296         64.740       0.674124       0.697264
            903         36.646         71.332       0.660620       0.697264
            904         29.700         73.643       0.712609       0.697264
            905         29.082         66.816       0.696739       0.697264
            906         32.288         65.683       0.670437       0.697264
            907         29.298         80.106       0.732202       0.697264
            908         27.414         63.242       0.697606       0.697264
            909         30.152         67.216       0.690330       0.697264
            910         33.083         70.025       0.679143       0.697264
            911         19.877         67.128       0.771546       0.697264
            912         26.899         73.438       0.731912       0.697264
            913         33.671         56.158       0.625162       0.697264
            914         27.760         77.422       0.736077       0.697264
            915         24.461         82.654       0.771640       0.697264
            916         33.327         67.182       0.668421       0.697264
            917         32.265         68.918       0.681122       0.697264
            918         33.630         80.090       0.704273       0.697264
            919         25.625         70.651       0.733838       0.697264
            920         33.465         66.426       0.664984       0.697264
            921         22.371         50.893       0.694655       0.697264
            922         36.972         71.656       0.659642       0.697264
            923         30.410         70.865       0.699728       0.697264
            924         28.233         65.895       0.700057       0.697264
            925         27.913         49.910       0.641327       0.697264
            926         34.443         75.092       0.685554       0.697264
            927         34.237         65.617       0.657128       0.697264
            928         35.765         51.893       0.591995       0.697264
            929         27.787         63.234       0.694716       0.697264
            930         39.792         73.986       0.650263       0.697264
            931         19.392         69.060       0.780758       0.697264
            932         29.597         74.852       0.716638       0.697264
            933         27.688         73.568       0.726556       0.697264
            934         38.764         74.151       0.656696       0.697264
            935         29.347         86.703       0.747119       0.697264
            936         35.852         83.437       0.699452       0.697264
            937         32.366         82.518       0.718272       0.697264
            938         30.852         65.286       0.679089       0.697264
            939         28.568         72.027       0.716012       0.697264
            940         31.052         68.293       0.687437       0.697264
            941         31.853         86.078       0.729899       0.697264
            942         35.087         66.034       0.653017       0.697264
            943         34.804         74.632       0.681972       0.697264
            944         26.407         71.261       0.729625       0.697264
            945         35.001         60.484       0.633438       0.697264
            946         29.421         80.963       0.733469       0.697264
            947         24.327         69.889       0.741798       0.697264
            948         24.750         68.222       0.733790       0.697264
            949         25.204         79.529       0.759350       0.697264
            950         38.802         40.557       0.511062       0.697264
            951         36.430         69.498       0.656085       0.697264
            952         29.913         58.442       0.661448       0.697264
            953         30.269         71.763       0.703338       0.697264
            954         31.821         69.718       0.686616       0.697264
            955         30.241         64.114       0.679499       0.697264
            956         33.716         85.782       0.717854       0.697264
            957         35.022         66.728       0.655805       0.697264
            958         37.831         64.341       0.629730       0.697264
            959         32.785         68.376       0.675911       0.697264
            960         14.028         66.608       0.826038       0.697264
            961         20.480         54.983       0.728605       0.697264
            962         28.289         71.307       0.715964       0.697264
            963         27.103         82.235       0.752118       0.697264
            964         27.019         67.082       0.712870       0.697264
            965         36.188         70.047       0.659361       0.697264
            966         37.475         73.945       0.663663       0.697264
            967         31.682         75.131       0.703391       0.697264
            968         26.528         70.919       0.727768       0.697264
            969         37.735         68.546       0.644951       0.697264
            970         21.223         69.261       0.765447       0.697264
            971         40.491         56.693       0.583356       0.697264
            972         34.561         58.496       0.628607       0.697264
            973         36.491         50.907       0.582474       0.697264
            974         30.364         54.709       0.643079       0.697264
            975         31.503         64.354       0.671353       0.697264
            976         38.289         58.535       0.604547       0.697264
            977         36.733         68.021       0.649340       0.697264
            978         34.586         65.660       0.654987       0.697264
            979         24.547         69.556       0.739151       0.697264
            980         35.808         63.496       0.639410       0.697264
            981         27.503         58.217       0.679157       0.697264
            982         31.527         71.565       0.694189       0.697264
            983         34.263         69.172       0.668749       0.697264
            984         23.807         76.992       0.763821       0.697264
            985         30.935         58.044       0.652330       0.697264
            986         39.243         72.545       0.648950       0.697264
            987         31.772         67.225       0.679061       0.697264
            988         34.635         72.145       0.675638       0.697264
            989         35.049         73.977       0.678524       0.697264
            990         32.380         65.517       0.669241       0.697264
            991         29.529         70.627       0.705167       0.697264
            992         38.699         64.763       0.625956       0.697264
            993         42.623         67.739       0.613790       0.697264
            994         32.399         57.755       0.640624       0.697264
            995         29.279         71.036       0.708126       0.697264
            996         34.162         76.141       0.690287       0.697264
            997         28.812         79.112       0.733031       0.697264
            998         27.858         78.154       0.737214       0.697264
            999         28.459         73.083       0.719733       0.697264
           1000         31.043         71.000       0.695782       0.697264
